ID	X	Y	cluster	func	noise	original_trajectory
90479	0,1,2,3,4,5,6,7,8,9,10,11,12,13,14,15,16,17,18,19	150.0,125.0,104.166666667,86.8055555556,72.337962963,60.2816358025,50.2346965021,41.862247085,34.8852059042,29.0710049202,24.2258374335,20.1881978612,16.8234982177,14.0195818481,11.6829848734,9.73582072783,8.11318393986,6.76098661655,5.63415551379,4.69512959483	2	exponential	0	88000
90300	0,1,2,3,4,5,6,7,8,9,10,11,12,13,14,15,16,17,18,19	150.0,125.0,104.166666667,86.8055555556,72.337962963,60.2816358025,50.2346965021,41.862247085,34.8852059042,29.0710049202,24.2258374335,20.1881978612,16.8234982177,14.0195818481,11.6829848734,9.73582072783,8.11318393986,6.76098661655,5.63415551379,4.69512959483	2	exponential	0	88000
90776	0,1,2,3,4,5,6,7,8,9,10,11,12,13,14,15,16,17,18,19	150.0,125.0,104.166666667,86.8055555556,72.337962963,60.2816358025,50.2346965021,41.862247085,34.8852059042,29.0710049202,24.2258374335,20.1881978612,16.8234982177,14.0195818481,11.6829848734,9.73582072783,8.11318393986,6.76098661655,5.63415551379,4.69512959483	2	exponential	0	88000
90568	0,1,2,3,4,5,6,7,8,9,10,11,12,13,14,15,16,17,18,19	150.0,125.0,104.166666667,86.8055555556,72.337962963,60.2816358025,50.2346965021,41.862247085,34.8852059042,29.0710049202,24.2258374335,20.1881978612,16.8234982177,14.0195818481,11.6829848734,9.73582072783,8.11318393986,6.76098661655,5.63415551379,4.69512959483	2	exponential	0	88000
88844	0,1,2,3,4,5,6,7,8,9,10,11,12,13,14,15,16,17,18,19	150.0,125.0,104.166666667,86.8055555556,72.337962963,60.2816358025,50.2346965021,41.862247085,34.8852059042,29.0710049202,24.2258374335,20.1881978612,16.8234982177,14.0195818481,11.6829848734,9.73582072783,8.11318393986,6.76098661655,5.63415551379,4.69512959483	2	exponential	0	88000
91666	0,1,2,3,4,5,6,7,8,9,10,11,12,13,14,15,16,17,18,19	150.0,125.0,104.166666667,86.8055555556,72.337962963,60.2816358025,50.2346965021,41.862247085,34.8852059042,29.0710049202,24.2258374335,20.1881978612,16.8234982177,14.0195818481,11.6829848734,9.73582072783,8.11318393986,6.76098661655,5.63415551379,4.69512959483	2	exponential	0	88000
89639	0,1,2,3,4,5,6,7,8,9,10,11,12,13,14,15,16,17,18,19	150.0,125.0,104.166666667,86.8055555556,72.337962963,60.2816358025,50.2346965021,41.862247085,34.8852059042,29.0710049202,24.2258374335,20.1881978612,16.8234982177,14.0195818481,11.6829848734,9.73582072783,8.11318393986,6.76098661655,5.63415551379,4.69512959483	2	exponential	0	88000
90759	0,1,2,3,4,5,6,7,8,9,10,11,12,13,14,15,16,17,18,19	150.0,125.0,104.166666667,86.8055555556,72.337962963,60.2816358025,50.2346965021,41.862247085,34.8852059042,29.0710049202,24.2258374335,20.1881978612,16.8234982177,14.0195818481,11.6829848734,9.73582072783,8.11318393986,6.76098661655,5.63415551379,4.69512959483	2	exponential	0	88000
90576	0,1,2,3,4,5,6,7,8,9,10,11,12,13,14,15,16,17,18,19	150.0,125.0,104.166666667,86.8055555556,72.337962963,60.2816358025,50.2346965021,41.862247085,34.8852059042,29.0710049202,24.2258374335,20.1881978612,16.8234982177,14.0195818481,11.6829848734,9.73582072783,8.11318393986,6.76098661655,5.63415551379,4.69512959483	2	exponential	0	88000
89458	0,1,2,3,4,5,6,7,8,9,10,11,12,13,14,15,16,17,18,19	150.0,125.0,104.166666667,86.8055555556,72.337962963,60.2816358025,50.2346965021,41.862247085,34.8852059042,29.0710049202,24.2258374335,20.1881978612,16.8234982177,14.0195818481,11.6829848734,9.73582072783,8.11318393986,6.76098661655,5.63415551379,4.69512959483	2	exponential	0	88000
91193	0,1,2,3,4,5,6,7,8,9,10,11,12,13,14,15,16,17,18,19	150.0,125.0,104.166666667,86.8055555556,72.337962963,60.2816358025,50.2346965021,41.862247085,34.8852059042,29.0710049202,24.2258374335,20.1881978612,16.8234982177,14.0195818481,11.6829848734,9.73582072783,8.11318393986,6.76098661655,5.63415551379,4.69512959483	2	exponential	0	88000
88359	0,1,2,3,4,5,6,7,8,9,10,11,12,13,14,15,16,17,18,19	150.0,125.0,104.166666667,86.8055555556,72.337962963,60.2816358025,50.2346965021,41.862247085,34.8852059042,29.0710049202,24.2258374335,20.1881978612,16.8234982177,14.0195818481,11.6829848734,9.73582072783,8.11318393986,6.76098661655,5.63415551379,4.69512959483	2	exponential	0	88000
89148	0,1,2,3,4,5,6,7,8,9,10,11,12,13,14,15,16,17,18,19	150.0,125.0,104.166666667,86.8055555556,72.337962963,60.2816358025,50.2346965021,41.862247085,34.8852059042,29.0710049202,24.2258374335,20.1881978612,16.8234982177,14.0195818481,11.6829848734,9.73582072783,8.11318393986,6.76098661655,5.63415551379,4.69512959483	2	exponential	0	88000
88048	0,1,2,3,4,5,6,7,8,9,10,11,12,13,14,15,16,17,18,19	150.0,125.0,104.166666667,86.8055555556,72.337962963,60.2816358025,50.2346965021,41.862247085,34.8852059042,29.0710049202,24.2258374335,20.1881978612,16.8234982177,14.0195818481,11.6829848734,9.73582072783,8.11318393986,6.76098661655,5.63415551379,4.69512959483	2	exponential	0	88000
88404	0,1,2,3,4,5,6,7,8,9,10,11,12,13,14,15,16,17,18,19	150.0,125.0,104.166666667,86.8055555556,72.337962963,60.2816358025,50.2346965021,41.862247085,34.8852059042,29.0710049202,24.2258374335,20.1881978612,16.8234982177,14.0195818481,11.6829848734,9.73582072783,8.11318393986,6.76098661655,5.63415551379,4.69512959483	2	exponential	0	88000
89335	0,1,2,3,4,5,6,7,8,9,10,11,12,13,14,15,16,17,18,19	150.0,125.0,104.166666667,86.8055555556,72.337962963,60.2816358025,50.2346965021,41.862247085,34.8852059042,29.0710049202,24.2258374335,20.1881978612,16.8234982177,14.0195818481,11.6829848734,9.73582072783,8.11318393986,6.76098661655,5.63415551379,4.69512959483	2	exponential	0	88000
90629	0,1,2,3,4,5,6,7,8,9,10,11,12,13,14,15,16,17,18,19	150.0,125.0,104.166666667,86.8055555556,72.337962963,60.2816358025,50.2346965021,41.862247085,34.8852059042,29.0710049202,24.2258374335,20.1881978612,16.8234982177,14.0195818481,11.6829848734,9.73582072783,8.11318393986,6.76098661655,5.63415551379,4.69512959483	2	exponential	0	88000
90135	0,1,2,3,4,5,6,7,8,9,10,11,12,13,14,15,16,17,18,19	150.0,125.0,104.166666667,86.8055555556,72.337962963,60.2816358025,50.2346965021,41.862247085,34.8852059042,29.0710049202,24.2258374335,20.1881978612,16.8234982177,14.0195818481,11.6829848734,9.73582072783,8.11318393986,6.76098661655,5.63415551379,4.69512959483	2	exponential	0	88000
88354	0,1,2,3,4,5,6,7,8,9,10,11,12,13,14,15,16,17,18,19	150.0,125.0,104.166666667,86.8055555556,72.337962963,60.2816358025,50.2346965021,41.862247085,34.8852059042,29.0710049202,24.2258374335,20.1881978612,16.8234982177,14.0195818481,11.6829848734,9.73582072783,8.11318393986,6.76098661655,5.63415551379,4.69512959483	2	exponential	0	88000
90535	0,1,2,3,4,5,6,7,8,9,10,11,12,13,14,15,16,17,18,19	150.0,125.0,104.166666667,86.8055555556,72.337962963,60.2816358025,50.2346965021,41.862247085,34.8852059042,29.0710049202,24.2258374335,20.1881978612,16.8234982177,14.0195818481,11.6829848734,9.73582072783,8.11318393986,6.76098661655,5.63415551379,4.69512959483	2	exponential	0	88000
89796	0,1,2,3,4,5,6,7,8,9,10,11,12,13,14,15,16,17,18,19	150.0,125.0,104.166666667,86.8055555556,72.337962963,60.2816358025,50.2346965021,41.862247085,34.8852059042,29.0710049202,24.2258374335,20.1881978612,16.8234982177,14.0195818481,11.6829848734,9.73582072783,8.11318393986,6.76098661655,5.63415551379,4.69512959483	2	exponential	0	88000
91209	0,1,2,3,4,5,6,7,8,9,10,11,12,13,14,15,16,17,18,19	150.0,125.0,104.166666667,86.8055555556,72.337962963,60.2816358025,50.2346965021,41.862247085,34.8852059042,29.0710049202,24.2258374335,20.1881978612,16.8234982177,14.0195818481,11.6829848734,9.73582072783,8.11318393986,6.76098661655,5.63415551379,4.69512959483	2	exponential	0	88000
91161	0,1,2,3,4,5,6,7,8,9,10,11,12,13,14,15,16,17,18,19	150.0,125.0,104.166666667,86.8055555556,72.337962963,60.2816358025,50.2346965021,41.862247085,34.8852059042,29.0710049202,24.2258374335,20.1881978612,16.8234982177,14.0195818481,11.6829848734,9.73582072783,8.11318393986,6.76098661655,5.63415551379,4.69512959483	2	exponential	0	88000
88531	0,1,2,3,4,5,6,7,8,9,10,11,12,13,14,15,16,17,18,19	150.0,125.0,104.166666667,86.8055555556,72.337962963,60.2816358025,50.2346965021,41.862247085,34.8852059042,29.0710049202,24.2258374335,20.1881978612,16.8234982177,14.0195818481,11.6829848734,9.73582072783,8.11318393986,6.76098661655,5.63415551379,4.69512959483	2	exponential	0	88000
91997	0,1,2,3,4,5,6,7,8,9,10,11,12,13,14,15,16,17,18,19	150.0,125.0,104.166666667,86.8055555556,72.337962963,60.2816358025,50.2346965021,41.862247085,34.8852059042,29.0710049202,24.2258374335,20.1881978612,16.8234982177,14.0195818481,11.6829848734,9.73582072783,8.11318393986,6.76098661655,5.63415551379,4.69512959483	2	exponential	0	88000
91043	0,1,2,3,4,5,6,7,8,9,10,11,12,13,14,15,16,17,18,19	150.0,125.0,104.166666667,86.8055555556,72.337962963,60.2816358025,50.2346965021,41.862247085,34.8852059042,29.0710049202,24.2258374335,20.1881978612,16.8234982177,14.0195818481,11.6829848734,9.73582072783,8.11318393986,6.76098661655,5.63415551379,4.69512959483	2	exponential	0	88000
90789	0,1,2,3,4,5,6,7,8,9,10,11,12,13,14,15,16,17,18,19	150.0,125.0,104.166666667,86.8055555556,72.337962963,60.2816358025,50.2346965021,41.862247085,34.8852059042,29.0710049202,24.2258374335,20.1881978612,16.8234982177,14.0195818481,11.6829848734,9.73582072783,8.11318393986,6.76098661655,5.63415551379,4.69512959483	2	exponential	0	88000
88032	0,1,2,3,4,5,6,7,8,9,10,11,12,13,14,15,16,17,18,19	150.0,125.0,104.166666667,86.8055555556,72.337962963,60.2816358025,50.2346965021,41.862247085,34.8852059042,29.0710049202,24.2258374335,20.1881978612,16.8234982177,14.0195818481,11.6829848734,9.73582072783,8.11318393986,6.76098661655,5.63415551379,4.69512959483	2	exponential	0	88000
90326	0,1,2,3,4,5,6,7,8,9,10,11,12,13,14,15,16,17,18,19	150.0,125.0,104.166666667,86.8055555556,72.337962963,60.2816358025,50.2346965021,41.862247085,34.8852059042,29.0710049202,24.2258374335,20.1881978612,16.8234982177,14.0195818481,11.6829848734,9.73582072783,8.11318393986,6.76098661655,5.63415551379,4.69512959483	2	exponential	0	88000
91551	0,1,2,3,4,5,6,7,8,9,10,11,12,13,14,15,16,17,18,19	150.0,125.0,104.166666667,86.8055555556,72.337962963,60.2816358025,50.2346965021,41.862247085,34.8852059042,29.0710049202,24.2258374335,20.1881978612,16.8234982177,14.0195818481,11.6829848734,9.73582072783,8.11318393986,6.76098661655,5.63415551379,4.69512959483	2	exponential	0	88000
91228	0,1,2,3,4,5,6,7,8,9,10,11,12,13,14,15,16,17,18,19	150.0,125.0,104.166666667,86.8055555556,72.337962963,60.2816358025,50.2346965021,41.862247085,34.8852059042,29.0710049202,24.2258374335,20.1881978612,16.8234982177,14.0195818481,11.6829848734,9.73582072783,8.11318393986,6.76098661655,5.63415551379,4.69512959483	2	exponential	0	88000
91033	0,1,2,3,4,5,6,7,8,9,10,11,12,13,14,15,16,17,18,19	150.0,125.0,104.166666667,86.8055555556,72.337962963,60.2816358025,50.2346965021,41.862247085,34.8852059042,29.0710049202,24.2258374335,20.1881978612,16.8234982177,14.0195818481,11.6829848734,9.73582072783,8.11318393986,6.76098661655,5.63415551379,4.69512959483	2	exponential	0	88000
88720	0,1,2,3,4,5,6,7,8,9,10,11,12,13,14,15,16,17,18,19	150.0,125.0,104.166666667,86.8055555556,72.337962963,60.2816358025,50.2346965021,41.862247085,34.8852059042,29.0710049202,24.2258374335,20.1881978612,16.8234982177,14.0195818481,11.6829848734,9.73582072783,8.11318393986,6.76098661655,5.63415551379,4.69512959483	2	exponential	0	88000
91925	0,1,2,3,4,5,6,7,8,9,10,11,12,13,14,15,16,17,18,19	150.0,125.0,104.166666667,86.8055555556,72.337962963,60.2816358025,50.2346965021,41.862247085,34.8852059042,29.0710049202,24.2258374335,20.1881978612,16.8234982177,14.0195818481,11.6829848734,9.73582072783,8.11318393986,6.76098661655,5.63415551379,4.69512959483	2	exponential	0	88000
89680	0,1,2,3,4,5,6,7,8,9,10,11,12,13,14,15,16,17,18,19	150.0,125.0,104.166666667,86.8055555556,72.337962963,60.2816358025,50.2346965021,41.862247085,34.8852059042,29.0710049202,24.2258374335,20.1881978612,16.8234982177,14.0195818481,11.6829848734,9.73582072783,8.11318393986,6.76098661655,5.63415551379,4.69512959483	2	exponential	0	88000
88236	0,1,2,3,4,5,6,7,8,9,10,11,12,13,14,15,16,17,18,19	150.0,125.0,104.166666667,86.8055555556,72.337962963,60.2816358025,50.2346965021,41.862247085,34.8852059042,29.0710049202,24.2258374335,20.1881978612,16.8234982177,14.0195818481,11.6829848734,9.73582072783,8.11318393986,6.76098661655,5.63415551379,4.69512959483	2	exponential	0	88000
90443	0,1,2,3,4,5,6,7,8,9,10,11,12,13,14,15,16,17,18,19	150.0,125.0,104.166666667,86.8055555556,72.337962963,60.2816358025,50.2346965021,41.862247085,34.8852059042,29.0710049202,24.2258374335,20.1881978612,16.8234982177,14.0195818481,11.6829848734,9.73582072783,8.11318393986,6.76098661655,5.63415551379,4.69512959483	2	exponential	0	88000
88245	0,1,2,3,4,5,6,7,8,9,10,11,12,13,14,15,16,17,18,19	150.0,125.0,104.166666667,86.8055555556,72.337962963,60.2816358025,50.2346965021,41.862247085,34.8852059042,29.0710049202,24.2258374335,20.1881978612,16.8234982177,14.0195818481,11.6829848734,9.73582072783,8.11318393986,6.76098661655,5.63415551379,4.69512959483	2	exponential	0	88000
91017	0,1,2,3,4,5,6,7,8,9,10,11,12,13,14,15,16,17,18,19	150.0,125.0,104.166666667,86.8055555556,72.337962963,60.2816358025,50.2346965021,41.862247085,34.8852059042,29.0710049202,24.2258374335,20.1881978612,16.8234982177,14.0195818481,11.6829848734,9.73582072783,8.11318393986,6.76098661655,5.63415551379,4.69512959483	2	exponential	0	88000
90938	0,1,2,3,4,5,6,7,8,9,10,11,12,13,14,15,16,17,18,19	150.0,125.0,104.166666667,86.8055555556,72.337962963,60.2816358025,50.2346965021,41.862247085,34.8852059042,29.0710049202,24.2258374335,20.1881978612,16.8234982177,14.0195818481,11.6829848734,9.73582072783,8.11318393986,6.76098661655,5.63415551379,4.69512959483	2	exponential	0	88000
89590	0,1,2,3,4,5,6,7,8,9,10,11,12,13,14,15,16,17,18,19	150.0,125.0,104.166666667,86.8055555556,72.337962963,60.2816358025,50.2346965021,41.862247085,34.8852059042,29.0710049202,24.2258374335,20.1881978612,16.8234982177,14.0195818481,11.6829848734,9.73582072783,8.11318393986,6.76098661655,5.63415551379,4.69512959483	2	exponential	0	88000
90814	0,1,2,3,4,5,6,7,8,9,10,11,12,13,14,15,16,17,18,19	150.0,125.0,104.166666667,86.8055555556,72.337962963,60.2816358025,50.2346965021,41.862247085,34.8852059042,29.0710049202,24.2258374335,20.1881978612,16.8234982177,14.0195818481,11.6829848734,9.73582072783,8.11318393986,6.76098661655,5.63415551379,4.69512959483	2	exponential	0	88000
88103	0,1,2,3,4,5,6,7,8,9,10,11,12,13,14,15,16,17,18,19	150.0,125.0,104.166666667,86.8055555556,72.337962963,60.2816358025,50.2346965021,41.862247085,34.8852059042,29.0710049202,24.2258374335,20.1881978612,16.8234982177,14.0195818481,11.6829848734,9.73582072783,8.11318393986,6.76098661655,5.63415551379,4.69512959483	2	exponential	0	88000
90533	0,1,2,3,4,5,6,7,8,9,10,11,12,13,14,15,16,17,18,19	150.0,125.0,104.166666667,86.8055555556,72.337962963,60.2816358025,50.2346965021,41.862247085,34.8852059042,29.0710049202,24.2258374335,20.1881978612,16.8234982177,14.0195818481,11.6829848734,9.73582072783,8.11318393986,6.76098661655,5.63415551379,4.69512959483	2	exponential	0	88000
90314	0,1,2,3,4,5,6,7,8,9,10,11,12,13,14,15,16,17,18,19	150.0,125.0,104.166666667,86.8055555556,72.337962963,60.2816358025,50.2346965021,41.862247085,34.8852059042,29.0710049202,24.2258374335,20.1881978612,16.8234982177,14.0195818481,11.6829848734,9.73582072783,8.11318393986,6.76098661655,5.63415551379,4.69512959483	2	exponential	0	88000
90662	0,1,2,3,4,5,6,7,8,9,10,11,12,13,14,15,16,17,18,19	150.0,125.0,104.166666667,86.8055555556,72.337962963,60.2816358025,50.2346965021,41.862247085,34.8852059042,29.0710049202,24.2258374335,20.1881978612,16.8234982177,14.0195818481,11.6829848734,9.73582072783,8.11318393986,6.76098661655,5.63415551379,4.69512959483	2	exponential	0	88000
89053	0,1,2,3,4,5,6,7,8,9,10,11,12,13,14,15,16,17,18,19	150.0,125.0,104.166666667,86.8055555556,72.337962963,60.2816358025,50.2346965021,41.862247085,34.8852059042,29.0710049202,24.2258374335,20.1881978612,16.8234982177,14.0195818481,11.6829848734,9.73582072783,8.11318393986,6.76098661655,5.63415551379,4.69512959483	2	exponential	0	88000
89899	0,1,2,3,4,5,6,7,8,9,10,11,12,13,14,15,16,17,18,19	150.0,125.0,104.166666667,86.8055555556,72.337962963,60.2816358025,50.2346965021,41.862247085,34.8852059042,29.0710049202,24.2258374335,20.1881978612,16.8234982177,14.0195818481,11.6829848734,9.73582072783,8.11318393986,6.76098661655,5.63415551379,4.69512959483	2	exponential	0	88000
88416	0,1,2,3,4,5,6,7,8,9,10,11,12,13,14,15,16,17,18,19	150.0,125.0,104.166666667,86.8055555556,72.337962963,60.2816358025,50.2346965021,41.862247085,34.8852059042,29.0710049202,24.2258374335,20.1881978612,16.8234982177,14.0195818481,11.6829848734,9.73582072783,8.11318393986,6.76098661655,5.63415551379,4.69512959483	2	exponential	0	88000
90206	0,1,2,3,4,5,6,7,8,9,10,11,12,13,14,15,16,17,18,19	150.0,125.0,104.166666667,86.8055555556,72.337962963,60.2816358025,50.2346965021,41.862247085,34.8852059042,29.0710049202,24.2258374335,20.1881978612,16.8234982177,14.0195818481,11.6829848734,9.73582072783,8.11318393986,6.76098661655,5.63415551379,4.69512959483	2	exponential	0	88000
90199	0,1,2,3,4,5,6,7,8,9,10,11,12,13,14,15,16,17,18,19	150.0,125.0,104.166666667,86.8055555556,72.337962963,60.2816358025,50.2346965021,41.862247085,34.8852059042,29.0710049202,24.2258374335,20.1881978612,16.8234982177,14.0195818481,11.6829848734,9.73582072783,8.11318393986,6.76098661655,5.63415551379,4.69512959483	2	exponential	0	88000
90863	0,1,2,3,4,5,6,7,8,9,10,11,12,13,14,15,16,17,18,19	150.0,125.0,104.166666667,86.8055555556,72.337962963,60.2816358025,50.2346965021,41.862247085,34.8852059042,29.0710049202,24.2258374335,20.1881978612,16.8234982177,14.0195818481,11.6829848734,9.73582072783,8.11318393986,6.76098661655,5.63415551379,4.69512959483	2	exponential	0	88000
88561	0,1,2,3,4,5,6,7,8,9,10,11,12,13,14,15,16,17,18,19	150.0,125.0,104.166666667,86.8055555556,72.337962963,60.2816358025,50.2346965021,41.862247085,34.8852059042,29.0710049202,24.2258374335,20.1881978612,16.8234982177,14.0195818481,11.6829848734,9.73582072783,8.11318393986,6.76098661655,5.63415551379,4.69512959483	2	exponential	0	88000
91278	0,1,2,3,4,5,6,7,8,9,10,11,12,13,14,15,16,17,18,19	150.0,125.0,104.166666667,86.8055555556,72.337962963,60.2816358025,50.2346965021,41.862247085,34.8852059042,29.0710049202,24.2258374335,20.1881978612,16.8234982177,14.0195818481,11.6829848734,9.73582072783,8.11318393986,6.76098661655,5.63415551379,4.69512959483	2	exponential	0	88000
89980	0,1,2,3,4,5,6,7,8,9,10,11,12,13,14,15,16,17,18,19	150.0,125.0,104.166666667,86.8055555556,72.337962963,60.2816358025,50.2346965021,41.862247085,34.8852059042,29.0710049202,24.2258374335,20.1881978612,16.8234982177,14.0195818481,11.6829848734,9.73582072783,8.11318393986,6.76098661655,5.63415551379,4.69512959483	2	exponential	0	88000
89955	0,1,2,3,4,5,6,7,8,9,10,11,12,13,14,15,16,17,18,19	150.0,125.0,104.166666667,86.8055555556,72.337962963,60.2816358025,50.2346965021,41.862247085,34.8852059042,29.0710049202,24.2258374335,20.1881978612,16.8234982177,14.0195818481,11.6829848734,9.73582072783,8.11318393986,6.76098661655,5.63415551379,4.69512959483	2	exponential	0	88000
88148	0,1,2,3,4,5,6,7,8,9,10,11,12,13,14,15,16,17,18,19	150.0,125.0,104.166666667,86.8055555556,72.337962963,60.2816358025,50.2346965021,41.862247085,34.8852059042,29.0710049202,24.2258374335,20.1881978612,16.8234982177,14.0195818481,11.6829848734,9.73582072783,8.11318393986,6.76098661655,5.63415551379,4.69512959483	2	exponential	0	88000
91491	0,1,2,3,4,5,6,7,8,9,10,11,12,13,14,15,16,17,18,19	150.0,125.0,104.166666667,86.8055555556,72.337962963,60.2816358025,50.2346965021,41.862247085,34.8852059042,29.0710049202,24.2258374335,20.1881978612,16.8234982177,14.0195818481,11.6829848734,9.73582072783,8.11318393986,6.76098661655,5.63415551379,4.69512959483	2	exponential	0	88000
90653	0,1,2,3,4,5,6,7,8,9,10,11,12,13,14,15,16,17,18,19	150.0,125.0,104.166666667,86.8055555556,72.337962963,60.2816358025,50.2346965021,41.862247085,34.8852059042,29.0710049202,24.2258374335,20.1881978612,16.8234982177,14.0195818481,11.6829848734,9.73582072783,8.11318393986,6.76098661655,5.63415551379,4.69512959483	2	exponential	0	88000
88095	0,1,2,3,4,5,6,7,8,9,10,11,12,13,14,15,16,17,18,19	150.0,125.0,104.166666667,86.8055555556,72.337962963,60.2816358025,50.2346965021,41.862247085,34.8852059042,29.0710049202,24.2258374335,20.1881978612,16.8234982177,14.0195818481,11.6829848734,9.73582072783,8.11318393986,6.76098661655,5.63415551379,4.69512959483	2	exponential	0	88000
89395	0,1,2,3,4,5,6,7,8,9,10,11,12,13,14,15,16,17,18,19	150.0,125.0,104.166666667,86.8055555556,72.337962963,60.2816358025,50.2346965021,41.862247085,34.8852059042,29.0710049202,24.2258374335,20.1881978612,16.8234982177,14.0195818481,11.6829848734,9.73582072783,8.11318393986,6.76098661655,5.63415551379,4.69512959483	2	exponential	0	88000
89847	0,1,2,3,4,5,6,7,8,9,10,11,12,13,14,15,16,17,18,19	150.0,125.0,104.166666667,86.8055555556,72.337962963,60.2816358025,50.2346965021,41.862247085,34.8852059042,29.0710049202,24.2258374335,20.1881978612,16.8234982177,14.0195818481,11.6829848734,9.73582072783,8.11318393986,6.76098661655,5.63415551379,4.69512959483	2	exponential	0	88000
90424	0,1,2,3,4,5,6,7,8,9,10,11,12,13,14,15,16,17,18,19	150.0,125.0,104.166666667,86.8055555556,72.337962963,60.2816358025,50.2346965021,41.862247085,34.8852059042,29.0710049202,24.2258374335,20.1881978612,16.8234982177,14.0195818481,11.6829848734,9.73582072783,8.11318393986,6.76098661655,5.63415551379,4.69512959483	2	exponential	0	88000
88031	0,1,2,3,4,5,6,7,8,9,10,11,12,13,14,15,16,17,18,19	150.0,125.0,104.166666667,86.8055555556,72.337962963,60.2816358025,50.2346965021,41.862247085,34.8852059042,29.0710049202,24.2258374335,20.1881978612,16.8234982177,14.0195818481,11.6829848734,9.73582072783,8.11318393986,6.76098661655,5.63415551379,4.69512959483	2	exponential	0	88000
88492	0,1,2,3,4,5,6,7,8,9,10,11,12,13,14,15,16,17,18,19	150.0,125.0,104.166666667,86.8055555556,72.337962963,60.2816358025,50.2346965021,41.862247085,34.8852059042,29.0710049202,24.2258374335,20.1881978612,16.8234982177,14.0195818481,11.6829848734,9.73582072783,8.11318393986,6.76098661655,5.63415551379,4.69512959483	2	exponential	0	88000
88043	0,1,2,3,4,5,6,7,8,9,10,11,12,13,14,15,16,17,18,19	150.0,125.0,104.166666667,86.8055555556,72.337962963,60.2816358025,50.2346965021,41.862247085,34.8852059042,29.0710049202,24.2258374335,20.1881978612,16.8234982177,14.0195818481,11.6829848734,9.73582072783,8.11318393986,6.76098661655,5.63415551379,4.69512959483	2	exponential	0	88000
89699	0,1,2,3,4,5,6,7,8,9,10,11,12,13,14,15,16,17,18,19	150.0,125.0,104.166666667,86.8055555556,72.337962963,60.2816358025,50.2346965021,41.862247085,34.8852059042,29.0710049202,24.2258374335,20.1881978612,16.8234982177,14.0195818481,11.6829848734,9.73582072783,8.11318393986,6.76098661655,5.63415551379,4.69512959483	2	exponential	0	88000
90998	0,1,2,3,4,5,6,7,8,9,10,11,12,13,14,15,16,17,18,19	150.0,125.0,104.166666667,86.8055555556,72.337962963,60.2816358025,50.2346965021,41.862247085,34.8852059042,29.0710049202,24.2258374335,20.1881978612,16.8234982177,14.0195818481,11.6829848734,9.73582072783,8.11318393986,6.76098661655,5.63415551379,4.69512959483	2	exponential	0	88000
88484	0,1,2,3,4,5,6,7,8,9,10,11,12,13,14,15,16,17,18,19	150.0,125.0,104.166666667,86.8055555556,72.337962963,60.2816358025,50.2346965021,41.862247085,34.8852059042,29.0710049202,24.2258374335,20.1881978612,16.8234982177,14.0195818481,11.6829848734,9.73582072783,8.11318393986,6.76098661655,5.63415551379,4.69512959483	2	exponential	0	88000
88366	0,1,2,3,4,5,6,7,8,9,10,11,12,13,14,15,16,17,18,19	150.0,125.0,104.166666667,86.8055555556,72.337962963,60.2816358025,50.2346965021,41.862247085,34.8852059042,29.0710049202,24.2258374335,20.1881978612,16.8234982177,14.0195818481,11.6829848734,9.73582072783,8.11318393986,6.76098661655,5.63415551379,4.69512959483	2	exponential	0	88000
89508	0,1,2,3,4,5,6,7,8,9,10,11,12,13,14,15,16,17,18,19	150.0,125.0,104.166666667,86.8055555556,72.337962963,60.2816358025,50.2346965021,41.862247085,34.8852059042,29.0710049202,24.2258374335,20.1881978612,16.8234982177,14.0195818481,11.6829848734,9.73582072783,8.11318393986,6.76098661655,5.63415551379,4.69512959483	2	exponential	0	88000
91738	0,1,2,3,4,5,6,7,8,9,10,11,12,13,14,15,16,17,18,19	150.0,125.0,104.166666667,86.8055555556,72.337962963,60.2816358025,50.2346965021,41.862247085,34.8852059042,29.0710049202,24.2258374335,20.1881978612,16.8234982177,14.0195818481,11.6829848734,9.73582072783,8.11318393986,6.76098661655,5.63415551379,4.69512959483	2	exponential	0	88000
91000	0,1,2,3,4,5,6,7,8,9,10,11,12,13,14,15,16,17,18,19	150.0,125.0,104.166666667,86.8055555556,72.337962963,60.2816358025,50.2346965021,41.862247085,34.8852059042,29.0710049202,24.2258374335,20.1881978612,16.8234982177,14.0195818481,11.6829848734,9.73582072783,8.11318393986,6.76098661655,5.63415551379,4.69512959483	2	exponential	0	88000
90801	0,1,2,3,4,5,6,7,8,9,10,11,12,13,14,15,16,17,18,19	150.0,125.0,104.166666667,86.8055555556,72.337962963,60.2816358025,50.2346965021,41.862247085,34.8852059042,29.0710049202,24.2258374335,20.1881978612,16.8234982177,14.0195818481,11.6829848734,9.73582072783,8.11318393986,6.76098661655,5.63415551379,4.69512959483	2	exponential	0	88000
88140	0,1,2,3,4,5,6,7,8,9,10,11,12,13,14,15,16,17,18,19	150.0,125.0,104.166666667,86.8055555556,72.337962963,60.2816358025,50.2346965021,41.862247085,34.8852059042,29.0710049202,24.2258374335,20.1881978612,16.8234982177,14.0195818481,11.6829848734,9.73582072783,8.11318393986,6.76098661655,5.63415551379,4.69512959483	2	exponential	0	88000
91227	0,1,2,3,4,5,6,7,8,9,10,11,12,13,14,15,16,17,18,19	150.0,125.0,104.166666667,86.8055555556,72.337962963,60.2816358025,50.2346965021,41.862247085,34.8852059042,29.0710049202,24.2258374335,20.1881978612,16.8234982177,14.0195818481,11.6829848734,9.73582072783,8.11318393986,6.76098661655,5.63415551379,4.69512959483	2	exponential	0	88000
88251	0,1,2,3,4,5,6,7,8,9,10,11,12,13,14,15,16,17,18,19	150.0,125.0,104.166666667,86.8055555556,72.337962963,60.2816358025,50.2346965021,41.862247085,34.8852059042,29.0710049202,24.2258374335,20.1881978612,16.8234982177,14.0195818481,11.6829848734,9.73582072783,8.11318393986,6.76098661655,5.63415551379,4.69512959483	2	exponential	0	88000
88301	0,1,2,3,4,5,6,7,8,9,10,11,12,13,14,15,16,17,18,19	150.0,125.0,104.166666667,86.8055555556,72.337962963,60.2816358025,50.2346965021,41.862247085,34.8852059042,29.0710049202,24.2258374335,20.1881978612,16.8234982177,14.0195818481,11.6829848734,9.73582072783,8.11318393986,6.76098661655,5.63415551379,4.69512959483	2	exponential	0	88000
91176	0,1,2,3,4,5,6,7,8,9,10,11,12,13,14,15,16,17,18,19	150.0,125.0,104.166666667,86.8055555556,72.337962963,60.2816358025,50.2346965021,41.862247085,34.8852059042,29.0710049202,24.2258374335,20.1881978612,16.8234982177,14.0195818481,11.6829848734,9.73582072783,8.11318393986,6.76098661655,5.63415551379,4.69512959483	2	exponential	0	88000
90331	0,1,2,3,4,5,6,7,8,9,10,11,12,13,14,15,16,17,18,19	150.0,125.0,104.166666667,86.8055555556,72.337962963,60.2816358025,50.2346965021,41.862247085,34.8852059042,29.0710049202,24.2258374335,20.1881978612,16.8234982177,14.0195818481,11.6829848734,9.73582072783,8.11318393986,6.76098661655,5.63415551379,4.69512959483	2	exponential	0	88000
89821	0,1,2,3,4,5,6,7,8,9,10,11,12,13,14,15,16,17,18,19	150.0,125.0,104.166666667,86.8055555556,72.337962963,60.2816358025,50.2346965021,41.862247085,34.8852059042,29.0710049202,24.2258374335,20.1881978612,16.8234982177,14.0195818481,11.6829848734,9.73582072783,8.11318393986,6.76098661655,5.63415551379,4.69512959483	2	exponential	0	88000
90532	0,1,2,3,4,5,6,7,8,9,10,11,12,13,14,15,16,17,18,19	150.0,125.0,104.166666667,86.8055555556,72.337962963,60.2816358025,50.2346965021,41.862247085,34.8852059042,29.0710049202,24.2258374335,20.1881978612,16.8234982177,14.0195818481,11.6829848734,9.73582072783,8.11318393986,6.76098661655,5.63415551379,4.69512959483	2	exponential	0	88000
90420	0,1,2,3,4,5,6,7,8,9,10,11,12,13,14,15,16,17,18,19	150.0,125.0,104.166666667,86.8055555556,72.337962963,60.2816358025,50.2346965021,41.862247085,34.8852059042,29.0710049202,24.2258374335,20.1881978612,16.8234982177,14.0195818481,11.6829848734,9.73582072783,8.11318393986,6.76098661655,5.63415551379,4.69512959483	2	exponential	0	88000
91502	0,1,2,3,4,5,6,7,8,9,10,11,12,13,14,15,16,17,18,19	150.0,125.0,104.166666667,86.8055555556,72.337962963,60.2816358025,50.2346965021,41.862247085,34.8852059042,29.0710049202,24.2258374335,20.1881978612,16.8234982177,14.0195818481,11.6829848734,9.73582072783,8.11318393986,6.76098661655,5.63415551379,4.69512959483	2	exponential	0	88000
88989	0,1,2,3,4,5,6,7,8,9,10,11,12,13,14,15,16,17,18,19	150.0,125.0,104.166666667,86.8055555556,72.337962963,60.2816358025,50.2346965021,41.862247085,34.8852059042,29.0710049202,24.2258374335,20.1881978612,16.8234982177,14.0195818481,11.6829848734,9.73582072783,8.11318393986,6.76098661655,5.63415551379,4.69512959483	2	exponential	0	88000
90634	0,1,2,3,4,5,6,7,8,9,10,11,12,13,14,15,16,17,18,19	150.0,125.0,104.166666667,86.8055555556,72.337962963,60.2816358025,50.2346965021,41.862247085,34.8852059042,29.0710049202,24.2258374335,20.1881978612,16.8234982177,14.0195818481,11.6829848734,9.73582072783,8.11318393986,6.76098661655,5.63415551379,4.69512959483	2	exponential	0	88000
91115	0,1,2,3,4,5,6,7,8,9,10,11,12,13,14,15,16,17,18,19	150.0,125.0,104.166666667,86.8055555556,72.337962963,60.2816358025,50.2346965021,41.862247085,34.8852059042,29.0710049202,24.2258374335,20.1881978612,16.8234982177,14.0195818481,11.6829848734,9.73582072783,8.11318393986,6.76098661655,5.63415551379,4.69512959483	2	exponential	0	88000
89290	0,1,2,3,4,5,6,7,8,9,10,11,12,13,14,15,16,17,18,19	150.0,125.0,104.166666667,86.8055555556,72.337962963,60.2816358025,50.2346965021,41.862247085,34.8852059042,29.0710049202,24.2258374335,20.1881978612,16.8234982177,14.0195818481,11.6829848734,9.73582072783,8.11318393986,6.76098661655,5.63415551379,4.69512959483	2	exponential	0	88000
88464	0,1,2,3,4,5,6,7,8,9,10,11,12,13,14,15,16,17,18,19	150.0,125.0,104.166666667,86.8055555556,72.337962963,60.2816358025,50.2346965021,41.862247085,34.8852059042,29.0710049202,24.2258374335,20.1881978612,16.8234982177,14.0195818481,11.6829848734,9.73582072783,8.11318393986,6.76098661655,5.63415551379,4.69512959483	2	exponential	0	88000
90272	0,1,2,3,4,5,6,7,8,9,10,11,12,13,14,15,16,17,18,19	150.0,125.0,104.166666667,86.8055555556,72.337962963,60.2816358025,50.2346965021,41.862247085,34.8852059042,29.0710049202,24.2258374335,20.1881978612,16.8234982177,14.0195818481,11.6829848734,9.73582072783,8.11318393986,6.76098661655,5.63415551379,4.69512959483	2	exponential	0	88000
88810	0,1,2,3,4,5,6,7,8,9,10,11,12,13,14,15,16,17,18,19	150.0,125.0,104.166666667,86.8055555556,72.337962963,60.2816358025,50.2346965021,41.862247085,34.8852059042,29.0710049202,24.2258374335,20.1881978612,16.8234982177,14.0195818481,11.6829848734,9.73582072783,8.11318393986,6.76098661655,5.63415551379,4.69512959483	2	exponential	0	88000
88100	0,1,2,3,4,5,6,7,8,9,10,11,12,13,14,15,16,17,18,19	150.0,125.0,104.166666667,86.8055555556,72.337962963,60.2816358025,50.2346965021,41.862247085,34.8852059042,29.0710049202,24.2258374335,20.1881978612,16.8234982177,14.0195818481,11.6829848734,9.73582072783,8.11318393986,6.76098661655,5.63415551379,4.69512959483	2	exponential	0	88000
88053	0,1,2,3,4,5,6,7,8,9,10,11,12,13,14,15,16,17,18,19	150.0,125.0,104.166666667,86.8055555556,72.337962963,60.2816358025,50.2346965021,41.862247085,34.8852059042,29.0710049202,24.2258374335,20.1881978612,16.8234982177,14.0195818481,11.6829848734,9.73582072783,8.11318393986,6.76098661655,5.63415551379,4.69512959483	2	exponential	0	88000
88172	0,1,2,3,4,5,6,7,8,9,10,11,12,13,14,15,16,17,18,19	150.0,125.0,104.166666667,86.8055555556,72.337962963,60.2816358025,50.2346965021,41.862247085,34.8852059042,29.0710049202,24.2258374335,20.1881978612,16.8234982177,14.0195818481,11.6829848734,9.73582072783,8.11318393986,6.76098661655,5.63415551379,4.69512959483	2	exponential	0	88000
89277	0,1,2,3,4,5,6,7,8,9,10,11,12,13,14,15,16,17,18,19	150.0,125.0,104.166666667,86.8055555556,72.337962963,60.2816358025,50.2346965021,41.862247085,34.8852059042,29.0710049202,24.2258374335,20.1881978612,16.8234982177,14.0195818481,11.6829848734,9.73582072783,8.11318393986,6.76098661655,5.63415551379,4.69512959483	2	exponential	0	88000
91336	0,1,2,3,4,5,6,7,8,9,10,11,12,13,14,15,16,17,18,19	150.0,125.0,104.166666667,86.8055555556,72.337962963,60.2816358025,50.2346965021,41.862247085,34.8852059042,29.0710049202,24.2258374335,20.1881978612,16.8234982177,14.0195818481,11.6829848734,9.73582072783,8.11318393986,6.76098661655,5.63415551379,4.69512959483	2	exponential	0	88000
90503	0,1,2,3,4,5,6,7,8,9,10,11,12,13,14,15,16,17,18,19	150.0,125.0,104.166666667,86.8055555556,72.337962963,60.2816358025,50.2346965021,41.862247085,34.8852059042,29.0710049202,24.2258374335,20.1881978612,16.8234982177,14.0195818481,11.6829848734,9.73582072783,8.11318393986,6.76098661655,5.63415551379,4.69512959483	2	exponential	0	88000
88664	0,1,2,3,4,5,6,7,8,9,10,11,12,13,14,15,16,17,18,19	150.0,125.0,104.166666667,86.8055555556,72.337962963,60.2816358025,50.2346965021,41.862247085,34.8852059042,29.0710049202,24.2258374335,20.1881978612,16.8234982177,14.0195818481,11.6829848734,9.73582072783,8.11318393986,6.76098661655,5.63415551379,4.69512959483	2	exponential	0	88000
91141	0,1,2,3,4,5,6,7,8,9,10,11,12,13,14,15,16,17,18,19	150.0,125.0,104.166666667,86.8055555556,72.337962963,60.2816358025,50.2346965021,41.862247085,34.8852059042,29.0710049202,24.2258374335,20.1881978612,16.8234982177,14.0195818481,11.6829848734,9.73582072783,8.11318393986,6.76098661655,5.63415551379,4.69512959483	2	exponential	0	88000
90168	0,1,2,3,4,5,6,7,8,9,10,11,12,13,14,15,16,17,18,19	150.0,125.0,104.166666667,86.8055555556,72.337962963,60.2816358025,50.2346965021,41.862247085,34.8852059042,29.0710049202,24.2258374335,20.1881978612,16.8234982177,14.0195818481,11.6829848734,9.73582072783,8.11318393986,6.76098661655,5.63415551379,4.69512959483	2	exponential	0	88000
88479	0,1,2,3,4,5,6,7,8,9,10,11,12,13,14,15,16,17,18,19	150.0,125.0,104.166666667,86.8055555556,72.337962963,60.2816358025,50.2346965021,41.862247085,34.8852059042,29.0710049202,24.2258374335,20.1881978612,16.8234982177,14.0195818481,11.6829848734,9.73582072783,8.11318393986,6.76098661655,5.63415551379,4.69512959483	2	exponential	0	88000
90632	0,1,2,3,4,5,6,7,8,9,10,11,12,13,14,15,16,17,18,19	150.0,125.0,104.166666667,86.8055555556,72.337962963,60.2816358025,50.2346965021,41.862247085,34.8852059042,29.0710049202,24.2258374335,20.1881978612,16.8234982177,14.0195818481,11.6829848734,9.73582072783,8.11318393986,6.76098661655,5.63415551379,4.69512959483	2	exponential	0	88000
89693	0,1,2,3,4,5,6,7,8,9,10,11,12,13,14,15,16,17,18,19	150.0,125.0,104.166666667,86.8055555556,72.337962963,60.2816358025,50.2346965021,41.862247085,34.8852059042,29.0710049202,24.2258374335,20.1881978612,16.8234982177,14.0195818481,11.6829848734,9.73582072783,8.11318393986,6.76098661655,5.63415551379,4.69512959483	2	exponential	0	88000
89333	0,1,2,3,4,5,6,7,8,9,10,11,12,13,14,15,16,17,18,19	150.0,125.0,104.166666667,86.8055555556,72.337962963,60.2816358025,50.2346965021,41.862247085,34.8852059042,29.0710049202,24.2258374335,20.1881978612,16.8234982177,14.0195818481,11.6829848734,9.73582072783,8.11318393986,6.76098661655,5.63415551379,4.69512959483	2	exponential	0	88000
88711	0,1,2,3,4,5,6,7,8,9,10,11,12,13,14,15,16,17,18,19	150.0,125.0,104.166666667,86.8055555556,72.337962963,60.2816358025,50.2346965021,41.862247085,34.8852059042,29.0710049202,24.2258374335,20.1881978612,16.8234982177,14.0195818481,11.6829848734,9.73582072783,8.11318393986,6.76098661655,5.63415551379,4.69512959483	2	exponential	0	88000
90066	0,1,2,3,4,5,6,7,8,9,10,11,12,13,14,15,16,17,18,19	150.0,125.0,104.166666667,86.8055555556,72.337962963,60.2816358025,50.2346965021,41.862247085,34.8852059042,29.0710049202,24.2258374335,20.1881978612,16.8234982177,14.0195818481,11.6829848734,9.73582072783,8.11318393986,6.76098661655,5.63415551379,4.69512959483	2	exponential	0	88000
88686	0,1,2,3,4,5,6,7,8,9,10,11,12,13,14,15,16,17,18,19	150.0,125.0,104.166666667,86.8055555556,72.337962963,60.2816358025,50.2346965021,41.862247085,34.8852059042,29.0710049202,24.2258374335,20.1881978612,16.8234982177,14.0195818481,11.6829848734,9.73582072783,8.11318393986,6.76098661655,5.63415551379,4.69512959483	2	exponential	0	88000
88708	0,1,2,3,4,5,6,7,8,9,10,11,12,13,14,15,16,17,18,19	150.0,125.0,104.166666667,86.8055555556,72.337962963,60.2816358025,50.2346965021,41.862247085,34.8852059042,29.0710049202,24.2258374335,20.1881978612,16.8234982177,14.0195818481,11.6829848734,9.73582072783,8.11318393986,6.76098661655,5.63415551379,4.69512959483	2	exponential	0	88000
91536	0,1,2,3,4,5,6,7,8,9,10,11,12,13,14,15,16,17,18,19	150.0,125.0,104.166666667,86.8055555556,72.337962963,60.2816358025,50.2346965021,41.862247085,34.8852059042,29.0710049202,24.2258374335,20.1881978612,16.8234982177,14.0195818481,11.6829848734,9.73582072783,8.11318393986,6.76098661655,5.63415551379,4.69512959483	2	exponential	0	88000
88020	0,1,2,3,4,5,6,7,8,9,10,11,12,13,14,15,16,17,18,19	150.0,125.0,104.166666667,86.8055555556,72.337962963,60.2816358025,50.2346965021,41.862247085,34.8852059042,29.0710049202,24.2258374335,20.1881978612,16.8234982177,14.0195818481,11.6829848734,9.73582072783,8.11318393986,6.76098661655,5.63415551379,4.69512959483	2	exponential	0	88000
88556	0,1,2,3,4,5,6,7,8,9,10,11,12,13,14,15,16,17,18,19	150.0,125.0,104.166666667,86.8055555556,72.337962963,60.2816358025,50.2346965021,41.862247085,34.8852059042,29.0710049202,24.2258374335,20.1881978612,16.8234982177,14.0195818481,11.6829848734,9.73582072783,8.11318393986,6.76098661655,5.63415551379,4.69512959483	2	exponential	0	88000
91297	0,1,2,3,4,5,6,7,8,9,10,11,12,13,14,15,16,17,18,19	150.0,125.0,104.166666667,86.8055555556,72.337962963,60.2816358025,50.2346965021,41.862247085,34.8852059042,29.0710049202,24.2258374335,20.1881978612,16.8234982177,14.0195818481,11.6829848734,9.73582072783,8.11318393986,6.76098661655,5.63415551379,4.69512959483	2	exponential	0	88000
91508	0,1,2,3,4,5,6,7,8,9,10,11,12,13,14,15,16,17,18,19	150.0,125.0,104.166666667,86.8055555556,72.337962963,60.2816358025,50.2346965021,41.862247085,34.8852059042,29.0710049202,24.2258374335,20.1881978612,16.8234982177,14.0195818481,11.6829848734,9.73582072783,8.11318393986,6.76098661655,5.63415551379,4.69512959483	2	exponential	0	88000
90700	0,1,2,3,4,5,6,7,8,9,10,11,12,13,14,15,16,17,18,19	150.0,125.0,104.166666667,86.8055555556,72.337962963,60.2816358025,50.2346965021,41.862247085,34.8852059042,29.0710049202,24.2258374335,20.1881978612,16.8234982177,14.0195818481,11.6829848734,9.73582072783,8.11318393986,6.76098661655,5.63415551379,4.69512959483	2	exponential	0	88000
90458	0,1,2,3,4,5,6,7,8,9,10,11,12,13,14,15,16,17,18,19	150.0,125.0,104.166666667,86.8055555556,72.337962963,60.2816358025,50.2346965021,41.862247085,34.8852059042,29.0710049202,24.2258374335,20.1881978612,16.8234982177,14.0195818481,11.6829848734,9.73582072783,8.11318393986,6.76098661655,5.63415551379,4.69512959483	2	exponential	0	88000
90293	0,1,2,3,4,5,6,7,8,9,10,11,12,13,14,15,16,17,18,19	150.0,125.0,104.166666667,86.8055555556,72.337962963,60.2816358025,50.2346965021,41.862247085,34.8852059042,29.0710049202,24.2258374335,20.1881978612,16.8234982177,14.0195818481,11.6829848734,9.73582072783,8.11318393986,6.76098661655,5.63415551379,4.69512959483	2	exponential	0	88000
88307	0,1,2,3,4,5,6,7,8,9,10,11,12,13,14,15,16,17,18,19	150.0,125.0,104.166666667,86.8055555556,72.337962963,60.2816358025,50.2346965021,41.862247085,34.8852059042,29.0710049202,24.2258374335,20.1881978612,16.8234982177,14.0195818481,11.6829848734,9.73582072783,8.11318393986,6.76098661655,5.63415551379,4.69512959483	2	exponential	0	88000
89748	0,1,2,3,4,5,6,7,8,9,10,11,12,13,14,15,16,17,18,19	150.0,125.0,104.166666667,86.8055555556,72.337962963,60.2816358025,50.2346965021,41.862247085,34.8852059042,29.0710049202,24.2258374335,20.1881978612,16.8234982177,14.0195818481,11.6829848734,9.73582072783,8.11318393986,6.76098661655,5.63415551379,4.69512959483	2	exponential	0	88000
90108	0,1,2,3,4,5,6,7,8,9,10,11,12,13,14,15,16,17,18,19	150.0,125.0,104.166666667,86.8055555556,72.337962963,60.2816358025,50.2346965021,41.862247085,34.8852059042,29.0710049202,24.2258374335,20.1881978612,16.8234982177,14.0195818481,11.6829848734,9.73582072783,8.11318393986,6.76098661655,5.63415551379,4.69512959483	2	exponential	0	88000
91696	0,1,2,3,4,5,6,7,8,9,10,11,12,13,14,15,16,17,18,19	150.0,125.0,104.166666667,86.8055555556,72.337962963,60.2816358025,50.2346965021,41.862247085,34.8852059042,29.0710049202,24.2258374335,20.1881978612,16.8234982177,14.0195818481,11.6829848734,9.73582072783,8.11318393986,6.76098661655,5.63415551379,4.69512959483	2	exponential	0	88000
90146	0,1,2,3,4,5,6,7,8,9,10,11,12,13,14,15,16,17,18,19	150.0,125.0,104.166666667,86.8055555556,72.337962963,60.2816358025,50.2346965021,41.862247085,34.8852059042,29.0710049202,24.2258374335,20.1881978612,16.8234982177,14.0195818481,11.6829848734,9.73582072783,8.11318393986,6.76098661655,5.63415551379,4.69512959483	2	exponential	0	88000
90617	0,1,2,3,4,5,6,7,8,9,10,11,12,13,14,15,16,17,18,19	150.0,125.0,104.166666667,86.8055555556,72.337962963,60.2816358025,50.2346965021,41.862247085,34.8852059042,29.0710049202,24.2258374335,20.1881978612,16.8234982177,14.0195818481,11.6829848734,9.73582072783,8.11318393986,6.76098661655,5.63415551379,4.69512959483	2	exponential	0	88000
91706	0,1,2,3,4,5,6,7,8,9,10,11,12,13,14,15,16,17,18,19	150.0,125.0,104.166666667,86.8055555556,72.337962963,60.2816358025,50.2346965021,41.862247085,34.8852059042,29.0710049202,24.2258374335,20.1881978612,16.8234982177,14.0195818481,11.6829848734,9.73582072783,8.11318393986,6.76098661655,5.63415551379,4.69512959483	2	exponential	0	88000
91698	0,1,2,3,4,5,6,7,8,9,10,11,12,13,14,15,16,17,18,19	150.0,125.0,104.166666667,86.8055555556,72.337962963,60.2816358025,50.2346965021,41.862247085,34.8852059042,29.0710049202,24.2258374335,20.1881978612,16.8234982177,14.0195818481,11.6829848734,9.73582072783,8.11318393986,6.76098661655,5.63415551379,4.69512959483	2	exponential	0	88000
90945	0,1,2,3,4,5,6,7,8,9,10,11,12,13,14,15,16,17,18,19	150.0,125.0,104.166666667,86.8055555556,72.337962963,60.2816358025,50.2346965021,41.862247085,34.8852059042,29.0710049202,24.2258374335,20.1881978612,16.8234982177,14.0195818481,11.6829848734,9.73582072783,8.11318393986,6.76098661655,5.63415551379,4.69512959483	2	exponential	0	88000
89856	0,1,2,3,4,5,6,7,8,9,10,11,12,13,14,15,16,17,18,19	150.0,125.0,104.166666667,86.8055555556,72.337962963,60.2816358025,50.2346965021,41.862247085,34.8852059042,29.0710049202,24.2258374335,20.1881978612,16.8234982177,14.0195818481,11.6829848734,9.73582072783,8.11318393986,6.76098661655,5.63415551379,4.69512959483	2	exponential	0	88000
88672	0,1,2,3,4,5,6,7,8,9,10,11,12,13,14,15,16,17,18,19	150.0,125.0,104.166666667,86.8055555556,72.337962963,60.2816358025,50.2346965021,41.862247085,34.8852059042,29.0710049202,24.2258374335,20.1881978612,16.8234982177,14.0195818481,11.6829848734,9.73582072783,8.11318393986,6.76098661655,5.63415551379,4.69512959483	2	exponential	0	88000
91446	0,1,2,3,4,5,6,7,8,9,10,11,12,13,14,15,16,17,18,19	150.0,125.0,104.166666667,86.8055555556,72.337962963,60.2816358025,50.2346965021,41.862247085,34.8852059042,29.0710049202,24.2258374335,20.1881978612,16.8234982177,14.0195818481,11.6829848734,9.73582072783,8.11318393986,6.76098661655,5.63415551379,4.69512959483	2	exponential	0	88000
89828	0,1,2,3,4,5,6,7,8,9,10,11,12,13,14,15,16,17,18,19	150.0,125.0,104.166666667,86.8055555556,72.337962963,60.2816358025,50.2346965021,41.862247085,34.8852059042,29.0710049202,24.2258374335,20.1881978612,16.8234982177,14.0195818481,11.6829848734,9.73582072783,8.11318393986,6.76098661655,5.63415551379,4.69512959483	2	exponential	0	88000
90672	0,1,2,3,4,5,6,7,8,9,10,11,12,13,14,15,16,17,18,19	150.0,125.0,104.166666667,86.8055555556,72.337962963,60.2816358025,50.2346965021,41.862247085,34.8852059042,29.0710049202,24.2258374335,20.1881978612,16.8234982177,14.0195818481,11.6829848734,9.73582072783,8.11318393986,6.76098661655,5.63415551379,4.69512959483	2	exponential	0	88000
88732	0,1,2,3,4,5,6,7,8,9,10,11,12,13,14,15,16,17,18,19	150.0,125.0,104.166666667,86.8055555556,72.337962963,60.2816358025,50.2346965021,41.862247085,34.8852059042,29.0710049202,24.2258374335,20.1881978612,16.8234982177,14.0195818481,11.6829848734,9.73582072783,8.11318393986,6.76098661655,5.63415551379,4.69512959483	2	exponential	0	88000
90312	0,1,2,3,4,5,6,7,8,9,10,11,12,13,14,15,16,17,18,19	150.0,125.0,104.166666667,86.8055555556,72.337962963,60.2816358025,50.2346965021,41.862247085,34.8852059042,29.0710049202,24.2258374335,20.1881978612,16.8234982177,14.0195818481,11.6829848734,9.73582072783,8.11318393986,6.76098661655,5.63415551379,4.69512959483	2	exponential	0	88000
89030	0,1,2,3,4,5,6,7,8,9,10,11,12,13,14,15,16,17,18,19	150.0,125.0,104.166666667,86.8055555556,72.337962963,60.2816358025,50.2346965021,41.862247085,34.8852059042,29.0710049202,24.2258374335,20.1881978612,16.8234982177,14.0195818481,11.6829848734,9.73582072783,8.11318393986,6.76098661655,5.63415551379,4.69512959483	2	exponential	0	88000
88002	0,1,2,3,4,5,6,7,8,9,10,11,12,13,14,15,16,17,18,19	150.0,125.0,104.166666667,86.8055555556,72.337962963,60.2816358025,50.2346965021,41.862247085,34.8852059042,29.0710049202,24.2258374335,20.1881978612,16.8234982177,14.0195818481,11.6829848734,9.73582072783,8.11318393986,6.76098661655,5.63415551379,4.69512959483	2	exponential	0	88000
89712	0,1,2,3,4,5,6,7,8,9,10,11,12,13,14,15,16,17,18,19	150.0,125.0,104.166666667,86.8055555556,72.337962963,60.2816358025,50.2346965021,41.862247085,34.8852059042,29.0710049202,24.2258374335,20.1881978612,16.8234982177,14.0195818481,11.6829848734,9.73582072783,8.11318393986,6.76098661655,5.63415551379,4.69512959483	2	exponential	0	88000
90528	0,1,2,3,4,5,6,7,8,9,10,11,12,13,14,15,16,17,18,19	150.0,125.0,104.166666667,86.8055555556,72.337962963,60.2816358025,50.2346965021,41.862247085,34.8852059042,29.0710049202,24.2258374335,20.1881978612,16.8234982177,14.0195818481,11.6829848734,9.73582072783,8.11318393986,6.76098661655,5.63415551379,4.69512959483	2	exponential	0	88000
91916	0,1,2,3,4,5,6,7,8,9,10,11,12,13,14,15,16,17,18,19	150.0,125.0,104.166666667,86.8055555556,72.337962963,60.2816358025,50.2346965021,41.862247085,34.8852059042,29.0710049202,24.2258374335,20.1881978612,16.8234982177,14.0195818481,11.6829848734,9.73582072783,8.11318393986,6.76098661655,5.63415551379,4.69512959483	2	exponential	0	88000
88184	0,1,2,3,4,5,6,7,8,9,10,11,12,13,14,15,16,17,18,19	150.0,125.0,104.166666667,86.8055555556,72.337962963,60.2816358025,50.2346965021,41.862247085,34.8852059042,29.0710049202,24.2258374335,20.1881978612,16.8234982177,14.0195818481,11.6829848734,9.73582072783,8.11318393986,6.76098661655,5.63415551379,4.69512959483	2	exponential	0	88000
91346	0,1,2,3,4,5,6,7,8,9,10,11,12,13,14,15,16,17,18,19	150.0,125.0,104.166666667,86.8055555556,72.337962963,60.2816358025,50.2346965021,41.862247085,34.8852059042,29.0710049202,24.2258374335,20.1881978612,16.8234982177,14.0195818481,11.6829848734,9.73582072783,8.11318393986,6.76098661655,5.63415551379,4.69512959483	2	exponential	0	88000
91285	0,1,2,3,4,5,6,7,8,9,10,11,12,13,14,15,16,17,18,19	150.0,125.0,104.166666667,86.8055555556,72.337962963,60.2816358025,50.2346965021,41.862247085,34.8852059042,29.0710049202,24.2258374335,20.1881978612,16.8234982177,14.0195818481,11.6829848734,9.73582072783,8.11318393986,6.76098661655,5.63415551379,4.69512959483	2	exponential	0	88000
88029	0,1,2,3,4,5,6,7,8,9,10,11,12,13,14,15,16,17,18,19	150.0,125.0,104.166666667,86.8055555556,72.337962963,60.2816358025,50.2346965021,41.862247085,34.8852059042,29.0710049202,24.2258374335,20.1881978612,16.8234982177,14.0195818481,11.6829848734,9.73582072783,8.11318393986,6.76098661655,5.63415551379,4.69512959483	2	exponential	0	88000
88498	0,1,2,3,4,5,6,7,8,9,10,11,12,13,14,15,16,17,18,19	150.0,125.0,104.166666667,86.8055555556,72.337962963,60.2816358025,50.2346965021,41.862247085,34.8852059042,29.0710049202,24.2258374335,20.1881978612,16.8234982177,14.0195818481,11.6829848734,9.73582072783,8.11318393986,6.76098661655,5.63415551379,4.69512959483	2	exponential	0	88000
88414	0,1,2,3,4,5,6,7,8,9,10,11,12,13,14,15,16,17,18,19	150.0,125.0,104.166666667,86.8055555556,72.337962963,60.2816358025,50.2346965021,41.862247085,34.8852059042,29.0710049202,24.2258374335,20.1881978612,16.8234982177,14.0195818481,11.6829848734,9.73582072783,8.11318393986,6.76098661655,5.63415551379,4.69512959483	2	exponential	0	88000
91889	0,1,2,3,4,5,6,7,8,9,10,11,12,13,14,15,16,17,18,19	150.0,125.0,104.166666667,86.8055555556,72.337962963,60.2816358025,50.2346965021,41.862247085,34.8852059042,29.0710049202,24.2258374335,20.1881978612,16.8234982177,14.0195818481,11.6829848734,9.73582072783,8.11318393986,6.76098661655,5.63415551379,4.69512959483	2	exponential	0	88000
88965	0,1,2,3,4,5,6,7,8,9,10,11,12,13,14,15,16,17,18,19	150.0,125.0,104.166666667,86.8055555556,72.337962963,60.2816358025,50.2346965021,41.862247085,34.8852059042,29.0710049202,24.2258374335,20.1881978612,16.8234982177,14.0195818481,11.6829848734,9.73582072783,8.11318393986,6.76098661655,5.63415551379,4.69512959483	2	exponential	0	88000
88001	0,1,2,3,4,5,6,7,8,9,10,11,12,13,14,15,16,17,18,19	150.0,125.0,104.166666667,86.8055555556,72.337962963,60.2816358025,50.2346965021,41.862247085,34.8852059042,29.0710049202,24.2258374335,20.1881978612,16.8234982177,14.0195818481,11.6829848734,9.73582072783,8.11318393986,6.76098661655,5.63415551379,4.69512959483	2	exponential	0	88000
90864	0,1,2,3,4,5,6,7,8,9,10,11,12,13,14,15,16,17,18,19	150.0,125.0,104.166666667,86.8055555556,72.337962963,60.2816358025,50.2346965021,41.862247085,34.8852059042,29.0710049202,24.2258374335,20.1881978612,16.8234982177,14.0195818481,11.6829848734,9.73582072783,8.11318393986,6.76098661655,5.63415551379,4.69512959483	2	exponential	0	88000
89204	0,1,2,3,4,5,6,7,8,9,10,11,12,13,14,15,16,17,18,19	150.0,125.0,104.166666667,86.8055555556,72.337962963,60.2816358025,50.2346965021,41.862247085,34.8852059042,29.0710049202,24.2258374335,20.1881978612,16.8234982177,14.0195818481,11.6829848734,9.73582072783,8.11318393986,6.76098661655,5.63415551379,4.69512959483	2	exponential	0	88000
89138	0,1,2,3,4,5,6,7,8,9,10,11,12,13,14,15,16,17,18,19	150.0,125.0,104.166666667,86.8055555556,72.337962963,60.2816358025,50.2346965021,41.862247085,34.8852059042,29.0710049202,24.2258374335,20.1881978612,16.8234982177,14.0195818481,11.6829848734,9.73582072783,8.11318393986,6.76098661655,5.63415551379,4.69512959483	2	exponential	0	88000
91947	0,1,2,3,4,5,6,7,8,9,10,11,12,13,14,15,16,17,18,19	150.0,125.0,104.166666667,86.8055555556,72.337962963,60.2816358025,50.2346965021,41.862247085,34.8852059042,29.0710049202,24.2258374335,20.1881978612,16.8234982177,14.0195818481,11.6829848734,9.73582072783,8.11318393986,6.76098661655,5.63415551379,4.69512959483	2	exponential	0	88000
88853	0,1,2,3,4,5,6,7,8,9,10,11,12,13,14,15,16,17,18,19	150.0,125.0,104.166666667,86.8055555556,72.337962963,60.2816358025,50.2346965021,41.862247085,34.8852059042,29.0710049202,24.2258374335,20.1881978612,16.8234982177,14.0195818481,11.6829848734,9.73582072783,8.11318393986,6.76098661655,5.63415551379,4.69512959483	2	exponential	0	88000
89001	0,1,2,3,4,5,6,7,8,9,10,11,12,13,14,15,16,17,18,19	150.0,125.0,104.166666667,86.8055555556,72.337962963,60.2816358025,50.2346965021,41.862247085,34.8852059042,29.0710049202,24.2258374335,20.1881978612,16.8234982177,14.0195818481,11.6829848734,9.73582072783,8.11318393986,6.76098661655,5.63415551379,4.69512959483	2	exponential	0	88000
89721	0,1,2,3,4,5,6,7,8,9,10,11,12,13,14,15,16,17,18,19	150.0,125.0,104.166666667,86.8055555556,72.337962963,60.2816358025,50.2346965021,41.862247085,34.8852059042,29.0710049202,24.2258374335,20.1881978612,16.8234982177,14.0195818481,11.6829848734,9.73582072783,8.11318393986,6.76098661655,5.63415551379,4.69512959483	2	exponential	0	88000
89790	0,1,2,3,4,5,6,7,8,9,10,11,12,13,14,15,16,17,18,19	150.0,125.0,104.166666667,86.8055555556,72.337962963,60.2816358025,50.2346965021,41.862247085,34.8852059042,29.0710049202,24.2258374335,20.1881978612,16.8234982177,14.0195818481,11.6829848734,9.73582072783,8.11318393986,6.76098661655,5.63415551379,4.69512959483	2	exponential	0	88000
91717	0,1,2,3,4,5,6,7,8,9,10,11,12,13,14,15,16,17,18,19	150.0,125.0,104.166666667,86.8055555556,72.337962963,60.2816358025,50.2346965021,41.862247085,34.8852059042,29.0710049202,24.2258374335,20.1881978612,16.8234982177,14.0195818481,11.6829848734,9.73582072783,8.11318393986,6.76098661655,5.63415551379,4.69512959483	2	exponential	0	88000
88545	0,1,2,3,4,5,6,7,8,9,10,11,12,13,14,15,16,17,18,19	150.0,125.0,104.166666667,86.8055555556,72.337962963,60.2816358025,50.2346965021,41.862247085,34.8852059042,29.0710049202,24.2258374335,20.1881978612,16.8234982177,14.0195818481,11.6829848734,9.73582072783,8.11318393986,6.76098661655,5.63415551379,4.69512959483	2	exponential	0	88000
88093	0,1,2,3,4,5,6,7,8,9,10,11,12,13,14,15,16,17,18,19	150.0,125.0,104.166666667,86.8055555556,72.337962963,60.2816358025,50.2346965021,41.862247085,34.8852059042,29.0710049202,24.2258374335,20.1881978612,16.8234982177,14.0195818481,11.6829848734,9.73582072783,8.11318393986,6.76098661655,5.63415551379,4.69512959483	2	exponential	0	88000
91094	0,1,2,3,4,5,6,7,8,9,10,11,12,13,14,15,16,17,18,19	150.0,125.0,104.166666667,86.8055555556,72.337962963,60.2816358025,50.2346965021,41.862247085,34.8852059042,29.0710049202,24.2258374335,20.1881978612,16.8234982177,14.0195818481,11.6829848734,9.73582072783,8.11318393986,6.76098661655,5.63415551379,4.69512959483	2	exponential	0	88000
89512	0,1,2,3,4,5,6,7,8,9,10,11,12,13,14,15,16,17,18,19	150.0,125.0,104.166666667,86.8055555556,72.337962963,60.2816358025,50.2346965021,41.862247085,34.8852059042,29.0710049202,24.2258374335,20.1881978612,16.8234982177,14.0195818481,11.6829848734,9.73582072783,8.11318393986,6.76098661655,5.63415551379,4.69512959483	2	exponential	0	88000
91691	0,1,2,3,4,5,6,7,8,9,10,11,12,13,14,15,16,17,18,19	150.0,125.0,104.166666667,86.8055555556,72.337962963,60.2816358025,50.2346965021,41.862247085,34.8852059042,29.0710049202,24.2258374335,20.1881978612,16.8234982177,14.0195818481,11.6829848734,9.73582072783,8.11318393986,6.76098661655,5.63415551379,4.69512959483	2	exponential	0	88000
90189	0,1,2,3,4,5,6,7,8,9,10,11,12,13,14,15,16,17,18,19	150.0,125.0,104.166666667,86.8055555556,72.337962963,60.2816358025,50.2346965021,41.862247085,34.8852059042,29.0710049202,24.2258374335,20.1881978612,16.8234982177,14.0195818481,11.6829848734,9.73582072783,8.11318393986,6.76098661655,5.63415551379,4.69512959483	2	exponential	0	88000
88077	0,1,2,3,4,5,6,7,8,9,10,11,12,13,14,15,16,17,18,19	150.0,125.0,104.166666667,86.8055555556,72.337962963,60.2816358025,50.2346965021,41.862247085,34.8852059042,29.0710049202,24.2258374335,20.1881978612,16.8234982177,14.0195818481,11.6829848734,9.73582072783,8.11318393986,6.76098661655,5.63415551379,4.69512959483	2	exponential	0	88000
91781	0,1,2,3,4,5,6,7,8,9,10,11,12,13,14,15,16,17,18,19	150.0,125.0,104.166666667,86.8055555556,72.337962963,60.2816358025,50.2346965021,41.862247085,34.8852059042,29.0710049202,24.2258374335,20.1881978612,16.8234982177,14.0195818481,11.6829848734,9.73582072783,8.11318393986,6.76098661655,5.63415551379,4.69512959483	2	exponential	0	88000
88608	0,1,2,3,4,5,6,7,8,9,10,11,12,13,14,15,16,17,18,19	150.0,125.0,104.166666667,86.8055555556,72.337962963,60.2816358025,50.2346965021,41.862247085,34.8852059042,29.0710049202,24.2258374335,20.1881978612,16.8234982177,14.0195818481,11.6829848734,9.73582072783,8.11318393986,6.76098661655,5.63415551379,4.69512959483	2	exponential	0	88000
89426	0,1,2,3,4,5,6,7,8,9,10,11,12,13,14,15,16,17,18,19	150.0,125.0,104.166666667,86.8055555556,72.337962963,60.2816358025,50.2346965021,41.862247085,34.8852059042,29.0710049202,24.2258374335,20.1881978612,16.8234982177,14.0195818481,11.6829848734,9.73582072783,8.11318393986,6.76098661655,5.63415551379,4.69512959483	2	exponential	0	88000
91410	0,1,2,3,4,5,6,7,8,9,10,11,12,13,14,15,16,17,18,19	150.0,125.0,104.166666667,86.8055555556,72.337962963,60.2816358025,50.2346965021,41.862247085,34.8852059042,29.0710049202,24.2258374335,20.1881978612,16.8234982177,14.0195818481,11.6829848734,9.73582072783,8.11318393986,6.76098661655,5.63415551379,4.69512959483	2	exponential	0	88000
91093	0,1,2,3,4,5,6,7,8,9,10,11,12,13,14,15,16,17,18,19	150.0,125.0,104.166666667,86.8055555556,72.337962963,60.2816358025,50.2346965021,41.862247085,34.8852059042,29.0710049202,24.2258374335,20.1881978612,16.8234982177,14.0195818481,11.6829848734,9.73582072783,8.11318393986,6.76098661655,5.63415551379,4.69512959483	2	exponential	0	88000
88770	0,1,2,3,4,5,6,7,8,9,10,11,12,13,14,15,16,17,18,19	150.0,125.0,104.166666667,86.8055555556,72.337962963,60.2816358025,50.2346965021,41.862247085,34.8852059042,29.0710049202,24.2258374335,20.1881978612,16.8234982177,14.0195818481,11.6829848734,9.73582072783,8.11318393986,6.76098661655,5.63415551379,4.69512959483	2	exponential	0	88000
88351	0,1,2,3,4,5,6,7,8,9,10,11,12,13,14,15,16,17,18,19	150.0,125.0,104.166666667,86.8055555556,72.337962963,60.2816358025,50.2346965021,41.862247085,34.8852059042,29.0710049202,24.2258374335,20.1881978612,16.8234982177,14.0195818481,11.6829848734,9.73582072783,8.11318393986,6.76098661655,5.63415551379,4.69512959483	2	exponential	0	88000
90279	0,1,2,3,4,5,6,7,8,9,10,11,12,13,14,15,16,17,18,19	150.0,125.0,104.166666667,86.8055555556,72.337962963,60.2816358025,50.2346965021,41.862247085,34.8852059042,29.0710049202,24.2258374335,20.1881978612,16.8234982177,14.0195818481,11.6829848734,9.73582072783,8.11318393986,6.76098661655,5.63415551379,4.69512959483	2	exponential	0	88000
90876	0,1,2,3,4,5,6,7,8,9,10,11,12,13,14,15,16,17,18,19	150.0,125.0,104.166666667,86.8055555556,72.337962963,60.2816358025,50.2346965021,41.862247085,34.8852059042,29.0710049202,24.2258374335,20.1881978612,16.8234982177,14.0195818481,11.6829848734,9.73582072783,8.11318393986,6.76098661655,5.63415551379,4.69512959483	2	exponential	0	88000
90056	0,1,2,3,4,5,6,7,8,9,10,11,12,13,14,15,16,17,18,19	150.0,125.0,104.166666667,86.8055555556,72.337962963,60.2816358025,50.2346965021,41.862247085,34.8852059042,29.0710049202,24.2258374335,20.1881978612,16.8234982177,14.0195818481,11.6829848734,9.73582072783,8.11318393986,6.76098661655,5.63415551379,4.69512959483	2	exponential	0	88000
88230	0,1,2,3,4,5,6,7,8,9,10,11,12,13,14,15,16,17,18,19	150.0,125.0,104.166666667,86.8055555556,72.337962963,60.2816358025,50.2346965021,41.862247085,34.8852059042,29.0710049202,24.2258374335,20.1881978612,16.8234982177,14.0195818481,11.6829848734,9.73582072783,8.11318393986,6.76098661655,5.63415551379,4.69512959483	2	exponential	0	88000
88038	0,1,2,3,4,5,6,7,8,9,10,11,12,13,14,15,16,17,18,19	150.0,125.0,104.166666667,86.8055555556,72.337962963,60.2816358025,50.2346965021,41.862247085,34.8852059042,29.0710049202,24.2258374335,20.1881978612,16.8234982177,14.0195818481,11.6829848734,9.73582072783,8.11318393986,6.76098661655,5.63415551379,4.69512959483	2	exponential	0	88000
90480	0,1,2,3,4,5,6,7,8,9,10,11,12,13,14,15,16,17,18,19	150.0,125.0,104.166666667,86.8055555556,72.337962963,60.2816358025,50.2346965021,41.862247085,34.8852059042,29.0710049202,24.2258374335,20.1881978612,16.8234982177,14.0195818481,11.6829848734,9.73582072783,8.11318393986,6.76098661655,5.63415551379,4.69512959483	2	exponential	0	88000
89963	0,1,2,3,4,5,6,7,8,9,10,11,12,13,14,15,16,17,18,19	150.0,125.0,104.166666667,86.8055555556,72.337962963,60.2816358025,50.2346965021,41.862247085,34.8852059042,29.0710049202,24.2258374335,20.1881978612,16.8234982177,14.0195818481,11.6829848734,9.73582072783,8.11318393986,6.76098661655,5.63415551379,4.69512959483	2	exponential	0	88000
90431	0,1,2,3,4,5,6,7,8,9,10,11,12,13,14,15,16,17,18,19	150.0,125.0,104.166666667,86.8055555556,72.337962963,60.2816358025,50.2346965021,41.862247085,34.8852059042,29.0710049202,24.2258374335,20.1881978612,16.8234982177,14.0195818481,11.6829848734,9.73582072783,8.11318393986,6.76098661655,5.63415551379,4.69512959483	2	exponential	0	88000
89455	0,1,2,3,4,5,6,7,8,9,10,11,12,13,14,15,16,17,18,19	150.0,125.0,104.166666667,86.8055555556,72.337962963,60.2816358025,50.2346965021,41.862247085,34.8852059042,29.0710049202,24.2258374335,20.1881978612,16.8234982177,14.0195818481,11.6829848734,9.73582072783,8.11318393986,6.76098661655,5.63415551379,4.69512959483	2	exponential	0	88000
88463	0,1,2,3,4,5,6,7,8,9,10,11,12,13,14,15,16,17,18,19	150.0,125.0,104.166666667,86.8055555556,72.337962963,60.2816358025,50.2346965021,41.862247085,34.8852059042,29.0710049202,24.2258374335,20.1881978612,16.8234982177,14.0195818481,11.6829848734,9.73582072783,8.11318393986,6.76098661655,5.63415551379,4.69512959483	2	exponential	0	88000
88225	0,1,2,3,4,5,6,7,8,9,10,11,12,13,14,15,16,17,18,19	150.0,125.0,104.166666667,86.8055555556,72.337962963,60.2816358025,50.2346965021,41.862247085,34.8852059042,29.0710049202,24.2258374335,20.1881978612,16.8234982177,14.0195818481,11.6829848734,9.73582072783,8.11318393986,6.76098661655,5.63415551379,4.69512959483	2	exponential	0	88000
91172	0,1,2,3,4,5,6,7,8,9,10,11,12,13,14,15,16,17,18,19	150.0,125.0,104.166666667,86.8055555556,72.337962963,60.2816358025,50.2346965021,41.862247085,34.8852059042,29.0710049202,24.2258374335,20.1881978612,16.8234982177,14.0195818481,11.6829848734,9.73582072783,8.11318393986,6.76098661655,5.63415551379,4.69512959483	2	exponential	0	88000
89212	0,1,2,3,4,5,6,7,8,9,10,11,12,13,14,15,16,17,18,19	150.0,125.0,104.166666667,86.8055555556,72.337962963,60.2816358025,50.2346965021,41.862247085,34.8852059042,29.0710049202,24.2258374335,20.1881978612,16.8234982177,14.0195818481,11.6829848734,9.73582072783,8.11318393986,6.76098661655,5.63415551379,4.69512959483	2	exponential	0	88000
90120	0,1,2,3,4,5,6,7,8,9,10,11,12,13,14,15,16,17,18,19	150.0,125.0,104.166666667,86.8055555556,72.337962963,60.2816358025,50.2346965021,41.862247085,34.8852059042,29.0710049202,24.2258374335,20.1881978612,16.8234982177,14.0195818481,11.6829848734,9.73582072783,8.11318393986,6.76098661655,5.63415551379,4.69512959483	2	exponential	0	88000
91359	0,1,2,3,4,5,6,7,8,9,10,11,12,13,14,15,16,17,18,19	150.0,125.0,104.166666667,86.8055555556,72.337962963,60.2816358025,50.2346965021,41.862247085,34.8852059042,29.0710049202,24.2258374335,20.1881978612,16.8234982177,14.0195818481,11.6829848734,9.73582072783,8.11318393986,6.76098661655,5.63415551379,4.69512959483	2	exponential	0	88000
90483	0,1,2,3,4,5,6,7,8,9,10,11,12,13,14,15,16,17,18,19	150.0,125.0,104.166666667,86.8055555556,72.337962963,60.2816358025,50.2346965021,41.862247085,34.8852059042,29.0710049202,24.2258374335,20.1881978612,16.8234982177,14.0195818481,11.6829848734,9.73582072783,8.11318393986,6.76098661655,5.63415551379,4.69512959483	2	exponential	0	88000
89255	0,1,2,3,4,5,6,7,8,9,10,11,12,13,14,15,16,17,18,19	150.0,125.0,104.166666667,86.8055555556,72.337962963,60.2816358025,50.2346965021,41.862247085,34.8852059042,29.0710049202,24.2258374335,20.1881978612,16.8234982177,14.0195818481,11.6829848734,9.73582072783,8.11318393986,6.76098661655,5.63415551379,4.69512959483	2	exponential	0	88000
90936	0,1,2,3,4,5,6,7,8,9,10,11,12,13,14,15,16,17,18,19	150.0,125.0,104.166666667,86.8055555556,72.337962963,60.2816358025,50.2346965021,41.862247085,34.8852059042,29.0710049202,24.2258374335,20.1881978612,16.8234982177,14.0195818481,11.6829848734,9.73582072783,8.11318393986,6.76098661655,5.63415551379,4.69512959483	2	exponential	0	88000
88503	0,1,2,3,4,5,6,7,8,9,10,11,12,13,14,15,16,17,18,19	150.0,125.0,104.166666667,86.8055555556,72.337962963,60.2816358025,50.2346965021,41.862247085,34.8852059042,29.0710049202,24.2258374335,20.1881978612,16.8234982177,14.0195818481,11.6829848734,9.73582072783,8.11318393986,6.76098661655,5.63415551379,4.69512959483	2	exponential	0	88000
89214	0,1,2,3,4,5,6,7,8,9,10,11,12,13,14,15,16,17,18,19	150.0,125.0,104.166666667,86.8055555556,72.337962963,60.2816358025,50.2346965021,41.862247085,34.8852059042,29.0710049202,24.2258374335,20.1881978612,16.8234982177,14.0195818481,11.6829848734,9.73582072783,8.11318393986,6.76098661655,5.63415551379,4.69512959483	2	exponential	0	88000
90139	0,1,2,3,4,5,6,7,8,9,10,11,12,13,14,15,16,17,18,19	150.0,125.0,104.166666667,86.8055555556,72.337962963,60.2816358025,50.2346965021,41.862247085,34.8852059042,29.0710049202,24.2258374335,20.1881978612,16.8234982177,14.0195818481,11.6829848734,9.73582072783,8.11318393986,6.76098661655,5.63415551379,4.69512959483	2	exponential	0	88000
91726	0,1,2,3,4,5,6,7,8,9,10,11,12,13,14,15,16,17,18,19	150.0,125.0,104.166666667,86.8055555556,72.337962963,60.2816358025,50.2346965021,41.862247085,34.8852059042,29.0710049202,24.2258374335,20.1881978612,16.8234982177,14.0195818481,11.6829848734,9.73582072783,8.11318393986,6.76098661655,5.63415551379,4.69512959483	2	exponential	0	88000
90729	0,1,2,3,4,5,6,7,8,9,10,11,12,13,14,15,16,17,18,19	150.0,125.0,104.166666667,86.8055555556,72.337962963,60.2816358025,50.2346965021,41.862247085,34.8852059042,29.0710049202,24.2258374335,20.1881978612,16.8234982177,14.0195818481,11.6829848734,9.73582072783,8.11318393986,6.76098661655,5.63415551379,4.69512959483	2	exponential	0	88000
89923	0,1,2,3,4,5,6,7,8,9,10,11,12,13,14,15,16,17,18,19	150.0,125.0,104.166666667,86.8055555556,72.337962963,60.2816358025,50.2346965021,41.862247085,34.8852059042,29.0710049202,24.2258374335,20.1881978612,16.8234982177,14.0195818481,11.6829848734,9.73582072783,8.11318393986,6.76098661655,5.63415551379,4.69512959483	2	exponential	0	88000
89390	0,1,2,3,4,5,6,7,8,9,10,11,12,13,14,15,16,17,18,19	150.0,125.0,104.166666667,86.8055555556,72.337962963,60.2816358025,50.2346965021,41.862247085,34.8852059042,29.0710049202,24.2258374335,20.1881978612,16.8234982177,14.0195818481,11.6829848734,9.73582072783,8.11318393986,6.76098661655,5.63415551379,4.69512959483	2	exponential	0	88000
90959	0,1,2,3,4,5,6,7,8,9,10,11,12,13,14,15,16,17,18,19	150.0,125.0,104.166666667,86.8055555556,72.337962963,60.2816358025,50.2346965021,41.862247085,34.8852059042,29.0710049202,24.2258374335,20.1881978612,16.8234982177,14.0195818481,11.6829848734,9.73582072783,8.11318393986,6.76098661655,5.63415551379,4.69512959483	2	exponential	0	88000
89176	0,1,2,3,4,5,6,7,8,9,10,11,12,13,14,15,16,17,18,19	150.0,125.0,104.166666667,86.8055555556,72.337962963,60.2816358025,50.2346965021,41.862247085,34.8852059042,29.0710049202,24.2258374335,20.1881978612,16.8234982177,14.0195818481,11.6829848734,9.73582072783,8.11318393986,6.76098661655,5.63415551379,4.69512959483	2	exponential	0	88000
88676	0,1,2,3,4,5,6,7,8,9,10,11,12,13,14,15,16,17,18,19	150.0,125.0,104.166666667,86.8055555556,72.337962963,60.2816358025,50.2346965021,41.862247085,34.8852059042,29.0710049202,24.2258374335,20.1881978612,16.8234982177,14.0195818481,11.6829848734,9.73582072783,8.11318393986,6.76098661655,5.63415551379,4.69512959483	2	exponential	0	88000
90977	0,1,2,3,4,5,6,7,8,9,10,11,12,13,14,15,16,17,18,19	150.0,125.0,104.166666667,86.8055555556,72.337962963,60.2816358025,50.2346965021,41.862247085,34.8852059042,29.0710049202,24.2258374335,20.1881978612,16.8234982177,14.0195818481,11.6829848734,9.73582072783,8.11318393986,6.76098661655,5.63415551379,4.69512959483	2	exponential	0	88000
91080	0,1,2,3,4,5,6,7,8,9,10,11,12,13,14,15,16,17,18,19	150.0,125.0,104.166666667,86.8055555556,72.337962963,60.2816358025,50.2346965021,41.862247085,34.8852059042,29.0710049202,24.2258374335,20.1881978612,16.8234982177,14.0195818481,11.6829848734,9.73582072783,8.11318393986,6.76098661655,5.63415551379,4.69512959483	2	exponential	0	88000
89741	0,1,2,3,4,5,6,7,8,9,10,11,12,13,14,15,16,17,18,19	150.0,125.0,104.166666667,86.8055555556,72.337962963,60.2816358025,50.2346965021,41.862247085,34.8852059042,29.0710049202,24.2258374335,20.1881978612,16.8234982177,14.0195818481,11.6829848734,9.73582072783,8.11318393986,6.76098661655,5.63415551379,4.69512959483	2	exponential	0	88000
46518	0,1,2,3,4,5,6,7,8,9,10,11,12,13,14,15,16,17,18,19	15,19,23,27,31,35,39,43,47,51,55,59,63,67,71,75,79,83,87,91	1	linear	0	44000
45869	0,1,2,3,4,5,6,7,8,9,10,11,12,13,14,15,16,17,18,19	15,19,23,27,31,35,39,43,47,51,55,59,63,67,71,75,79,83,87,91	1	linear	0	44000
44355	0,1,2,3,4,5,6,7,8,9,10,11,12,13,14,15,16,17,18,19	15,19,23,27,31,35,39,43,47,51,55,59,63,67,71,75,79,83,87,91	1	linear	0	44000
46646	0,1,2,3,4,5,6,7,8,9,10,11,12,13,14,15,16,17,18,19	15,19,23,27,31,35,39,43,47,51,55,59,63,67,71,75,79,83,87,91	1	linear	0	44000
45440	0,1,2,3,4,5,6,7,8,9,10,11,12,13,14,15,16,17,18,19	15,19,23,27,31,35,39,43,47,51,55,59,63,67,71,75,79,83,87,91	1	linear	0	44000
44839	0,1,2,3,4,5,6,7,8,9,10,11,12,13,14,15,16,17,18,19	15,19,23,27,31,35,39,43,47,51,55,59,63,67,71,75,79,83,87,91	1	linear	0	44000
47966	0,1,2,3,4,5,6,7,8,9,10,11,12,13,14,15,16,17,18,19	15,19,23,27,31,35,39,43,47,51,55,59,63,67,71,75,79,83,87,91	1	linear	0	44000
45839	0,1,2,3,4,5,6,7,8,9,10,11,12,13,14,15,16,17,18,19	15,19,23,27,31,35,39,43,47,51,55,59,63,67,71,75,79,83,87,91	1	linear	0	44000
46716	0,1,2,3,4,5,6,7,8,9,10,11,12,13,14,15,16,17,18,19	15,19,23,27,31,35,39,43,47,51,55,59,63,67,71,75,79,83,87,91	1	linear	0	44000
45564	0,1,2,3,4,5,6,7,8,9,10,11,12,13,14,15,16,17,18,19	15,19,23,27,31,35,39,43,47,51,55,59,63,67,71,75,79,83,87,91	1	linear	0	44000
44925	0,1,2,3,4,5,6,7,8,9,10,11,12,13,14,15,16,17,18,19	15,19,23,27,31,35,39,43,47,51,55,59,63,67,71,75,79,83,87,91	1	linear	0	44000
47492	0,1,2,3,4,5,6,7,8,9,10,11,12,13,14,15,16,17,18,19	15,19,23,27,31,35,39,43,47,51,55,59,63,67,71,75,79,83,87,91	1	linear	0	44000
45803	0,1,2,3,4,5,6,7,8,9,10,11,12,13,14,15,16,17,18,19	15,19,23,27,31,35,39,43,47,51,55,59,63,67,71,75,79,83,87,91	1	linear	0	44000
44939	0,1,2,3,4,5,6,7,8,9,10,11,12,13,14,15,16,17,18,19	15,19,23,27,31,35,39,43,47,51,55,59,63,67,71,75,79,83,87,91	1	linear	0	44000
46344	0,1,2,3,4,5,6,7,8,9,10,11,12,13,14,15,16,17,18,19	15,19,23,27,31,35,39,43,47,51,55,59,63,67,71,75,79,83,87,91	1	linear	0	44000
46891	0,1,2,3,4,5,6,7,8,9,10,11,12,13,14,15,16,17,18,19	15,19,23,27,31,35,39,43,47,51,55,59,63,67,71,75,79,83,87,91	1	linear	0	44000
44006	0,1,2,3,4,5,6,7,8,9,10,11,12,13,14,15,16,17,18,19	15,19,23,27,31,35,39,43,47,51,55,59,63,67,71,75,79,83,87,91	1	linear	0	44000
46428	0,1,2,3,4,5,6,7,8,9,10,11,12,13,14,15,16,17,18,19	15,19,23,27,31,35,39,43,47,51,55,59,63,67,71,75,79,83,87,91	1	linear	0	44000
45770	0,1,2,3,4,5,6,7,8,9,10,11,12,13,14,15,16,17,18,19	15,19,23,27,31,35,39,43,47,51,55,59,63,67,71,75,79,83,87,91	1	linear	0	44000
44899	0,1,2,3,4,5,6,7,8,9,10,11,12,13,14,15,16,17,18,19	15,19,23,27,31,35,39,43,47,51,55,59,63,67,71,75,79,83,87,91	1	linear	0	44000
45766	0,1,2,3,4,5,6,7,8,9,10,11,12,13,14,15,16,17,18,19	15,19,23,27,31,35,39,43,47,51,55,59,63,67,71,75,79,83,87,91	1	linear	0	44000
44247	0,1,2,3,4,5,6,7,8,9,10,11,12,13,14,15,16,17,18,19	15,19,23,27,31,35,39,43,47,51,55,59,63,67,71,75,79,83,87,91	1	linear	0	44000
45922	0,1,2,3,4,5,6,7,8,9,10,11,12,13,14,15,16,17,18,19	15,19,23,27,31,35,39,43,47,51,55,59,63,67,71,75,79,83,87,91	1	linear	0	44000
46307	0,1,2,3,4,5,6,7,8,9,10,11,12,13,14,15,16,17,18,19	15,19,23,27,31,35,39,43,47,51,55,59,63,67,71,75,79,83,87,91	1	linear	0	44000
47332	0,1,2,3,4,5,6,7,8,9,10,11,12,13,14,15,16,17,18,19	15,19,23,27,31,35,39,43,47,51,55,59,63,67,71,75,79,83,87,91	1	linear	0	44000
47256	0,1,2,3,4,5,6,7,8,9,10,11,12,13,14,15,16,17,18,19	15,19,23,27,31,35,39,43,47,51,55,59,63,67,71,75,79,83,87,91	1	linear	0	44000
45825	0,1,2,3,4,5,6,7,8,9,10,11,12,13,14,15,16,17,18,19	15,19,23,27,31,35,39,43,47,51,55,59,63,67,71,75,79,83,87,91	1	linear	0	44000
45352	0,1,2,3,4,5,6,7,8,9,10,11,12,13,14,15,16,17,18,19	15,19,23,27,31,35,39,43,47,51,55,59,63,67,71,75,79,83,87,91	1	linear	0	44000
46211	0,1,2,3,4,5,6,7,8,9,10,11,12,13,14,15,16,17,18,19	15,19,23,27,31,35,39,43,47,51,55,59,63,67,71,75,79,83,87,91	1	linear	0	44000
45931	0,1,2,3,4,5,6,7,8,9,10,11,12,13,14,15,16,17,18,19	15,19,23,27,31,35,39,43,47,51,55,59,63,67,71,75,79,83,87,91	1	linear	0	44000
44582	0,1,2,3,4,5,6,7,8,9,10,11,12,13,14,15,16,17,18,19	15,19,23,27,31,35,39,43,47,51,55,59,63,67,71,75,79,83,87,91	1	linear	0	44000
46801	0,1,2,3,4,5,6,7,8,9,10,11,12,13,14,15,16,17,18,19	15,19,23,27,31,35,39,43,47,51,55,59,63,67,71,75,79,83,87,91	1	linear	0	44000
44028	0,1,2,3,4,5,6,7,8,9,10,11,12,13,14,15,16,17,18,19	15,19,23,27,31,35,39,43,47,51,55,59,63,67,71,75,79,83,87,91	1	linear	0	44000
44277	0,1,2,3,4,5,6,7,8,9,10,11,12,13,14,15,16,17,18,19	15,19,23,27,31,35,39,43,47,51,55,59,63,67,71,75,79,83,87,91	1	linear	0	44000
45093	0,1,2,3,4,5,6,7,8,9,10,11,12,13,14,15,16,17,18,19	15,19,23,27,31,35,39,43,47,51,55,59,63,67,71,75,79,83,87,91	1	linear	0	44000
44172	0,1,2,3,4,5,6,7,8,9,10,11,12,13,14,15,16,17,18,19	15,19,23,27,31,35,39,43,47,51,55,59,63,67,71,75,79,83,87,91	1	linear	0	44000
45462	0,1,2,3,4,5,6,7,8,9,10,11,12,13,14,15,16,17,18,19	15,19,23,27,31,35,39,43,47,51,55,59,63,67,71,75,79,83,87,91	1	linear	0	44000
44426	0,1,2,3,4,5,6,7,8,9,10,11,12,13,14,15,16,17,18,19	15,19,23,27,31,35,39,43,47,51,55,59,63,67,71,75,79,83,87,91	1	linear	0	44000
46577	0,1,2,3,4,5,6,7,8,9,10,11,12,13,14,15,16,17,18,19	15,19,23,27,31,35,39,43,47,51,55,59,63,67,71,75,79,83,87,91	1	linear	0	44000
46263	0,1,2,3,4,5,6,7,8,9,10,11,12,13,14,15,16,17,18,19	15,19,23,27,31,35,39,43,47,51,55,59,63,67,71,75,79,83,87,91	1	linear	0	44000
47418	0,1,2,3,4,5,6,7,8,9,10,11,12,13,14,15,16,17,18,19	15,19,23,27,31,35,39,43,47,51,55,59,63,67,71,75,79,83,87,91	1	linear	0	44000
46615	0,1,2,3,4,5,6,7,8,9,10,11,12,13,14,15,16,17,18,19	15,19,23,27,31,35,39,43,47,51,55,59,63,67,71,75,79,83,87,91	1	linear	0	44000
46676	0,1,2,3,4,5,6,7,8,9,10,11,12,13,14,15,16,17,18,19	15,19,23,27,31,35,39,43,47,51,55,59,63,67,71,75,79,83,87,91	1	linear	0	44000
47977	0,1,2,3,4,5,6,7,8,9,10,11,12,13,14,15,16,17,18,19	15,19,23,27,31,35,39,43,47,51,55,59,63,67,71,75,79,83,87,91	1	linear	0	44000
46606	0,1,2,3,4,5,6,7,8,9,10,11,12,13,14,15,16,17,18,19	15,19,23,27,31,35,39,43,47,51,55,59,63,67,71,75,79,83,87,91	1	linear	0	44000
45233	0,1,2,3,4,5,6,7,8,9,10,11,12,13,14,15,16,17,18,19	15,19,23,27,31,35,39,43,47,51,55,59,63,67,71,75,79,83,87,91	1	linear	0	44000
44886	0,1,2,3,4,5,6,7,8,9,10,11,12,13,14,15,16,17,18,19	15,19,23,27,31,35,39,43,47,51,55,59,63,67,71,75,79,83,87,91	1	linear	0	44000
46227	0,1,2,3,4,5,6,7,8,9,10,11,12,13,14,15,16,17,18,19	15,19,23,27,31,35,39,43,47,51,55,59,63,67,71,75,79,83,87,91	1	linear	0	44000
46487	0,1,2,3,4,5,6,7,8,9,10,11,12,13,14,15,16,17,18,19	15,19,23,27,31,35,39,43,47,51,55,59,63,67,71,75,79,83,87,91	1	linear	0	44000
45861	0,1,2,3,4,5,6,7,8,9,10,11,12,13,14,15,16,17,18,19	15,19,23,27,31,35,39,43,47,51,55,59,63,67,71,75,79,83,87,91	1	linear	0	44000
44510	0,1,2,3,4,5,6,7,8,9,10,11,12,13,14,15,16,17,18,19	15,19,23,27,31,35,39,43,47,51,55,59,63,67,71,75,79,83,87,91	1	linear	0	44000
45235	0,1,2,3,4,5,6,7,8,9,10,11,12,13,14,15,16,17,18,19	15,19,23,27,31,35,39,43,47,51,55,59,63,67,71,75,79,83,87,91	1	linear	0	44000
45035	0,1,2,3,4,5,6,7,8,9,10,11,12,13,14,15,16,17,18,19	15,19,23,27,31,35,39,43,47,51,55,59,63,67,71,75,79,83,87,91	1	linear	0	44000
45450	0,1,2,3,4,5,6,7,8,9,10,11,12,13,14,15,16,17,18,19	15,19,23,27,31,35,39,43,47,51,55,59,63,67,71,75,79,83,87,91	1	linear	0	44000
46394	0,1,2,3,4,5,6,7,8,9,10,11,12,13,14,15,16,17,18,19	15,19,23,27,31,35,39,43,47,51,55,59,63,67,71,75,79,83,87,91	1	linear	0	44000
44862	0,1,2,3,4,5,6,7,8,9,10,11,12,13,14,15,16,17,18,19	15,19,23,27,31,35,39,43,47,51,55,59,63,67,71,75,79,83,87,91	1	linear	0	44000
47479	0,1,2,3,4,5,6,7,8,9,10,11,12,13,14,15,16,17,18,19	15,19,23,27,31,35,39,43,47,51,55,59,63,67,71,75,79,83,87,91	1	linear	0	44000
44423	0,1,2,3,4,5,6,7,8,9,10,11,12,13,14,15,16,17,18,19	15,19,23,27,31,35,39,43,47,51,55,59,63,67,71,75,79,83,87,91	1	linear	0	44000
46163	0,1,2,3,4,5,6,7,8,9,10,11,12,13,14,15,16,17,18,19	15,19,23,27,31,35,39,43,47,51,55,59,63,67,71,75,79,83,87,91	1	linear	0	44000
47799	0,1,2,3,4,5,6,7,8,9,10,11,12,13,14,15,16,17,18,19	15,19,23,27,31,35,39,43,47,51,55,59,63,67,71,75,79,83,87,91	1	linear	0	44000
46824	0,1,2,3,4,5,6,7,8,9,10,11,12,13,14,15,16,17,18,19	15,19,23,27,31,35,39,43,47,51,55,59,63,67,71,75,79,83,87,91	1	linear	0	44000
44146	0,1,2,3,4,5,6,7,8,9,10,11,12,13,14,15,16,17,18,19	15,19,23,27,31,35,39,43,47,51,55,59,63,67,71,75,79,83,87,91	1	linear	0	44000
45181	0,1,2,3,4,5,6,7,8,9,10,11,12,13,14,15,16,17,18,19	15,19,23,27,31,35,39,43,47,51,55,59,63,67,71,75,79,83,87,91	1	linear	0	44000
44329	0,1,2,3,4,5,6,7,8,9,10,11,12,13,14,15,16,17,18,19	15,19,23,27,31,35,39,43,47,51,55,59,63,67,71,75,79,83,87,91	1	linear	0	44000
44313	0,1,2,3,4,5,6,7,8,9,10,11,12,13,14,15,16,17,18,19	15,19,23,27,31,35,39,43,47,51,55,59,63,67,71,75,79,83,87,91	1	linear	0	44000
45311	0,1,2,3,4,5,6,7,8,9,10,11,12,13,14,15,16,17,18,19	15,19,23,27,31,35,39,43,47,51,55,59,63,67,71,75,79,83,87,91	1	linear	0	44000
46167	0,1,2,3,4,5,6,7,8,9,10,11,12,13,14,15,16,17,18,19	15,19,23,27,31,35,39,43,47,51,55,59,63,67,71,75,79,83,87,91	1	linear	0	44000
47599	0,1,2,3,4,5,6,7,8,9,10,11,12,13,14,15,16,17,18,19	15,19,23,27,31,35,39,43,47,51,55,59,63,67,71,75,79,83,87,91	1	linear	0	44000
47784	0,1,2,3,4,5,6,7,8,9,10,11,12,13,14,15,16,17,18,19	15,19,23,27,31,35,39,43,47,51,55,59,63,67,71,75,79,83,87,91	1	linear	0	44000
45424	0,1,2,3,4,5,6,7,8,9,10,11,12,13,14,15,16,17,18,19	15,19,23,27,31,35,39,43,47,51,55,59,63,67,71,75,79,83,87,91	1	linear	0	44000
45089	0,1,2,3,4,5,6,7,8,9,10,11,12,13,14,15,16,17,18,19	15,19,23,27,31,35,39,43,47,51,55,59,63,67,71,75,79,83,87,91	1	linear	0	44000
45425	0,1,2,3,4,5,6,7,8,9,10,11,12,13,14,15,16,17,18,19	15,19,23,27,31,35,39,43,47,51,55,59,63,67,71,75,79,83,87,91	1	linear	0	44000
47854	0,1,2,3,4,5,6,7,8,9,10,11,12,13,14,15,16,17,18,19	15,19,23,27,31,35,39,43,47,51,55,59,63,67,71,75,79,83,87,91	1	linear	0	44000
45924	0,1,2,3,4,5,6,7,8,9,10,11,12,13,14,15,16,17,18,19	15,19,23,27,31,35,39,43,47,51,55,59,63,67,71,75,79,83,87,91	1	linear	0	44000
44401	0,1,2,3,4,5,6,7,8,9,10,11,12,13,14,15,16,17,18,19	15,19,23,27,31,35,39,43,47,51,55,59,63,67,71,75,79,83,87,91	1	linear	0	44000
45842	0,1,2,3,4,5,6,7,8,9,10,11,12,13,14,15,16,17,18,19	15,19,23,27,31,35,39,43,47,51,55,59,63,67,71,75,79,83,87,91	1	linear	0	44000
46812	0,1,2,3,4,5,6,7,8,9,10,11,12,13,14,15,16,17,18,19	15,19,23,27,31,35,39,43,47,51,55,59,63,67,71,75,79,83,87,91	1	linear	0	44000
47194	0,1,2,3,4,5,6,7,8,9,10,11,12,13,14,15,16,17,18,19	15,19,23,27,31,35,39,43,47,51,55,59,63,67,71,75,79,83,87,91	1	linear	0	44000
44497	0,1,2,3,4,5,6,7,8,9,10,11,12,13,14,15,16,17,18,19	15,19,23,27,31,35,39,43,47,51,55,59,63,67,71,75,79,83,87,91	1	linear	0	44000
44156	0,1,2,3,4,5,6,7,8,9,10,11,12,13,14,15,16,17,18,19	15,19,23,27,31,35,39,43,47,51,55,59,63,67,71,75,79,83,87,91	1	linear	0	44000
47415	0,1,2,3,4,5,6,7,8,9,10,11,12,13,14,15,16,17,18,19	15,19,23,27,31,35,39,43,47,51,55,59,63,67,71,75,79,83,87,91	1	linear	0	44000
45406	0,1,2,3,4,5,6,7,8,9,10,11,12,13,14,15,16,17,18,19	15,19,23,27,31,35,39,43,47,51,55,59,63,67,71,75,79,83,87,91	1	linear	0	44000
47741	0,1,2,3,4,5,6,7,8,9,10,11,12,13,14,15,16,17,18,19	15,19,23,27,31,35,39,43,47,51,55,59,63,67,71,75,79,83,87,91	1	linear	0	44000
46446	0,1,2,3,4,5,6,7,8,9,10,11,12,13,14,15,16,17,18,19	15,19,23,27,31,35,39,43,47,51,55,59,63,67,71,75,79,83,87,91	1	linear	0	44000
47306	0,1,2,3,4,5,6,7,8,9,10,11,12,13,14,15,16,17,18,19	15,19,23,27,31,35,39,43,47,51,55,59,63,67,71,75,79,83,87,91	1	linear	0	44000
47847	0,1,2,3,4,5,6,7,8,9,10,11,12,13,14,15,16,17,18,19	15,19,23,27,31,35,39,43,47,51,55,59,63,67,71,75,79,83,87,91	1	linear	0	44000
45354	0,1,2,3,4,5,6,7,8,9,10,11,12,13,14,15,16,17,18,19	15,19,23,27,31,35,39,43,47,51,55,59,63,67,71,75,79,83,87,91	1	linear	0	44000
47726	0,1,2,3,4,5,6,7,8,9,10,11,12,13,14,15,16,17,18,19	15,19,23,27,31,35,39,43,47,51,55,59,63,67,71,75,79,83,87,91	1	linear	0	44000
46433	0,1,2,3,4,5,6,7,8,9,10,11,12,13,14,15,16,17,18,19	15,19,23,27,31,35,39,43,47,51,55,59,63,67,71,75,79,83,87,91	1	linear	0	44000
45046	0,1,2,3,4,5,6,7,8,9,10,11,12,13,14,15,16,17,18,19	15,19,23,27,31,35,39,43,47,51,55,59,63,67,71,75,79,83,87,91	1	linear	0	44000
45156	0,1,2,3,4,5,6,7,8,9,10,11,12,13,14,15,16,17,18,19	15,19,23,27,31,35,39,43,47,51,55,59,63,67,71,75,79,83,87,91	1	linear	0	44000
45192	0,1,2,3,4,5,6,7,8,9,10,11,12,13,14,15,16,17,18,19	15,19,23,27,31,35,39,43,47,51,55,59,63,67,71,75,79,83,87,91	1	linear	0	44000
47772	0,1,2,3,4,5,6,7,8,9,10,11,12,13,14,15,16,17,18,19	15,19,23,27,31,35,39,43,47,51,55,59,63,67,71,75,79,83,87,91	1	linear	0	44000
45193	0,1,2,3,4,5,6,7,8,9,10,11,12,13,14,15,16,17,18,19	15,19,23,27,31,35,39,43,47,51,55,59,63,67,71,75,79,83,87,91	1	linear	0	44000
44430	0,1,2,3,4,5,6,7,8,9,10,11,12,13,14,15,16,17,18,19	15,19,23,27,31,35,39,43,47,51,55,59,63,67,71,75,79,83,87,91	1	linear	0	44000
46509	0,1,2,3,4,5,6,7,8,9,10,11,12,13,14,15,16,17,18,19	15,19,23,27,31,35,39,43,47,51,55,59,63,67,71,75,79,83,87,91	1	linear	0	44000
46468	0,1,2,3,4,5,6,7,8,9,10,11,12,13,14,15,16,17,18,19	15,19,23,27,31,35,39,43,47,51,55,59,63,67,71,75,79,83,87,91	1	linear	0	44000
44180	0,1,2,3,4,5,6,7,8,9,10,11,12,13,14,15,16,17,18,19	15,19,23,27,31,35,39,43,47,51,55,59,63,67,71,75,79,83,87,91	1	linear	0	44000
44416	0,1,2,3,4,5,6,7,8,9,10,11,12,13,14,15,16,17,18,19	15,19,23,27,31,35,39,43,47,51,55,59,63,67,71,75,79,83,87,91	1	linear	0	44000
47996	0,1,2,3,4,5,6,7,8,9,10,11,12,13,14,15,16,17,18,19	15,19,23,27,31,35,39,43,47,51,55,59,63,67,71,75,79,83,87,91	1	linear	0	44000
44993	0,1,2,3,4,5,6,7,8,9,10,11,12,13,14,15,16,17,18,19	15,19,23,27,31,35,39,43,47,51,55,59,63,67,71,75,79,83,87,91	1	linear	0	44000
47738	0,1,2,3,4,5,6,7,8,9,10,11,12,13,14,15,16,17,18,19	15,19,23,27,31,35,39,43,47,51,55,59,63,67,71,75,79,83,87,91	1	linear	0	44000
45490	0,1,2,3,4,5,6,7,8,9,10,11,12,13,14,15,16,17,18,19	15,19,23,27,31,35,39,43,47,51,55,59,63,67,71,75,79,83,87,91	1	linear	0	44000
46873	0,1,2,3,4,5,6,7,8,9,10,11,12,13,14,15,16,17,18,19	15,19,23,27,31,35,39,43,47,51,55,59,63,67,71,75,79,83,87,91	1	linear	0	44000
46608	0,1,2,3,4,5,6,7,8,9,10,11,12,13,14,15,16,17,18,19	15,19,23,27,31,35,39,43,47,51,55,59,63,67,71,75,79,83,87,91	1	linear	0	44000
47875	0,1,2,3,4,5,6,7,8,9,10,11,12,13,14,15,16,17,18,19	15,19,23,27,31,35,39,43,47,51,55,59,63,67,71,75,79,83,87,91	1	linear	0	44000
46024	0,1,2,3,4,5,6,7,8,9,10,11,12,13,14,15,16,17,18,19	15,19,23,27,31,35,39,43,47,51,55,59,63,67,71,75,79,83,87,91	1	linear	0	44000
44197	0,1,2,3,4,5,6,7,8,9,10,11,12,13,14,15,16,17,18,19	15,19,23,27,31,35,39,43,47,51,55,59,63,67,71,75,79,83,87,91	1	linear	0	44000
47587	0,1,2,3,4,5,6,7,8,9,10,11,12,13,14,15,16,17,18,19	15,19,23,27,31,35,39,43,47,51,55,59,63,67,71,75,79,83,87,91	1	linear	0	44000
45026	0,1,2,3,4,5,6,7,8,9,10,11,12,13,14,15,16,17,18,19	15,19,23,27,31,35,39,43,47,51,55,59,63,67,71,75,79,83,87,91	1	linear	0	44000
47805	0,1,2,3,4,5,6,7,8,9,10,11,12,13,14,15,16,17,18,19	15,19,23,27,31,35,39,43,47,51,55,59,63,67,71,75,79,83,87,91	1	linear	0	44000
44275	0,1,2,3,4,5,6,7,8,9,10,11,12,13,14,15,16,17,18,19	15,19,23,27,31,35,39,43,47,51,55,59,63,67,71,75,79,83,87,91	1	linear	0	44000
47380	0,1,2,3,4,5,6,7,8,9,10,11,12,13,14,15,16,17,18,19	15,19,23,27,31,35,39,43,47,51,55,59,63,67,71,75,79,83,87,91	1	linear	0	44000
46735	0,1,2,3,4,5,6,7,8,9,10,11,12,13,14,15,16,17,18,19	15,19,23,27,31,35,39,43,47,51,55,59,63,67,71,75,79,83,87,91	1	linear	0	44000
47056	0,1,2,3,4,5,6,7,8,9,10,11,12,13,14,15,16,17,18,19	15,19,23,27,31,35,39,43,47,51,55,59,63,67,71,75,79,83,87,91	1	linear	0	44000
45140	0,1,2,3,4,5,6,7,8,9,10,11,12,13,14,15,16,17,18,19	15,19,23,27,31,35,39,43,47,51,55,59,63,67,71,75,79,83,87,91	1	linear	0	44000
44223	0,1,2,3,4,5,6,7,8,9,10,11,12,13,14,15,16,17,18,19	15,19,23,27,31,35,39,43,47,51,55,59,63,67,71,75,79,83,87,91	1	linear	0	44000
46612	0,1,2,3,4,5,6,7,8,9,10,11,12,13,14,15,16,17,18,19	15,19,23,27,31,35,39,43,47,51,55,59,63,67,71,75,79,83,87,91	1	linear	0	44000
46748	0,1,2,3,4,5,6,7,8,9,10,11,12,13,14,15,16,17,18,19	15,19,23,27,31,35,39,43,47,51,55,59,63,67,71,75,79,83,87,91	1	linear	0	44000
44576	0,1,2,3,4,5,6,7,8,9,10,11,12,13,14,15,16,17,18,19	15,19,23,27,31,35,39,43,47,51,55,59,63,67,71,75,79,83,87,91	1	linear	0	44000
45806	0,1,2,3,4,5,6,7,8,9,10,11,12,13,14,15,16,17,18,19	15,19,23,27,31,35,39,43,47,51,55,59,63,67,71,75,79,83,87,91	1	linear	0	44000
44360	0,1,2,3,4,5,6,7,8,9,10,11,12,13,14,15,16,17,18,19	15,19,23,27,31,35,39,43,47,51,55,59,63,67,71,75,79,83,87,91	1	linear	0	44000
46260	0,1,2,3,4,5,6,7,8,9,10,11,12,13,14,15,16,17,18,19	15,19,23,27,31,35,39,43,47,51,55,59,63,67,71,75,79,83,87,91	1	linear	0	44000
47225	0,1,2,3,4,5,6,7,8,9,10,11,12,13,14,15,16,17,18,19	15,19,23,27,31,35,39,43,47,51,55,59,63,67,71,75,79,83,87,91	1	linear	0	44000
46969	0,1,2,3,4,5,6,7,8,9,10,11,12,13,14,15,16,17,18,19	15,19,23,27,31,35,39,43,47,51,55,59,63,67,71,75,79,83,87,91	1	linear	0	44000
46568	0,1,2,3,4,5,6,7,8,9,10,11,12,13,14,15,16,17,18,19	15,19,23,27,31,35,39,43,47,51,55,59,63,67,71,75,79,83,87,91	1	linear	0	44000
45846	0,1,2,3,4,5,6,7,8,9,10,11,12,13,14,15,16,17,18,19	15,19,23,27,31,35,39,43,47,51,55,59,63,67,71,75,79,83,87,91	1	linear	0	44000
46213	0,1,2,3,4,5,6,7,8,9,10,11,12,13,14,15,16,17,18,19	15,19,23,27,31,35,39,43,47,51,55,59,63,67,71,75,79,83,87,91	1	linear	0	44000
44933	0,1,2,3,4,5,6,7,8,9,10,11,12,13,14,15,16,17,18,19	15,19,23,27,31,35,39,43,47,51,55,59,63,67,71,75,79,83,87,91	1	linear	0	44000
47314	0,1,2,3,4,5,6,7,8,9,10,11,12,13,14,15,16,17,18,19	15,19,23,27,31,35,39,43,47,51,55,59,63,67,71,75,79,83,87,91	1	linear	0	44000
47018	0,1,2,3,4,5,6,7,8,9,10,11,12,13,14,15,16,17,18,19	15,19,23,27,31,35,39,43,47,51,55,59,63,67,71,75,79,83,87,91	1	linear	0	44000
44111	0,1,2,3,4,5,6,7,8,9,10,11,12,13,14,15,16,17,18,19	15,19,23,27,31,35,39,43,47,51,55,59,63,67,71,75,79,83,87,91	1	linear	0	44000
45118	0,1,2,3,4,5,6,7,8,9,10,11,12,13,14,15,16,17,18,19	15,19,23,27,31,35,39,43,47,51,55,59,63,67,71,75,79,83,87,91	1	linear	0	44000
47383	0,1,2,3,4,5,6,7,8,9,10,11,12,13,14,15,16,17,18,19	15,19,23,27,31,35,39,43,47,51,55,59,63,67,71,75,79,83,87,91	1	linear	0	44000
47293	0,1,2,3,4,5,6,7,8,9,10,11,12,13,14,15,16,17,18,19	15,19,23,27,31,35,39,43,47,51,55,59,63,67,71,75,79,83,87,91	1	linear	0	44000
44588	0,1,2,3,4,5,6,7,8,9,10,11,12,13,14,15,16,17,18,19	15,19,23,27,31,35,39,43,47,51,55,59,63,67,71,75,79,83,87,91	1	linear	0	44000
46184	0,1,2,3,4,5,6,7,8,9,10,11,12,13,14,15,16,17,18,19	15,19,23,27,31,35,39,43,47,51,55,59,63,67,71,75,79,83,87,91	1	linear	0	44000
47151	0,1,2,3,4,5,6,7,8,9,10,11,12,13,14,15,16,17,18,19	15,19,23,27,31,35,39,43,47,51,55,59,63,67,71,75,79,83,87,91	1	linear	0	44000
46594	0,1,2,3,4,5,6,7,8,9,10,11,12,13,14,15,16,17,18,19	15,19,23,27,31,35,39,43,47,51,55,59,63,67,71,75,79,83,87,91	1	linear	0	44000
45033	0,1,2,3,4,5,6,7,8,9,10,11,12,13,14,15,16,17,18,19	15,19,23,27,31,35,39,43,47,51,55,59,63,67,71,75,79,83,87,91	1	linear	0	44000
47356	0,1,2,3,4,5,6,7,8,9,10,11,12,13,14,15,16,17,18,19	15,19,23,27,31,35,39,43,47,51,55,59,63,67,71,75,79,83,87,91	1	linear	0	44000
47160	0,1,2,3,4,5,6,7,8,9,10,11,12,13,14,15,16,17,18,19	15,19,23,27,31,35,39,43,47,51,55,59,63,67,71,75,79,83,87,91	1	linear	0	44000
46436	0,1,2,3,4,5,6,7,8,9,10,11,12,13,14,15,16,17,18,19	15,19,23,27,31,35,39,43,47,51,55,59,63,67,71,75,79,83,87,91	1	linear	0	44000
47569	0,1,2,3,4,5,6,7,8,9,10,11,12,13,14,15,16,17,18,19	15,19,23,27,31,35,39,43,47,51,55,59,63,67,71,75,79,83,87,91	1	linear	0	44000
44951	0,1,2,3,4,5,6,7,8,9,10,11,12,13,14,15,16,17,18,19	15,19,23,27,31,35,39,43,47,51,55,59,63,67,71,75,79,83,87,91	1	linear	0	44000
46557	0,1,2,3,4,5,6,7,8,9,10,11,12,13,14,15,16,17,18,19	15,19,23,27,31,35,39,43,47,51,55,59,63,67,71,75,79,83,87,91	1	linear	0	44000
46894	0,1,2,3,4,5,6,7,8,9,10,11,12,13,14,15,16,17,18,19	15,19,23,27,31,35,39,43,47,51,55,59,63,67,71,75,79,83,87,91	1	linear	0	44000
45774	0,1,2,3,4,5,6,7,8,9,10,11,12,13,14,15,16,17,18,19	15,19,23,27,31,35,39,43,47,51,55,59,63,67,71,75,79,83,87,91	1	linear	0	44000
47436	0,1,2,3,4,5,6,7,8,9,10,11,12,13,14,15,16,17,18,19	15,19,23,27,31,35,39,43,47,51,55,59,63,67,71,75,79,83,87,91	1	linear	0	44000
45100	0,1,2,3,4,5,6,7,8,9,10,11,12,13,14,15,16,17,18,19	15,19,23,27,31,35,39,43,47,51,55,59,63,67,71,75,79,83,87,91	1	linear	0	44000
46682	0,1,2,3,4,5,6,7,8,9,10,11,12,13,14,15,16,17,18,19	15,19,23,27,31,35,39,43,47,51,55,59,63,67,71,75,79,83,87,91	1	linear	0	44000
46793	0,1,2,3,4,5,6,7,8,9,10,11,12,13,14,15,16,17,18,19	15,19,23,27,31,35,39,43,47,51,55,59,63,67,71,75,79,83,87,91	1	linear	0	44000
44266	0,1,2,3,4,5,6,7,8,9,10,11,12,13,14,15,16,17,18,19	15,19,23,27,31,35,39,43,47,51,55,59,63,67,71,75,79,83,87,91	1	linear	0	44000
44956	0,1,2,3,4,5,6,7,8,9,10,11,12,13,14,15,16,17,18,19	15,19,23,27,31,35,39,43,47,51,55,59,63,67,71,75,79,83,87,91	1	linear	0	44000
45966	0,1,2,3,4,5,6,7,8,9,10,11,12,13,14,15,16,17,18,19	15,19,23,27,31,35,39,43,47,51,55,59,63,67,71,75,79,83,87,91	1	linear	0	44000
44449	0,1,2,3,4,5,6,7,8,9,10,11,12,13,14,15,16,17,18,19	15,19,23,27,31,35,39,43,47,51,55,59,63,67,71,75,79,83,87,91	1	linear	0	44000
46889	0,1,2,3,4,5,6,7,8,9,10,11,12,13,14,15,16,17,18,19	15,19,23,27,31,35,39,43,47,51,55,59,63,67,71,75,79,83,87,91	1	linear	0	44000
47748	0,1,2,3,4,5,6,7,8,9,10,11,12,13,14,15,16,17,18,19	15,19,23,27,31,35,39,43,47,51,55,59,63,67,71,75,79,83,87,91	1	linear	0	44000
44626	0,1,2,3,4,5,6,7,8,9,10,11,12,13,14,15,16,17,18,19	15,19,23,27,31,35,39,43,47,51,55,59,63,67,71,75,79,83,87,91	1	linear	0	44000
46403	0,1,2,3,4,5,6,7,8,9,10,11,12,13,14,15,16,17,18,19	15,19,23,27,31,35,39,43,47,51,55,59,63,67,71,75,79,83,87,91	1	linear	0	44000
46539	0,1,2,3,4,5,6,7,8,9,10,11,12,13,14,15,16,17,18,19	15,19,23,27,31,35,39,43,47,51,55,59,63,67,71,75,79,83,87,91	1	linear	0	44000
46976	0,1,2,3,4,5,6,7,8,9,10,11,12,13,14,15,16,17,18,19	15,19,23,27,31,35,39,43,47,51,55,59,63,67,71,75,79,83,87,91	1	linear	0	44000
45215	0,1,2,3,4,5,6,7,8,9,10,11,12,13,14,15,16,17,18,19	15,19,23,27,31,35,39,43,47,51,55,59,63,67,71,75,79,83,87,91	1	linear	0	44000
44914	0,1,2,3,4,5,6,7,8,9,10,11,12,13,14,15,16,17,18,19	15,19,23,27,31,35,39,43,47,51,55,59,63,67,71,75,79,83,87,91	1	linear	0	44000
44450	0,1,2,3,4,5,6,7,8,9,10,11,12,13,14,15,16,17,18,19	15,19,23,27,31,35,39,43,47,51,55,59,63,67,71,75,79,83,87,91	1	linear	0	44000
45054	0,1,2,3,4,5,6,7,8,9,10,11,12,13,14,15,16,17,18,19	15,19,23,27,31,35,39,43,47,51,55,59,63,67,71,75,79,83,87,91	1	linear	0	44000
47564	0,1,2,3,4,5,6,7,8,9,10,11,12,13,14,15,16,17,18,19	15,19,23,27,31,35,39,43,47,51,55,59,63,67,71,75,79,83,87,91	1	linear	0	44000
45641	0,1,2,3,4,5,6,7,8,9,10,11,12,13,14,15,16,17,18,19	15,19,23,27,31,35,39,43,47,51,55,59,63,67,71,75,79,83,87,91	1	linear	0	44000
46078	0,1,2,3,4,5,6,7,8,9,10,11,12,13,14,15,16,17,18,19	15,19,23,27,31,35,39,43,47,51,55,59,63,67,71,75,79,83,87,91	1	linear	0	44000
47529	0,1,2,3,4,5,6,7,8,9,10,11,12,13,14,15,16,17,18,19	15,19,23,27,31,35,39,43,47,51,55,59,63,67,71,75,79,83,87,91	1	linear	0	44000
44967	0,1,2,3,4,5,6,7,8,9,10,11,12,13,14,15,16,17,18,19	15,19,23,27,31,35,39,43,47,51,55,59,63,67,71,75,79,83,87,91	1	linear	0	44000
45741	0,1,2,3,4,5,6,7,8,9,10,11,12,13,14,15,16,17,18,19	15,19,23,27,31,35,39,43,47,51,55,59,63,67,71,75,79,83,87,91	1	linear	0	44000
46559	0,1,2,3,4,5,6,7,8,9,10,11,12,13,14,15,16,17,18,19	15,19,23,27,31,35,39,43,47,51,55,59,63,67,71,75,79,83,87,91	1	linear	0	44000
44800	0,1,2,3,4,5,6,7,8,9,10,11,12,13,14,15,16,17,18,19	15,19,23,27,31,35,39,43,47,51,55,59,63,67,71,75,79,83,87,91	1	linear	0	44000
45713	0,1,2,3,4,5,6,7,8,9,10,11,12,13,14,15,16,17,18,19	15,19,23,27,31,35,39,43,47,51,55,59,63,67,71,75,79,83,87,91	1	linear	0	44000
46915	0,1,2,3,4,5,6,7,8,9,10,11,12,13,14,15,16,17,18,19	15,19,23,27,31,35,39,43,47,51,55,59,63,67,71,75,79,83,87,91	1	linear	0	44000
46588	0,1,2,3,4,5,6,7,8,9,10,11,12,13,14,15,16,17,18,19	15,19,23,27,31,35,39,43,47,51,55,59,63,67,71,75,79,83,87,91	1	linear	0	44000
45937	0,1,2,3,4,5,6,7,8,9,10,11,12,13,14,15,16,17,18,19	15,19,23,27,31,35,39,43,47,51,55,59,63,67,71,75,79,83,87,91	1	linear	0	44000
47214	0,1,2,3,4,5,6,7,8,9,10,11,12,13,14,15,16,17,18,19	15,19,23,27,31,35,39,43,47,51,55,59,63,67,71,75,79,83,87,91	1	linear	0	44000
47029	0,1,2,3,4,5,6,7,8,9,10,11,12,13,14,15,16,17,18,19	15,19,23,27,31,35,39,43,47,51,55,59,63,67,71,75,79,83,87,91	1	linear	0	44000
45012	0,1,2,3,4,5,6,7,8,9,10,11,12,13,14,15,16,17,18,19	15,19,23,27,31,35,39,43,47,51,55,59,63,67,71,75,79,83,87,91	1	linear	0	44000
44966	0,1,2,3,4,5,6,7,8,9,10,11,12,13,14,15,16,17,18,19	15,19,23,27,31,35,39,43,47,51,55,59,63,67,71,75,79,83,87,91	1	linear	0	44000
45744	0,1,2,3,4,5,6,7,8,9,10,11,12,13,14,15,16,17,18,19	15,19,23,27,31,35,39,43,47,51,55,59,63,67,71,75,79,83,87,91	1	linear	0	44000
45971	0,1,2,3,4,5,6,7,8,9,10,11,12,13,14,15,16,17,18,19	15,19,23,27,31,35,39,43,47,51,55,59,63,67,71,75,79,83,87,91	1	linear	0	44000
45175	0,1,2,3,4,5,6,7,8,9,10,11,12,13,14,15,16,17,18,19	15,19,23,27,31,35,39,43,47,51,55,59,63,67,71,75,79,83,87,91	1	linear	0	44000
47433	0,1,2,3,4,5,6,7,8,9,10,11,12,13,14,15,16,17,18,19	15,19,23,27,31,35,39,43,47,51,55,59,63,67,71,75,79,83,87,91	1	linear	0	44000
47365	0,1,2,3,4,5,6,7,8,9,10,11,12,13,14,15,16,17,18,19	15,19,23,27,31,35,39,43,47,51,55,59,63,67,71,75,79,83,87,91	1	linear	0	44000
44479	0,1,2,3,4,5,6,7,8,9,10,11,12,13,14,15,16,17,18,19	15,19,23,27,31,35,39,43,47,51,55,59,63,67,71,75,79,83,87,91	1	linear	0	44000
45075	0,1,2,3,4,5,6,7,8,9,10,11,12,13,14,15,16,17,18,19	15,19,23,27,31,35,39,43,47,51,55,59,63,67,71,75,79,83,87,91	1	linear	0	44000
45662	0,1,2,3,4,5,6,7,8,9,10,11,12,13,14,15,16,17,18,19	15,19,23,27,31,35,39,43,47,51,55,59,63,67,71,75,79,83,87,91	1	linear	0	44000
45827	0,1,2,3,4,5,6,7,8,9,10,11,12,13,14,15,16,17,18,19	15,19,23,27,31,35,39,43,47,51,55,59,63,67,71,75,79,83,87,91	1	linear	0	44000
45031	0,1,2,3,4,5,6,7,8,9,10,11,12,13,14,15,16,17,18,19	15,19,23,27,31,35,39,43,47,51,55,59,63,67,71,75,79,83,87,91	1	linear	0	44000
47542	0,1,2,3,4,5,6,7,8,9,10,11,12,13,14,15,16,17,18,19	15,19,23,27,31,35,39,43,47,51,55,59,63,67,71,75,79,83,87,91	1	linear	0	44000
44492	0,1,2,3,4,5,6,7,8,9,10,11,12,13,14,15,16,17,18,19	15,19,23,27,31,35,39,43,47,51,55,59,63,67,71,75,79,83,87,91	1	linear	0	44000
47093	0,1,2,3,4,5,6,7,8,9,10,11,12,13,14,15,16,17,18,19	15,19,23,27,31,35,39,43,47,51,55,59,63,67,71,75,79,83,87,91	1	linear	0	44000
46955	0,1,2,3,4,5,6,7,8,9,10,11,12,13,14,15,16,17,18,19	15,19,23,27,31,35,39,43,47,51,55,59,63,67,71,75,79,83,87,91	1	linear	0	44000
44186	0,1,2,3,4,5,6,7,8,9,10,11,12,13,14,15,16,17,18,19	15,19,23,27,31,35,39,43,47,51,55,59,63,67,71,75,79,83,87,91	1	linear	0	44000
46516	0,1,2,3,4,5,6,7,8,9,10,11,12,13,14,15,16,17,18,19	15,19,23,27,31,35,39,43,47,51,55,59,63,67,71,75,79,83,87,91	1	linear	0	44000
44534	0,1,2,3,4,5,6,7,8,9,10,11,12,13,14,15,16,17,18,19	15,19,23,27,31,35,39,43,47,51,55,59,63,67,71,75,79,83,87,91	1	linear	0	44000
47969	0,1,2,3,4,5,6,7,8,9,10,11,12,13,14,15,16,17,18,19	15,19,23,27,31,35,39,43,47,51,55,59,63,67,71,75,79,83,87,91	1	linear	0	44000
179593	0,1,2,3,4,5,6,7,8,9,10,11,12,13,14,15,16,17,18,19	14.0,10.8,8.0,5.6,3.6,2.0,0.8,2.22044604925e-16,-0.4,-0.4,0.0,0.8,2.0,3.6,5.6,8.0,10.8,14.0,17.6,21.6	3	poly	0	176000
176008	0,1,2,3,4,5,6,7,8,9,10,11,12,13,14,15,16,17,18,19	14.0,10.8,8.0,5.6,3.6,2.0,0.8,2.22044604925e-16,-0.4,-0.4,0.0,0.8,2.0,3.6,5.6,8.0,10.8,14.0,17.6,21.6	3	poly	0	176000
176156	0,1,2,3,4,5,6,7,8,9,10,11,12,13,14,15,16,17,18,19	14.0,10.8,8.0,5.6,3.6,2.0,0.8,2.22044604925e-16,-0.4,-0.4,0.0,0.8,2.0,3.6,5.6,8.0,10.8,14.0,17.6,21.6	3	poly	0	176000
177207	0,1,2,3,4,5,6,7,8,9,10,11,12,13,14,15,16,17,18,19	14.0,10.8,8.0,5.6,3.6,2.0,0.8,2.22044604925e-16,-0.4,-0.4,0.0,0.8,2.0,3.6,5.6,8.0,10.8,14.0,17.6,21.6	3	poly	0	176000
179479	0,1,2,3,4,5,6,7,8,9,10,11,12,13,14,15,16,17,18,19	14.0,10.8,8.0,5.6,3.6,2.0,0.8,2.22044604925e-16,-0.4,-0.4,0.0,0.8,2.0,3.6,5.6,8.0,10.8,14.0,17.6,21.6	3	poly	0	176000
179094	0,1,2,3,4,5,6,7,8,9,10,11,12,13,14,15,16,17,18,19	14.0,10.8,8.0,5.6,3.6,2.0,0.8,2.22044604925e-16,-0.4,-0.4,0.0,0.8,2.0,3.6,5.6,8.0,10.8,14.0,17.6,21.6	3	poly	0	176000
179687	0,1,2,3,4,5,6,7,8,9,10,11,12,13,14,15,16,17,18,19	14.0,10.8,8.0,5.6,3.6,2.0,0.8,2.22044604925e-16,-0.4,-0.4,0.0,0.8,2.0,3.6,5.6,8.0,10.8,14.0,17.6,21.6	3	poly	0	176000
179153	0,1,2,3,4,5,6,7,8,9,10,11,12,13,14,15,16,17,18,19	14.0,10.8,8.0,5.6,3.6,2.0,0.8,2.22044604925e-16,-0.4,-0.4,0.0,0.8,2.0,3.6,5.6,8.0,10.8,14.0,17.6,21.6	3	poly	0	176000
177066	0,1,2,3,4,5,6,7,8,9,10,11,12,13,14,15,16,17,18,19	14.0,10.8,8.0,5.6,3.6,2.0,0.8,2.22044604925e-16,-0.4,-0.4,0.0,0.8,2.0,3.6,5.6,8.0,10.8,14.0,17.6,21.6	3	poly	0	176000
179248	0,1,2,3,4,5,6,7,8,9,10,11,12,13,14,15,16,17,18,19	14.0,10.8,8.0,5.6,3.6,2.0,0.8,2.22044604925e-16,-0.4,-0.4,0.0,0.8,2.0,3.6,5.6,8.0,10.8,14.0,17.6,21.6	3	poly	0	176000
178091	0,1,2,3,4,5,6,7,8,9,10,11,12,13,14,15,16,17,18,19	14.0,10.8,8.0,5.6,3.6,2.0,0.8,2.22044604925e-16,-0.4,-0.4,0.0,0.8,2.0,3.6,5.6,8.0,10.8,14.0,17.6,21.6	3	poly	0	176000
178960	0,1,2,3,4,5,6,7,8,9,10,11,12,13,14,15,16,17,18,19	14.0,10.8,8.0,5.6,3.6,2.0,0.8,2.22044604925e-16,-0.4,-0.4,0.0,0.8,2.0,3.6,5.6,8.0,10.8,14.0,17.6,21.6	3	poly	0	176000
179625	0,1,2,3,4,5,6,7,8,9,10,11,12,13,14,15,16,17,18,19	14.0,10.8,8.0,5.6,3.6,2.0,0.8,2.22044604925e-16,-0.4,-0.4,0.0,0.8,2.0,3.6,5.6,8.0,10.8,14.0,17.6,21.6	3	poly	0	176000
179017	0,1,2,3,4,5,6,7,8,9,10,11,12,13,14,15,16,17,18,19	14.0,10.8,8.0,5.6,3.6,2.0,0.8,2.22044604925e-16,-0.4,-0.4,0.0,0.8,2.0,3.6,5.6,8.0,10.8,14.0,17.6,21.6	3	poly	0	176000
179303	0,1,2,3,4,5,6,7,8,9,10,11,12,13,14,15,16,17,18,19	14.0,10.8,8.0,5.6,3.6,2.0,0.8,2.22044604925e-16,-0.4,-0.4,0.0,0.8,2.0,3.6,5.6,8.0,10.8,14.0,17.6,21.6	3	poly	0	176000
179908	0,1,2,3,4,5,6,7,8,9,10,11,12,13,14,15,16,17,18,19	14.0,10.8,8.0,5.6,3.6,2.0,0.8,2.22044604925e-16,-0.4,-0.4,0.0,0.8,2.0,3.6,5.6,8.0,10.8,14.0,17.6,21.6	3	poly	0	176000
177573	0,1,2,3,4,5,6,7,8,9,10,11,12,13,14,15,16,17,18,19	14.0,10.8,8.0,5.6,3.6,2.0,0.8,2.22044604925e-16,-0.4,-0.4,0.0,0.8,2.0,3.6,5.6,8.0,10.8,14.0,17.6,21.6	3	poly	0	176000
178526	0,1,2,3,4,5,6,7,8,9,10,11,12,13,14,15,16,17,18,19	14.0,10.8,8.0,5.6,3.6,2.0,0.8,2.22044604925e-16,-0.4,-0.4,0.0,0.8,2.0,3.6,5.6,8.0,10.8,14.0,17.6,21.6	3	poly	0	176000
177928	0,1,2,3,4,5,6,7,8,9,10,11,12,13,14,15,16,17,18,19	14.0,10.8,8.0,5.6,3.6,2.0,0.8,2.22044604925e-16,-0.4,-0.4,0.0,0.8,2.0,3.6,5.6,8.0,10.8,14.0,17.6,21.6	3	poly	0	176000
178896	0,1,2,3,4,5,6,7,8,9,10,11,12,13,14,15,16,17,18,19	14.0,10.8,8.0,5.6,3.6,2.0,0.8,2.22044604925e-16,-0.4,-0.4,0.0,0.8,2.0,3.6,5.6,8.0,10.8,14.0,17.6,21.6	3	poly	0	176000
179290	0,1,2,3,4,5,6,7,8,9,10,11,12,13,14,15,16,17,18,19	14.0,10.8,8.0,5.6,3.6,2.0,0.8,2.22044604925e-16,-0.4,-0.4,0.0,0.8,2.0,3.6,5.6,8.0,10.8,14.0,17.6,21.6	3	poly	0	176000
177398	0,1,2,3,4,5,6,7,8,9,10,11,12,13,14,15,16,17,18,19	14.0,10.8,8.0,5.6,3.6,2.0,0.8,2.22044604925e-16,-0.4,-0.4,0.0,0.8,2.0,3.6,5.6,8.0,10.8,14.0,17.6,21.6	3	poly	0	176000
179812	0,1,2,3,4,5,6,7,8,9,10,11,12,13,14,15,16,17,18,19	14.0,10.8,8.0,5.6,3.6,2.0,0.8,2.22044604925e-16,-0.4,-0.4,0.0,0.8,2.0,3.6,5.6,8.0,10.8,14.0,17.6,21.6	3	poly	0	176000
178585	0,1,2,3,4,5,6,7,8,9,10,11,12,13,14,15,16,17,18,19	14.0,10.8,8.0,5.6,3.6,2.0,0.8,2.22044604925e-16,-0.4,-0.4,0.0,0.8,2.0,3.6,5.6,8.0,10.8,14.0,17.6,21.6	3	poly	0	176000
178341	0,1,2,3,4,5,6,7,8,9,10,11,12,13,14,15,16,17,18,19	14.0,10.8,8.0,5.6,3.6,2.0,0.8,2.22044604925e-16,-0.4,-0.4,0.0,0.8,2.0,3.6,5.6,8.0,10.8,14.0,17.6,21.6	3	poly	0	176000
179525	0,1,2,3,4,5,6,7,8,9,10,11,12,13,14,15,16,17,18,19	14.0,10.8,8.0,5.6,3.6,2.0,0.8,2.22044604925e-16,-0.4,-0.4,0.0,0.8,2.0,3.6,5.6,8.0,10.8,14.0,17.6,21.6	3	poly	0	176000
178861	0,1,2,3,4,5,6,7,8,9,10,11,12,13,14,15,16,17,18,19	14.0,10.8,8.0,5.6,3.6,2.0,0.8,2.22044604925e-16,-0.4,-0.4,0.0,0.8,2.0,3.6,5.6,8.0,10.8,14.0,17.6,21.6	3	poly	0	176000
179188	0,1,2,3,4,5,6,7,8,9,10,11,12,13,14,15,16,17,18,19	14.0,10.8,8.0,5.6,3.6,2.0,0.8,2.22044604925e-16,-0.4,-0.4,0.0,0.8,2.0,3.6,5.6,8.0,10.8,14.0,17.6,21.6	3	poly	0	176000
176771	0,1,2,3,4,5,6,7,8,9,10,11,12,13,14,15,16,17,18,19	14.0,10.8,8.0,5.6,3.6,2.0,0.8,2.22044604925e-16,-0.4,-0.4,0.0,0.8,2.0,3.6,5.6,8.0,10.8,14.0,17.6,21.6	3	poly	0	176000
177727	0,1,2,3,4,5,6,7,8,9,10,11,12,13,14,15,16,17,18,19	14.0,10.8,8.0,5.6,3.6,2.0,0.8,2.22044604925e-16,-0.4,-0.4,0.0,0.8,2.0,3.6,5.6,8.0,10.8,14.0,17.6,21.6	3	poly	0	176000
179264	0,1,2,3,4,5,6,7,8,9,10,11,12,13,14,15,16,17,18,19	14.0,10.8,8.0,5.6,3.6,2.0,0.8,2.22044604925e-16,-0.4,-0.4,0.0,0.8,2.0,3.6,5.6,8.0,10.8,14.0,17.6,21.6	3	poly	0	176000
178770	0,1,2,3,4,5,6,7,8,9,10,11,12,13,14,15,16,17,18,19	14.0,10.8,8.0,5.6,3.6,2.0,0.8,2.22044604925e-16,-0.4,-0.4,0.0,0.8,2.0,3.6,5.6,8.0,10.8,14.0,17.6,21.6	3	poly	0	176000
178611	0,1,2,3,4,5,6,7,8,9,10,11,12,13,14,15,16,17,18,19	14.0,10.8,8.0,5.6,3.6,2.0,0.8,2.22044604925e-16,-0.4,-0.4,0.0,0.8,2.0,3.6,5.6,8.0,10.8,14.0,17.6,21.6	3	poly	0	176000
177414	0,1,2,3,4,5,6,7,8,9,10,11,12,13,14,15,16,17,18,19	14.0,10.8,8.0,5.6,3.6,2.0,0.8,2.22044604925e-16,-0.4,-0.4,0.0,0.8,2.0,3.6,5.6,8.0,10.8,14.0,17.6,21.6	3	poly	0	176000
178659	0,1,2,3,4,5,6,7,8,9,10,11,12,13,14,15,16,17,18,19	14.0,10.8,8.0,5.6,3.6,2.0,0.8,2.22044604925e-16,-0.4,-0.4,0.0,0.8,2.0,3.6,5.6,8.0,10.8,14.0,17.6,21.6	3	poly	0	176000
176699	0,1,2,3,4,5,6,7,8,9,10,11,12,13,14,15,16,17,18,19	14.0,10.8,8.0,5.6,3.6,2.0,0.8,2.22044604925e-16,-0.4,-0.4,0.0,0.8,2.0,3.6,5.6,8.0,10.8,14.0,17.6,21.6	3	poly	0	176000
177476	0,1,2,3,4,5,6,7,8,9,10,11,12,13,14,15,16,17,18,19	14.0,10.8,8.0,5.6,3.6,2.0,0.8,2.22044604925e-16,-0.4,-0.4,0.0,0.8,2.0,3.6,5.6,8.0,10.8,14.0,17.6,21.6	3	poly	0	176000
177307	0,1,2,3,4,5,6,7,8,9,10,11,12,13,14,15,16,17,18,19	14.0,10.8,8.0,5.6,3.6,2.0,0.8,2.22044604925e-16,-0.4,-0.4,0.0,0.8,2.0,3.6,5.6,8.0,10.8,14.0,17.6,21.6	3	poly	0	176000
179586	0,1,2,3,4,5,6,7,8,9,10,11,12,13,14,15,16,17,18,19	14.0,10.8,8.0,5.6,3.6,2.0,0.8,2.22044604925e-16,-0.4,-0.4,0.0,0.8,2.0,3.6,5.6,8.0,10.8,14.0,17.6,21.6	3	poly	0	176000
179030	0,1,2,3,4,5,6,7,8,9,10,11,12,13,14,15,16,17,18,19	14.0,10.8,8.0,5.6,3.6,2.0,0.8,2.22044604925e-16,-0.4,-0.4,0.0,0.8,2.0,3.6,5.6,8.0,10.8,14.0,17.6,21.6	3	poly	0	176000
178345	0,1,2,3,4,5,6,7,8,9,10,11,12,13,14,15,16,17,18,19	14.0,10.8,8.0,5.6,3.6,2.0,0.8,2.22044604925e-16,-0.4,-0.4,0.0,0.8,2.0,3.6,5.6,8.0,10.8,14.0,17.6,21.6	3	poly	0	176000
176122	0,1,2,3,4,5,6,7,8,9,10,11,12,13,14,15,16,17,18,19	14.0,10.8,8.0,5.6,3.6,2.0,0.8,2.22044604925e-16,-0.4,-0.4,0.0,0.8,2.0,3.6,5.6,8.0,10.8,14.0,17.6,21.6	3	poly	0	176000
177923	0,1,2,3,4,5,6,7,8,9,10,11,12,13,14,15,16,17,18,19	14.0,10.8,8.0,5.6,3.6,2.0,0.8,2.22044604925e-16,-0.4,-0.4,0.0,0.8,2.0,3.6,5.6,8.0,10.8,14.0,17.6,21.6	3	poly	0	176000
177221	0,1,2,3,4,5,6,7,8,9,10,11,12,13,14,15,16,17,18,19	14.0,10.8,8.0,5.6,3.6,2.0,0.8,2.22044604925e-16,-0.4,-0.4,0.0,0.8,2.0,3.6,5.6,8.0,10.8,14.0,17.6,21.6	3	poly	0	176000
179920	0,1,2,3,4,5,6,7,8,9,10,11,12,13,14,15,16,17,18,19	14.0,10.8,8.0,5.6,3.6,2.0,0.8,2.22044604925e-16,-0.4,-0.4,0.0,0.8,2.0,3.6,5.6,8.0,10.8,14.0,17.6,21.6	3	poly	0	176000
176276	0,1,2,3,4,5,6,7,8,9,10,11,12,13,14,15,16,17,18,19	14.0,10.8,8.0,5.6,3.6,2.0,0.8,2.22044604925e-16,-0.4,-0.4,0.0,0.8,2.0,3.6,5.6,8.0,10.8,14.0,17.6,21.6	3	poly	0	176000
177723	0,1,2,3,4,5,6,7,8,9,10,11,12,13,14,15,16,17,18,19	14.0,10.8,8.0,5.6,3.6,2.0,0.8,2.22044604925e-16,-0.4,-0.4,0.0,0.8,2.0,3.6,5.6,8.0,10.8,14.0,17.6,21.6	3	poly	0	176000
179692	0,1,2,3,4,5,6,7,8,9,10,11,12,13,14,15,16,17,18,19	14.0,10.8,8.0,5.6,3.6,2.0,0.8,2.22044604925e-16,-0.4,-0.4,0.0,0.8,2.0,3.6,5.6,8.0,10.8,14.0,17.6,21.6	3	poly	0	176000
178471	0,1,2,3,4,5,6,7,8,9,10,11,12,13,14,15,16,17,18,19	14.0,10.8,8.0,5.6,3.6,2.0,0.8,2.22044604925e-16,-0.4,-0.4,0.0,0.8,2.0,3.6,5.6,8.0,10.8,14.0,17.6,21.6	3	poly	0	176000
177651	0,1,2,3,4,5,6,7,8,9,10,11,12,13,14,15,16,17,18,19	14.0,10.8,8.0,5.6,3.6,2.0,0.8,2.22044604925e-16,-0.4,-0.4,0.0,0.8,2.0,3.6,5.6,8.0,10.8,14.0,17.6,21.6	3	poly	0	176000
179003	0,1,2,3,4,5,6,7,8,9,10,11,12,13,14,15,16,17,18,19	14.0,10.8,8.0,5.6,3.6,2.0,0.8,2.22044604925e-16,-0.4,-0.4,0.0,0.8,2.0,3.6,5.6,8.0,10.8,14.0,17.6,21.6	3	poly	0	176000
177357	0,1,2,3,4,5,6,7,8,9,10,11,12,13,14,15,16,17,18,19	14.0,10.8,8.0,5.6,3.6,2.0,0.8,2.22044604925e-16,-0.4,-0.4,0.0,0.8,2.0,3.6,5.6,8.0,10.8,14.0,17.6,21.6	3	poly	0	176000
178077	0,1,2,3,4,5,6,7,8,9,10,11,12,13,14,15,16,17,18,19	14.0,10.8,8.0,5.6,3.6,2.0,0.8,2.22044604925e-16,-0.4,-0.4,0.0,0.8,2.0,3.6,5.6,8.0,10.8,14.0,17.6,21.6	3	poly	0	176000
178248	0,1,2,3,4,5,6,7,8,9,10,11,12,13,14,15,16,17,18,19	14.0,10.8,8.0,5.6,3.6,2.0,0.8,2.22044604925e-16,-0.4,-0.4,0.0,0.8,2.0,3.6,5.6,8.0,10.8,14.0,17.6,21.6	3	poly	0	176000
176789	0,1,2,3,4,5,6,7,8,9,10,11,12,13,14,15,16,17,18,19	14.0,10.8,8.0,5.6,3.6,2.0,0.8,2.22044604925e-16,-0.4,-0.4,0.0,0.8,2.0,3.6,5.6,8.0,10.8,14.0,17.6,21.6	3	poly	0	176000
178396	0,1,2,3,4,5,6,7,8,9,10,11,12,13,14,15,16,17,18,19	14.0,10.8,8.0,5.6,3.6,2.0,0.8,2.22044604925e-16,-0.4,-0.4,0.0,0.8,2.0,3.6,5.6,8.0,10.8,14.0,17.6,21.6	3	poly	0	176000
179684	0,1,2,3,4,5,6,7,8,9,10,11,12,13,14,15,16,17,18,19	14.0,10.8,8.0,5.6,3.6,2.0,0.8,2.22044604925e-16,-0.4,-0.4,0.0,0.8,2.0,3.6,5.6,8.0,10.8,14.0,17.6,21.6	3	poly	0	176000
177861	0,1,2,3,4,5,6,7,8,9,10,11,12,13,14,15,16,17,18,19	14.0,10.8,8.0,5.6,3.6,2.0,0.8,2.22044604925e-16,-0.4,-0.4,0.0,0.8,2.0,3.6,5.6,8.0,10.8,14.0,17.6,21.6	3	poly	0	176000
178273	0,1,2,3,4,5,6,7,8,9,10,11,12,13,14,15,16,17,18,19	14.0,10.8,8.0,5.6,3.6,2.0,0.8,2.22044604925e-16,-0.4,-0.4,0.0,0.8,2.0,3.6,5.6,8.0,10.8,14.0,17.6,21.6	3	poly	0	176000
179512	0,1,2,3,4,5,6,7,8,9,10,11,12,13,14,15,16,17,18,19	14.0,10.8,8.0,5.6,3.6,2.0,0.8,2.22044604925e-16,-0.4,-0.4,0.0,0.8,2.0,3.6,5.6,8.0,10.8,14.0,17.6,21.6	3	poly	0	176000
178759	0,1,2,3,4,5,6,7,8,9,10,11,12,13,14,15,16,17,18,19	14.0,10.8,8.0,5.6,3.6,2.0,0.8,2.22044604925e-16,-0.4,-0.4,0.0,0.8,2.0,3.6,5.6,8.0,10.8,14.0,17.6,21.6	3	poly	0	176000
178033	0,1,2,3,4,5,6,7,8,9,10,11,12,13,14,15,16,17,18,19	14.0,10.8,8.0,5.6,3.6,2.0,0.8,2.22044604925e-16,-0.4,-0.4,0.0,0.8,2.0,3.6,5.6,8.0,10.8,14.0,17.6,21.6	3	poly	0	176000
177088	0,1,2,3,4,5,6,7,8,9,10,11,12,13,14,15,16,17,18,19	14.0,10.8,8.0,5.6,3.6,2.0,0.8,2.22044604925e-16,-0.4,-0.4,0.0,0.8,2.0,3.6,5.6,8.0,10.8,14.0,17.6,21.6	3	poly	0	176000
177125	0,1,2,3,4,5,6,7,8,9,10,11,12,13,14,15,16,17,18,19	14.0,10.8,8.0,5.6,3.6,2.0,0.8,2.22044604925e-16,-0.4,-0.4,0.0,0.8,2.0,3.6,5.6,8.0,10.8,14.0,17.6,21.6	3	poly	0	176000
176884	0,1,2,3,4,5,6,7,8,9,10,11,12,13,14,15,16,17,18,19	14.0,10.8,8.0,5.6,3.6,2.0,0.8,2.22044604925e-16,-0.4,-0.4,0.0,0.8,2.0,3.6,5.6,8.0,10.8,14.0,17.6,21.6	3	poly	0	176000
178906	0,1,2,3,4,5,6,7,8,9,10,11,12,13,14,15,16,17,18,19	14.0,10.8,8.0,5.6,3.6,2.0,0.8,2.22044604925e-16,-0.4,-0.4,0.0,0.8,2.0,3.6,5.6,8.0,10.8,14.0,17.6,21.6	3	poly	0	176000
177257	0,1,2,3,4,5,6,7,8,9,10,11,12,13,14,15,16,17,18,19	14.0,10.8,8.0,5.6,3.6,2.0,0.8,2.22044604925e-16,-0.4,-0.4,0.0,0.8,2.0,3.6,5.6,8.0,10.8,14.0,17.6,21.6	3	poly	0	176000
179526	0,1,2,3,4,5,6,7,8,9,10,11,12,13,14,15,16,17,18,19	14.0,10.8,8.0,5.6,3.6,2.0,0.8,2.22044604925e-16,-0.4,-0.4,0.0,0.8,2.0,3.6,5.6,8.0,10.8,14.0,17.6,21.6	3	poly	0	176000
179144	0,1,2,3,4,5,6,7,8,9,10,11,12,13,14,15,16,17,18,19	14.0,10.8,8.0,5.6,3.6,2.0,0.8,2.22044604925e-16,-0.4,-0.4,0.0,0.8,2.0,3.6,5.6,8.0,10.8,14.0,17.6,21.6	3	poly	0	176000
178154	0,1,2,3,4,5,6,7,8,9,10,11,12,13,14,15,16,17,18,19	14.0,10.8,8.0,5.6,3.6,2.0,0.8,2.22044604925e-16,-0.4,-0.4,0.0,0.8,2.0,3.6,5.6,8.0,10.8,14.0,17.6,21.6	3	poly	0	176000
177416	0,1,2,3,4,5,6,7,8,9,10,11,12,13,14,15,16,17,18,19	14.0,10.8,8.0,5.6,3.6,2.0,0.8,2.22044604925e-16,-0.4,-0.4,0.0,0.8,2.0,3.6,5.6,8.0,10.8,14.0,17.6,21.6	3	poly	0	176000
177457	0,1,2,3,4,5,6,7,8,9,10,11,12,13,14,15,16,17,18,19	14.0,10.8,8.0,5.6,3.6,2.0,0.8,2.22044604925e-16,-0.4,-0.4,0.0,0.8,2.0,3.6,5.6,8.0,10.8,14.0,17.6,21.6	3	poly	0	176000
177645	0,1,2,3,4,5,6,7,8,9,10,11,12,13,14,15,16,17,18,19	14.0,10.8,8.0,5.6,3.6,2.0,0.8,2.22044604925e-16,-0.4,-0.4,0.0,0.8,2.0,3.6,5.6,8.0,10.8,14.0,17.6,21.6	3	poly	0	176000
178446	0,1,2,3,4,5,6,7,8,9,10,11,12,13,14,15,16,17,18,19	14.0,10.8,8.0,5.6,3.6,2.0,0.8,2.22044604925e-16,-0.4,-0.4,0.0,0.8,2.0,3.6,5.6,8.0,10.8,14.0,17.6,21.6	3	poly	0	176000
178230	0,1,2,3,4,5,6,7,8,9,10,11,12,13,14,15,16,17,18,19	14.0,10.8,8.0,5.6,3.6,2.0,0.8,2.22044604925e-16,-0.4,-0.4,0.0,0.8,2.0,3.6,5.6,8.0,10.8,14.0,17.6,21.6	3	poly	0	176000
177851	0,1,2,3,4,5,6,7,8,9,10,11,12,13,14,15,16,17,18,19	14.0,10.8,8.0,5.6,3.6,2.0,0.8,2.22044604925e-16,-0.4,-0.4,0.0,0.8,2.0,3.6,5.6,8.0,10.8,14.0,17.6,21.6	3	poly	0	176000
178981	0,1,2,3,4,5,6,7,8,9,10,11,12,13,14,15,16,17,18,19	14.0,10.8,8.0,5.6,3.6,2.0,0.8,2.22044604925e-16,-0.4,-0.4,0.0,0.8,2.0,3.6,5.6,8.0,10.8,14.0,17.6,21.6	3	poly	0	176000
178264	0,1,2,3,4,5,6,7,8,9,10,11,12,13,14,15,16,17,18,19	14.0,10.8,8.0,5.6,3.6,2.0,0.8,2.22044604925e-16,-0.4,-0.4,0.0,0.8,2.0,3.6,5.6,8.0,10.8,14.0,17.6,21.6	3	poly	0	176000
179999	0,1,2,3,4,5,6,7,8,9,10,11,12,13,14,15,16,17,18,19	14.0,10.8,8.0,5.6,3.6,2.0,0.8,2.22044604925e-16,-0.4,-0.4,0.0,0.8,2.0,3.6,5.6,8.0,10.8,14.0,17.6,21.6	3	poly	0	176000
177753	0,1,2,3,4,5,6,7,8,9,10,11,12,13,14,15,16,17,18,19	14.0,10.8,8.0,5.6,3.6,2.0,0.8,2.22044604925e-16,-0.4,-0.4,0.0,0.8,2.0,3.6,5.6,8.0,10.8,14.0,17.6,21.6	3	poly	0	176000
178894	0,1,2,3,4,5,6,7,8,9,10,11,12,13,14,15,16,17,18,19	14.0,10.8,8.0,5.6,3.6,2.0,0.8,2.22044604925e-16,-0.4,-0.4,0.0,0.8,2.0,3.6,5.6,8.0,10.8,14.0,17.6,21.6	3	poly	0	176000
178600	0,1,2,3,4,5,6,7,8,9,10,11,12,13,14,15,16,17,18,19	14.0,10.8,8.0,5.6,3.6,2.0,0.8,2.22044604925e-16,-0.4,-0.4,0.0,0.8,2.0,3.6,5.6,8.0,10.8,14.0,17.6,21.6	3	poly	0	176000
176948	0,1,2,3,4,5,6,7,8,9,10,11,12,13,14,15,16,17,18,19	14.0,10.8,8.0,5.6,3.6,2.0,0.8,2.22044604925e-16,-0.4,-0.4,0.0,0.8,2.0,3.6,5.6,8.0,10.8,14.0,17.6,21.6	3	poly	0	176000
179770	0,1,2,3,4,5,6,7,8,9,10,11,12,13,14,15,16,17,18,19	14.0,10.8,8.0,5.6,3.6,2.0,0.8,2.22044604925e-16,-0.4,-0.4,0.0,0.8,2.0,3.6,5.6,8.0,10.8,14.0,17.6,21.6	3	poly	0	176000
176742	0,1,2,3,4,5,6,7,8,9,10,11,12,13,14,15,16,17,18,19	14.0,10.8,8.0,5.6,3.6,2.0,0.8,2.22044604925e-16,-0.4,-0.4,0.0,0.8,2.0,3.6,5.6,8.0,10.8,14.0,17.6,21.6	3	poly	0	176000
178353	0,1,2,3,4,5,6,7,8,9,10,11,12,13,14,15,16,17,18,19	14.0,10.8,8.0,5.6,3.6,2.0,0.8,2.22044604925e-16,-0.4,-0.4,0.0,0.8,2.0,3.6,5.6,8.0,10.8,14.0,17.6,21.6	3	poly	0	176000
177560	0,1,2,3,4,5,6,7,8,9,10,11,12,13,14,15,16,17,18,19	14.0,10.8,8.0,5.6,3.6,2.0,0.8,2.22044604925e-16,-0.4,-0.4,0.0,0.8,2.0,3.6,5.6,8.0,10.8,14.0,17.6,21.6	3	poly	0	176000
176911	0,1,2,3,4,5,6,7,8,9,10,11,12,13,14,15,16,17,18,19	14.0,10.8,8.0,5.6,3.6,2.0,0.8,2.22044604925e-16,-0.4,-0.4,0.0,0.8,2.0,3.6,5.6,8.0,10.8,14.0,17.6,21.6	3	poly	0	176000
179285	0,1,2,3,4,5,6,7,8,9,10,11,12,13,14,15,16,17,18,19	14.0,10.8,8.0,5.6,3.6,2.0,0.8,2.22044604925e-16,-0.4,-0.4,0.0,0.8,2.0,3.6,5.6,8.0,10.8,14.0,17.6,21.6	3	poly	0	176000
178388	0,1,2,3,4,5,6,7,8,9,10,11,12,13,14,15,16,17,18,19	14.0,10.8,8.0,5.6,3.6,2.0,0.8,2.22044604925e-16,-0.4,-0.4,0.0,0.8,2.0,3.6,5.6,8.0,10.8,14.0,17.6,21.6	3	poly	0	176000
179185	0,1,2,3,4,5,6,7,8,9,10,11,12,13,14,15,16,17,18,19	14.0,10.8,8.0,5.6,3.6,2.0,0.8,2.22044604925e-16,-0.4,-0.4,0.0,0.8,2.0,3.6,5.6,8.0,10.8,14.0,17.6,21.6	3	poly	0	176000
176946	0,1,2,3,4,5,6,7,8,9,10,11,12,13,14,15,16,17,18,19	14.0,10.8,8.0,5.6,3.6,2.0,0.8,2.22044604925e-16,-0.4,-0.4,0.0,0.8,2.0,3.6,5.6,8.0,10.8,14.0,17.6,21.6	3	poly	0	176000
178428	0,1,2,3,4,5,6,7,8,9,10,11,12,13,14,15,16,17,18,19	14.0,10.8,8.0,5.6,3.6,2.0,0.8,2.22044604925e-16,-0.4,-0.4,0.0,0.8,2.0,3.6,5.6,8.0,10.8,14.0,17.6,21.6	3	poly	0	176000
177917	0,1,2,3,4,5,6,7,8,9,10,11,12,13,14,15,16,17,18,19	14.0,10.8,8.0,5.6,3.6,2.0,0.8,2.22044604925e-16,-0.4,-0.4,0.0,0.8,2.0,3.6,5.6,8.0,10.8,14.0,17.6,21.6	3	poly	0	176000
177605	0,1,2,3,4,5,6,7,8,9,10,11,12,13,14,15,16,17,18,19	14.0,10.8,8.0,5.6,3.6,2.0,0.8,2.22044604925e-16,-0.4,-0.4,0.0,0.8,2.0,3.6,5.6,8.0,10.8,14.0,17.6,21.6	3	poly	0	176000
177758	0,1,2,3,4,5,6,7,8,9,10,11,12,13,14,15,16,17,18,19	14.0,10.8,8.0,5.6,3.6,2.0,0.8,2.22044604925e-16,-0.4,-0.4,0.0,0.8,2.0,3.6,5.6,8.0,10.8,14.0,17.6,21.6	3	poly	0	176000
177485	0,1,2,3,4,5,6,7,8,9,10,11,12,13,14,15,16,17,18,19	14.0,10.8,8.0,5.6,3.6,2.0,0.8,2.22044604925e-16,-0.4,-0.4,0.0,0.8,2.0,3.6,5.6,8.0,10.8,14.0,17.6,21.6	3	poly	0	176000
178152	0,1,2,3,4,5,6,7,8,9,10,11,12,13,14,15,16,17,18,19	14.0,10.8,8.0,5.6,3.6,2.0,0.8,2.22044604925e-16,-0.4,-0.4,0.0,0.8,2.0,3.6,5.6,8.0,10.8,14.0,17.6,21.6	3	poly	0	176000
176280	0,1,2,3,4,5,6,7,8,9,10,11,12,13,14,15,16,17,18,19	14.0,10.8,8.0,5.6,3.6,2.0,0.8,2.22044604925e-16,-0.4,-0.4,0.0,0.8,2.0,3.6,5.6,8.0,10.8,14.0,17.6,21.6	3	poly	0	176000
179122	0,1,2,3,4,5,6,7,8,9,10,11,12,13,14,15,16,17,18,19	14.0,10.8,8.0,5.6,3.6,2.0,0.8,2.22044604925e-16,-0.4,-0.4,0.0,0.8,2.0,3.6,5.6,8.0,10.8,14.0,17.6,21.6	3	poly	0	176000
178904	0,1,2,3,4,5,6,7,8,9,10,11,12,13,14,15,16,17,18,19	14.0,10.8,8.0,5.6,3.6,2.0,0.8,2.22044604925e-16,-0.4,-0.4,0.0,0.8,2.0,3.6,5.6,8.0,10.8,14.0,17.6,21.6	3	poly	0	176000
178733	0,1,2,3,4,5,6,7,8,9,10,11,12,13,14,15,16,17,18,19	14.0,10.8,8.0,5.6,3.6,2.0,0.8,2.22044604925e-16,-0.4,-0.4,0.0,0.8,2.0,3.6,5.6,8.0,10.8,14.0,17.6,21.6	3	poly	0	176000
177337	0,1,2,3,4,5,6,7,8,9,10,11,12,13,14,15,16,17,18,19	14.0,10.8,8.0,5.6,3.6,2.0,0.8,2.22044604925e-16,-0.4,-0.4,0.0,0.8,2.0,3.6,5.6,8.0,10.8,14.0,17.6,21.6	3	poly	0	176000
178143	0,1,2,3,4,5,6,7,8,9,10,11,12,13,14,15,16,17,18,19	14.0,10.8,8.0,5.6,3.6,2.0,0.8,2.22044604925e-16,-0.4,-0.4,0.0,0.8,2.0,3.6,5.6,8.0,10.8,14.0,17.6,21.6	3	poly	0	176000
177081	0,1,2,3,4,5,6,7,8,9,10,11,12,13,14,15,16,17,18,19	14.0,10.8,8.0,5.6,3.6,2.0,0.8,2.22044604925e-16,-0.4,-0.4,0.0,0.8,2.0,3.6,5.6,8.0,10.8,14.0,17.6,21.6	3	poly	0	176000
177791	0,1,2,3,4,5,6,7,8,9,10,11,12,13,14,15,16,17,18,19	14.0,10.8,8.0,5.6,3.6,2.0,0.8,2.22044604925e-16,-0.4,-0.4,0.0,0.8,2.0,3.6,5.6,8.0,10.8,14.0,17.6,21.6	3	poly	0	176000
179834	0,1,2,3,4,5,6,7,8,9,10,11,12,13,14,15,16,17,18,19	14.0,10.8,8.0,5.6,3.6,2.0,0.8,2.22044604925e-16,-0.4,-0.4,0.0,0.8,2.0,3.6,5.6,8.0,10.8,14.0,17.6,21.6	3	poly	0	176000
179523	0,1,2,3,4,5,6,7,8,9,10,11,12,13,14,15,16,17,18,19	14.0,10.8,8.0,5.6,3.6,2.0,0.8,2.22044604925e-16,-0.4,-0.4,0.0,0.8,2.0,3.6,5.6,8.0,10.8,14.0,17.6,21.6	3	poly	0	176000
179339	0,1,2,3,4,5,6,7,8,9,10,11,12,13,14,15,16,17,18,19	14.0,10.8,8.0,5.6,3.6,2.0,0.8,2.22044604925e-16,-0.4,-0.4,0.0,0.8,2.0,3.6,5.6,8.0,10.8,14.0,17.6,21.6	3	poly	0	176000
179057	0,1,2,3,4,5,6,7,8,9,10,11,12,13,14,15,16,17,18,19	14.0,10.8,8.0,5.6,3.6,2.0,0.8,2.22044604925e-16,-0.4,-0.4,0.0,0.8,2.0,3.6,5.6,8.0,10.8,14.0,17.6,21.6	3	poly	0	176000
176966	0,1,2,3,4,5,6,7,8,9,10,11,12,13,14,15,16,17,18,19	14.0,10.8,8.0,5.6,3.6,2.0,0.8,2.22044604925e-16,-0.4,-0.4,0.0,0.8,2.0,3.6,5.6,8.0,10.8,14.0,17.6,21.6	3	poly	0	176000
178293	0,1,2,3,4,5,6,7,8,9,10,11,12,13,14,15,16,17,18,19	14.0,10.8,8.0,5.6,3.6,2.0,0.8,2.22044604925e-16,-0.4,-0.4,0.0,0.8,2.0,3.6,5.6,8.0,10.8,14.0,17.6,21.6	3	poly	0	176000
176545	0,1,2,3,4,5,6,7,8,9,10,11,12,13,14,15,16,17,18,19	14.0,10.8,8.0,5.6,3.6,2.0,0.8,2.22044604925e-16,-0.4,-0.4,0.0,0.8,2.0,3.6,5.6,8.0,10.8,14.0,17.6,21.6	3	poly	0	176000
176653	0,1,2,3,4,5,6,7,8,9,10,11,12,13,14,15,16,17,18,19	14.0,10.8,8.0,5.6,3.6,2.0,0.8,2.22044604925e-16,-0.4,-0.4,0.0,0.8,2.0,3.6,5.6,8.0,10.8,14.0,17.6,21.6	3	poly	0	176000
176783	0,1,2,3,4,5,6,7,8,9,10,11,12,13,14,15,16,17,18,19	14.0,10.8,8.0,5.6,3.6,2.0,0.8,2.22044604925e-16,-0.4,-0.4,0.0,0.8,2.0,3.6,5.6,8.0,10.8,14.0,17.6,21.6	3	poly	0	176000
178727	0,1,2,3,4,5,6,7,8,9,10,11,12,13,14,15,16,17,18,19	14.0,10.8,8.0,5.6,3.6,2.0,0.8,2.22044604925e-16,-0.4,-0.4,0.0,0.8,2.0,3.6,5.6,8.0,10.8,14.0,17.6,21.6	3	poly	0	176000
178987	0,1,2,3,4,5,6,7,8,9,10,11,12,13,14,15,16,17,18,19	14.0,10.8,8.0,5.6,3.6,2.0,0.8,2.22044604925e-16,-0.4,-0.4,0.0,0.8,2.0,3.6,5.6,8.0,10.8,14.0,17.6,21.6	3	poly	0	176000
176491	0,1,2,3,4,5,6,7,8,9,10,11,12,13,14,15,16,17,18,19	14.0,10.8,8.0,5.6,3.6,2.0,0.8,2.22044604925e-16,-0.4,-0.4,0.0,0.8,2.0,3.6,5.6,8.0,10.8,14.0,17.6,21.6	3	poly	0	176000
177537	0,1,2,3,4,5,6,7,8,9,10,11,12,13,14,15,16,17,18,19	14.0,10.8,8.0,5.6,3.6,2.0,0.8,2.22044604925e-16,-0.4,-0.4,0.0,0.8,2.0,3.6,5.6,8.0,10.8,14.0,17.6,21.6	3	poly	0	176000
178482	0,1,2,3,4,5,6,7,8,9,10,11,12,13,14,15,16,17,18,19	14.0,10.8,8.0,5.6,3.6,2.0,0.8,2.22044604925e-16,-0.4,-0.4,0.0,0.8,2.0,3.6,5.6,8.0,10.8,14.0,17.6,21.6	3	poly	0	176000
179962	0,1,2,3,4,5,6,7,8,9,10,11,12,13,14,15,16,17,18,19	14.0,10.8,8.0,5.6,3.6,2.0,0.8,2.22044604925e-16,-0.4,-0.4,0.0,0.8,2.0,3.6,5.6,8.0,10.8,14.0,17.6,21.6	3	poly	0	176000
179826	0,1,2,3,4,5,6,7,8,9,10,11,12,13,14,15,16,17,18,19	14.0,10.8,8.0,5.6,3.6,2.0,0.8,2.22044604925e-16,-0.4,-0.4,0.0,0.8,2.0,3.6,5.6,8.0,10.8,14.0,17.6,21.6	3	poly	0	176000
178559	0,1,2,3,4,5,6,7,8,9,10,11,12,13,14,15,16,17,18,19	14.0,10.8,8.0,5.6,3.6,2.0,0.8,2.22044604925e-16,-0.4,-0.4,0.0,0.8,2.0,3.6,5.6,8.0,10.8,14.0,17.6,21.6	3	poly	0	176000
176189	0,1,2,3,4,5,6,7,8,9,10,11,12,13,14,15,16,17,18,19	14.0,10.8,8.0,5.6,3.6,2.0,0.8,2.22044604925e-16,-0.4,-0.4,0.0,0.8,2.0,3.6,5.6,8.0,10.8,14.0,17.6,21.6	3	poly	0	176000
176336	0,1,2,3,4,5,6,7,8,9,10,11,12,13,14,15,16,17,18,19	14.0,10.8,8.0,5.6,3.6,2.0,0.8,2.22044604925e-16,-0.4,-0.4,0.0,0.8,2.0,3.6,5.6,8.0,10.8,14.0,17.6,21.6	3	poly	0	176000
177777	0,1,2,3,4,5,6,7,8,9,10,11,12,13,14,15,16,17,18,19	14.0,10.8,8.0,5.6,3.6,2.0,0.8,2.22044604925e-16,-0.4,-0.4,0.0,0.8,2.0,3.6,5.6,8.0,10.8,14.0,17.6,21.6	3	poly	0	176000
178176	0,1,2,3,4,5,6,7,8,9,10,11,12,13,14,15,16,17,18,19	14.0,10.8,8.0,5.6,3.6,2.0,0.8,2.22044604925e-16,-0.4,-0.4,0.0,0.8,2.0,3.6,5.6,8.0,10.8,14.0,17.6,21.6	3	poly	0	176000
177391	0,1,2,3,4,5,6,7,8,9,10,11,12,13,14,15,16,17,18,19	14.0,10.8,8.0,5.6,3.6,2.0,0.8,2.22044604925e-16,-0.4,-0.4,0.0,0.8,2.0,3.6,5.6,8.0,10.8,14.0,17.6,21.6	3	poly	0	176000
176620	0,1,2,3,4,5,6,7,8,9,10,11,12,13,14,15,16,17,18,19	14.0,10.8,8.0,5.6,3.6,2.0,0.8,2.22044604925e-16,-0.4,-0.4,0.0,0.8,2.0,3.6,5.6,8.0,10.8,14.0,17.6,21.6	3	poly	0	176000
178936	0,1,2,3,4,5,6,7,8,9,10,11,12,13,14,15,16,17,18,19	14.0,10.8,8.0,5.6,3.6,2.0,0.8,2.22044604925e-16,-0.4,-0.4,0.0,0.8,2.0,3.6,5.6,8.0,10.8,14.0,17.6,21.6	3	poly	0	176000
176806	0,1,2,3,4,5,6,7,8,9,10,11,12,13,14,15,16,17,18,19	14.0,10.8,8.0,5.6,3.6,2.0,0.8,2.22044604925e-16,-0.4,-0.4,0.0,0.8,2.0,3.6,5.6,8.0,10.8,14.0,17.6,21.6	3	poly	0	176000
178576	0,1,2,3,4,5,6,7,8,9,10,11,12,13,14,15,16,17,18,19	14.0,10.8,8.0,5.6,3.6,2.0,0.8,2.22044604925e-16,-0.4,-0.4,0.0,0.8,2.0,3.6,5.6,8.0,10.8,14.0,17.6,21.6	3	poly	0	176000
178038	0,1,2,3,4,5,6,7,8,9,10,11,12,13,14,15,16,17,18,19	14.0,10.8,8.0,5.6,3.6,2.0,0.8,2.22044604925e-16,-0.4,-0.4,0.0,0.8,2.0,3.6,5.6,8.0,10.8,14.0,17.6,21.6	3	poly	0	176000
179587	0,1,2,3,4,5,6,7,8,9,10,11,12,13,14,15,16,17,18,19	14.0,10.8,8.0,5.6,3.6,2.0,0.8,2.22044604925e-16,-0.4,-0.4,0.0,0.8,2.0,3.6,5.6,8.0,10.8,14.0,17.6,21.6	3	poly	0	176000
178610	0,1,2,3,4,5,6,7,8,9,10,11,12,13,14,15,16,17,18,19	14.0,10.8,8.0,5.6,3.6,2.0,0.8,2.22044604925e-16,-0.4,-0.4,0.0,0.8,2.0,3.6,5.6,8.0,10.8,14.0,17.6,21.6	3	poly	0	176000
177865	0,1,2,3,4,5,6,7,8,9,10,11,12,13,14,15,16,17,18,19	14.0,10.8,8.0,5.6,3.6,2.0,0.8,2.22044604925e-16,-0.4,-0.4,0.0,0.8,2.0,3.6,5.6,8.0,10.8,14.0,17.6,21.6	3	poly	0	176000
178784	0,1,2,3,4,5,6,7,8,9,10,11,12,13,14,15,16,17,18,19	14.0,10.8,8.0,5.6,3.6,2.0,0.8,2.22044604925e-16,-0.4,-0.4,0.0,0.8,2.0,3.6,5.6,8.0,10.8,14.0,17.6,21.6	3	poly	0	176000
178531	0,1,2,3,4,5,6,7,8,9,10,11,12,13,14,15,16,17,18,19	14.0,10.8,8.0,5.6,3.6,2.0,0.8,2.22044604925e-16,-0.4,-0.4,0.0,0.8,2.0,3.6,5.6,8.0,10.8,14.0,17.6,21.6	3	poly	0	176000
179785	0,1,2,3,4,5,6,7,8,9,10,11,12,13,14,15,16,17,18,19	14.0,10.8,8.0,5.6,3.6,2.0,0.8,2.22044604925e-16,-0.4,-0.4,0.0,0.8,2.0,3.6,5.6,8.0,10.8,14.0,17.6,21.6	3	poly	0	176000
178564	0,1,2,3,4,5,6,7,8,9,10,11,12,13,14,15,16,17,18,19	14.0,10.8,8.0,5.6,3.6,2.0,0.8,2.22044604925e-16,-0.4,-0.4,0.0,0.8,2.0,3.6,5.6,8.0,10.8,14.0,17.6,21.6	3	poly	0	176000
178039	0,1,2,3,4,5,6,7,8,9,10,11,12,13,14,15,16,17,18,19	14.0,10.8,8.0,5.6,3.6,2.0,0.8,2.22044604925e-16,-0.4,-0.4,0.0,0.8,2.0,3.6,5.6,8.0,10.8,14.0,17.6,21.6	3	poly	0	176000
179550	0,1,2,3,4,5,6,7,8,9,10,11,12,13,14,15,16,17,18,19	14.0,10.8,8.0,5.6,3.6,2.0,0.8,2.22044604925e-16,-0.4,-0.4,0.0,0.8,2.0,3.6,5.6,8.0,10.8,14.0,17.6,21.6	3	poly	0	176000
178138	0,1,2,3,4,5,6,7,8,9,10,11,12,13,14,15,16,17,18,19	14.0,10.8,8.0,5.6,3.6,2.0,0.8,2.22044604925e-16,-0.4,-0.4,0.0,0.8,2.0,3.6,5.6,8.0,10.8,14.0,17.6,21.6	3	poly	0	176000
176766	0,1,2,3,4,5,6,7,8,9,10,11,12,13,14,15,16,17,18,19	14.0,10.8,8.0,5.6,3.6,2.0,0.8,2.22044604925e-16,-0.4,-0.4,0.0,0.8,2.0,3.6,5.6,8.0,10.8,14.0,17.6,21.6	3	poly	0	176000
179623	0,1,2,3,4,5,6,7,8,9,10,11,12,13,14,15,16,17,18,19	14.0,10.8,8.0,5.6,3.6,2.0,0.8,2.22044604925e-16,-0.4,-0.4,0.0,0.8,2.0,3.6,5.6,8.0,10.8,14.0,17.6,21.6	3	poly	0	176000
179814	0,1,2,3,4,5,6,7,8,9,10,11,12,13,14,15,16,17,18,19	14.0,10.8,8.0,5.6,3.6,2.0,0.8,2.22044604925e-16,-0.4,-0.4,0.0,0.8,2.0,3.6,5.6,8.0,10.8,14.0,17.6,21.6	3	poly	0	176000
177166	0,1,2,3,4,5,6,7,8,9,10,11,12,13,14,15,16,17,18,19	14.0,10.8,8.0,5.6,3.6,2.0,0.8,2.22044604925e-16,-0.4,-0.4,0.0,0.8,2.0,3.6,5.6,8.0,10.8,14.0,17.6,21.6	3	poly	0	176000
179177	0,1,2,3,4,5,6,7,8,9,10,11,12,13,14,15,16,17,18,19	14.0,10.8,8.0,5.6,3.6,2.0,0.8,2.22044604925e-16,-0.4,-0.4,0.0,0.8,2.0,3.6,5.6,8.0,10.8,14.0,17.6,21.6	3	poly	0	176000
179755	0,1,2,3,4,5,6,7,8,9,10,11,12,13,14,15,16,17,18,19	14.0,10.8,8.0,5.6,3.6,2.0,0.8,2.22044604925e-16,-0.4,-0.4,0.0,0.8,2.0,3.6,5.6,8.0,10.8,14.0,17.6,21.6	3	poly	0	176000
179665	0,1,2,3,4,5,6,7,8,9,10,11,12,13,14,15,16,17,18,19	14.0,10.8,8.0,5.6,3.6,2.0,0.8,2.22044604925e-16,-0.4,-0.4,0.0,0.8,2.0,3.6,5.6,8.0,10.8,14.0,17.6,21.6	3	poly	0	176000
176058	0,1,2,3,4,5,6,7,8,9,10,11,12,13,14,15,16,17,18,19	14.0,10.8,8.0,5.6,3.6,2.0,0.8,2.22044604925e-16,-0.4,-0.4,0.0,0.8,2.0,3.6,5.6,8.0,10.8,14.0,17.6,21.6	3	poly	0	176000
177159	0,1,2,3,4,5,6,7,8,9,10,11,12,13,14,15,16,17,18,19	14.0,10.8,8.0,5.6,3.6,2.0,0.8,2.22044604925e-16,-0.4,-0.4,0.0,0.8,2.0,3.6,5.6,8.0,10.8,14.0,17.6,21.6	3	poly	0	176000
178447	0,1,2,3,4,5,6,7,8,9,10,11,12,13,14,15,16,17,18,19	14.0,10.8,8.0,5.6,3.6,2.0,0.8,2.22044604925e-16,-0.4,-0.4,0.0,0.8,2.0,3.6,5.6,8.0,10.8,14.0,17.6,21.6	3	poly	0	176000
178667	0,1,2,3,4,5,6,7,8,9,10,11,12,13,14,15,16,17,18,19	14.0,10.8,8.0,5.6,3.6,2.0,0.8,2.22044604925e-16,-0.4,-0.4,0.0,0.8,2.0,3.6,5.6,8.0,10.8,14.0,17.6,21.6	3	poly	0	176000
176980	0,1,2,3,4,5,6,7,8,9,10,11,12,13,14,15,16,17,18,19	14.0,10.8,8.0,5.6,3.6,2.0,0.8,2.22044604925e-16,-0.4,-0.4,0.0,0.8,2.0,3.6,5.6,8.0,10.8,14.0,17.6,21.6	3	poly	0	176000
178489	0,1,2,3,4,5,6,7,8,9,10,11,12,13,14,15,16,17,18,19	14.0,10.8,8.0,5.6,3.6,2.0,0.8,2.22044604925e-16,-0.4,-0.4,0.0,0.8,2.0,3.6,5.6,8.0,10.8,14.0,17.6,21.6	3	poly	0	176000
177135	0,1,2,3,4,5,6,7,8,9,10,11,12,13,14,15,16,17,18,19	14.0,10.8,8.0,5.6,3.6,2.0,0.8,2.22044604925e-16,-0.4,-0.4,0.0,0.8,2.0,3.6,5.6,8.0,10.8,14.0,17.6,21.6	3	poly	0	176000
178663	0,1,2,3,4,5,6,7,8,9,10,11,12,13,14,15,16,17,18,19	14.0,10.8,8.0,5.6,3.6,2.0,0.8,2.22044604925e-16,-0.4,-0.4,0.0,0.8,2.0,3.6,5.6,8.0,10.8,14.0,17.6,21.6	3	poly	0	176000
178412	0,1,2,3,4,5,6,7,8,9,10,11,12,13,14,15,16,17,18,19	14.0,10.8,8.0,5.6,3.6,2.0,0.8,2.22044604925e-16,-0.4,-0.4,0.0,0.8,2.0,3.6,5.6,8.0,10.8,14.0,17.6,21.6	3	poly	0	176000
176564	0,1,2,3,4,5,6,7,8,9,10,11,12,13,14,15,16,17,18,19	14.0,10.8,8.0,5.6,3.6,2.0,0.8,2.22044604925e-16,-0.4,-0.4,0.0,0.8,2.0,3.6,5.6,8.0,10.8,14.0,17.6,21.6	3	poly	0	176000
176580	0,1,2,3,4,5,6,7,8,9,10,11,12,13,14,15,16,17,18,19	14.0,10.8,8.0,5.6,3.6,2.0,0.8,2.22044604925e-16,-0.4,-0.4,0.0,0.8,2.0,3.6,5.6,8.0,10.8,14.0,17.6,21.6	3	poly	0	176000
176713	0,1,2,3,4,5,6,7,8,9,10,11,12,13,14,15,16,17,18,19	14.0,10.8,8.0,5.6,3.6,2.0,0.8,2.22044604925e-16,-0.4,-0.4,0.0,0.8,2.0,3.6,5.6,8.0,10.8,14.0,17.6,21.6	3	poly	0	176000
179728	0,1,2,3,4,5,6,7,8,9,10,11,12,13,14,15,16,17,18,19	14.0,10.8,8.0,5.6,3.6,2.0,0.8,2.22044604925e-16,-0.4,-0.4,0.0,0.8,2.0,3.6,5.6,8.0,10.8,14.0,17.6,21.6	3	poly	0	176000
177695	0,1,2,3,4,5,6,7,8,9,10,11,12,13,14,15,16,17,18,19	14.0,10.8,8.0,5.6,3.6,2.0,0.8,2.22044604925e-16,-0.4,-0.4,0.0,0.8,2.0,3.6,5.6,8.0,10.8,14.0,17.6,21.6	3	poly	0	176000
177031	0,1,2,3,4,5,6,7,8,9,10,11,12,13,14,15,16,17,18,19	14.0,10.8,8.0,5.6,3.6,2.0,0.8,2.22044604925e-16,-0.4,-0.4,0.0,0.8,2.0,3.6,5.6,8.0,10.8,14.0,17.6,21.6	3	poly	0	176000
176717	0,1,2,3,4,5,6,7,8,9,10,11,12,13,14,15,16,17,18,19	14.0,10.8,8.0,5.6,3.6,2.0,0.8,2.22044604925e-16,-0.4,-0.4,0.0,0.8,2.0,3.6,5.6,8.0,10.8,14.0,17.6,21.6	3	poly	0	176000
179632	0,1,2,3,4,5,6,7,8,9,10,11,12,13,14,15,16,17,18,19	14.0,10.8,8.0,5.6,3.6,2.0,0.8,2.22044604925e-16,-0.4,-0.4,0.0,0.8,2.0,3.6,5.6,8.0,10.8,14.0,17.6,21.6	3	poly	0	176000
177438	0,1,2,3,4,5,6,7,8,9,10,11,12,13,14,15,16,17,18,19	14.0,10.8,8.0,5.6,3.6,2.0,0.8,2.22044604925e-16,-0.4,-0.4,0.0,0.8,2.0,3.6,5.6,8.0,10.8,14.0,17.6,21.6	3	poly	0	176000
177333	0,1,2,3,4,5,6,7,8,9,10,11,12,13,14,15,16,17,18,19	14.0,10.8,8.0,5.6,3.6,2.0,0.8,2.22044604925e-16,-0.4,-0.4,0.0,0.8,2.0,3.6,5.6,8.0,10.8,14.0,17.6,21.6	3	poly	0	176000
178773	0,1,2,3,4,5,6,7,8,9,10,11,12,13,14,15,16,17,18,19	14.0,10.8,8.0,5.6,3.6,2.0,0.8,2.22044604925e-16,-0.4,-0.4,0.0,0.8,2.0,3.6,5.6,8.0,10.8,14.0,17.6,21.6	3	poly	0	176000
177830	0,1,2,3,4,5,6,7,8,9,10,11,12,13,14,15,16,17,18,19	14.0,10.8,8.0,5.6,3.6,2.0,0.8,2.22044604925e-16,-0.4,-0.4,0.0,0.8,2.0,3.6,5.6,8.0,10.8,14.0,17.6,21.6	3	poly	0	176000
178333	0,1,2,3,4,5,6,7,8,9,10,11,12,13,14,15,16,17,18,19	14.0,10.8,8.0,5.6,3.6,2.0,0.8,2.22044604925e-16,-0.4,-0.4,0.0,0.8,2.0,3.6,5.6,8.0,10.8,14.0,17.6,21.6	3	poly	0	176000
178527	0,1,2,3,4,5,6,7,8,9,10,11,12,13,14,15,16,17,18,19	14.0,10.8,8.0,5.6,3.6,2.0,0.8,2.22044604925e-16,-0.4,-0.4,0.0,0.8,2.0,3.6,5.6,8.0,10.8,14.0,17.6,21.6	3	poly	0	176000
177803	0,1,2,3,4,5,6,7,8,9,10,11,12,13,14,15,16,17,18,19	14.0,10.8,8.0,5.6,3.6,2.0,0.8,2.22044604925e-16,-0.4,-0.4,0.0,0.8,2.0,3.6,5.6,8.0,10.8,14.0,17.6,21.6	3	poly	0	176000
176212	0,1,2,3,4,5,6,7,8,9,10,11,12,13,14,15,16,17,18,19	14.0,10.8,8.0,5.6,3.6,2.0,0.8,2.22044604925e-16,-0.4,-0.4,0.0,0.8,2.0,3.6,5.6,8.0,10.8,14.0,17.6,21.6	3	poly	0	176000
179435	0,1,2,3,4,5,6,7,8,9,10,11,12,13,14,15,16,17,18,19	14.0,10.8,8.0,5.6,3.6,2.0,0.8,2.22044604925e-16,-0.4,-0.4,0.0,0.8,2.0,3.6,5.6,8.0,10.8,14.0,17.6,21.6	3	poly	0	176000
177613	0,1,2,3,4,5,6,7,8,9,10,11,12,13,14,15,16,17,18,19	14.0,10.8,8.0,5.6,3.6,2.0,0.8,2.22044604925e-16,-0.4,-0.4,0.0,0.8,2.0,3.6,5.6,8.0,10.8,14.0,17.6,21.6	3	poly	0	176000
178668	0,1,2,3,4,5,6,7,8,9,10,11,12,13,14,15,16,17,18,19	14.0,10.8,8.0,5.6,3.6,2.0,0.8,2.22044604925e-16,-0.4,-0.4,0.0,0.8,2.0,3.6,5.6,8.0,10.8,14.0,17.6,21.6	3	poly	0	176000
176825	0,1,2,3,4,5,6,7,8,9,10,11,12,13,14,15,16,17,18,19	14.0,10.8,8.0,5.6,3.6,2.0,0.8,2.22044604925e-16,-0.4,-0.4,0.0,0.8,2.0,3.6,5.6,8.0,10.8,14.0,17.6,21.6	3	poly	0	176000
176821	0,1,2,3,4,5,6,7,8,9,10,11,12,13,14,15,16,17,18,19	14.0,10.8,8.0,5.6,3.6,2.0,0.8,2.22044604925e-16,-0.4,-0.4,0.0,0.8,2.0,3.6,5.6,8.0,10.8,14.0,17.6,21.6	3	poly	0	176000
177575	0,1,2,3,4,5,6,7,8,9,10,11,12,13,14,15,16,17,18,19	14.0,10.8,8.0,5.6,3.6,2.0,0.8,2.22044604925e-16,-0.4,-0.4,0.0,0.8,2.0,3.6,5.6,8.0,10.8,14.0,17.6,21.6	3	poly	0	176000
177942	0,1,2,3,4,5,6,7,8,9,10,11,12,13,14,15,16,17,18,19	14.0,10.8,8.0,5.6,3.6,2.0,0.8,2.22044604925e-16,-0.4,-0.4,0.0,0.8,2.0,3.6,5.6,8.0,10.8,14.0,17.6,21.6	3	poly	0	176000
179901	0,1,2,3,4,5,6,7,8,9,10,11,12,13,14,15,16,17,18,19	14.0,10.8,8.0,5.6,3.6,2.0,0.8,2.22044604925e-16,-0.4,-0.4,0.0,0.8,2.0,3.6,5.6,8.0,10.8,14.0,17.6,21.6	3	poly	0	176000
179680	0,1,2,3,4,5,6,7,8,9,10,11,12,13,14,15,16,17,18,19	14.0,10.8,8.0,5.6,3.6,2.0,0.8,2.22044604925e-16,-0.4,-0.4,0.0,0.8,2.0,3.6,5.6,8.0,10.8,14.0,17.6,21.6	3	poly	0	176000
178623	0,1,2,3,4,5,6,7,8,9,10,11,12,13,14,15,16,17,18,19	14.0,10.8,8.0,5.6,3.6,2.0,0.8,2.22044604925e-16,-0.4,-0.4,0.0,0.8,2.0,3.6,5.6,8.0,10.8,14.0,17.6,21.6	3	poly	0	176000
176263	0,1,2,3,4,5,6,7,8,9,10,11,12,13,14,15,16,17,18,19	14.0,10.8,8.0,5.6,3.6,2.0,0.8,2.22044604925e-16,-0.4,-0.4,0.0,0.8,2.0,3.6,5.6,8.0,10.8,14.0,17.6,21.6	3	poly	0	176000
177205	0,1,2,3,4,5,6,7,8,9,10,11,12,13,14,15,16,17,18,19	14.0,10.8,8.0,5.6,3.6,2.0,0.8,2.22044604925e-16,-0.4,-0.4,0.0,0.8,2.0,3.6,5.6,8.0,10.8,14.0,17.6,21.6	3	poly	0	176000
179016	0,1,2,3,4,5,6,7,8,9,10,11,12,13,14,15,16,17,18,19	14.0,10.8,8.0,5.6,3.6,2.0,0.8,2.22044604925e-16,-0.4,-0.4,0.0,0.8,2.0,3.6,5.6,8.0,10.8,14.0,17.6,21.6	3	poly	0	176000
179371	0,1,2,3,4,5,6,7,8,9,10,11,12,13,14,15,16,17,18,19	14.0,10.8,8.0,5.6,3.6,2.0,0.8,2.22044604925e-16,-0.4,-0.4,0.0,0.8,2.0,3.6,5.6,8.0,10.8,14.0,17.6,21.6	3	poly	0	176000
176763	0,1,2,3,4,5,6,7,8,9,10,11,12,13,14,15,16,17,18,19	14.0,10.8,8.0,5.6,3.6,2.0,0.8,2.22044604925e-16,-0.4,-0.4,0.0,0.8,2.0,3.6,5.6,8.0,10.8,14.0,17.6,21.6	3	poly	0	176000
176610	0,1,2,3,4,5,6,7,8,9,10,11,12,13,14,15,16,17,18,19	14.0,10.8,8.0,5.6,3.6,2.0,0.8,2.22044604925e-16,-0.4,-0.4,0.0,0.8,2.0,3.6,5.6,8.0,10.8,14.0,17.6,21.6	3	poly	0	176000
177652	0,1,2,3,4,5,6,7,8,9,10,11,12,13,14,15,16,17,18,19	14.0,10.8,8.0,5.6,3.6,2.0,0.8,2.22044604925e-16,-0.4,-0.4,0.0,0.8,2.0,3.6,5.6,8.0,10.8,14.0,17.6,21.6	3	poly	0	176000
179784	0,1,2,3,4,5,6,7,8,9,10,11,12,13,14,15,16,17,18,19	14.0,10.8,8.0,5.6,3.6,2.0,0.8,2.22044604925e-16,-0.4,-0.4,0.0,0.8,2.0,3.6,5.6,8.0,10.8,14.0,17.6,21.6	3	poly	0	176000
179693	0,1,2,3,4,5,6,7,8,9,10,11,12,13,14,15,16,17,18,19	14.0,10.8,8.0,5.6,3.6,2.0,0.8,2.22044604925e-16,-0.4,-0.4,0.0,0.8,2.0,3.6,5.6,8.0,10.8,14.0,17.6,21.6	3	poly	0	176000
179918	0,1,2,3,4,5,6,7,8,9,10,11,12,13,14,15,16,17,18,19	14.0,10.8,8.0,5.6,3.6,2.0,0.8,2.22044604925e-16,-0.4,-0.4,0.0,0.8,2.0,3.6,5.6,8.0,10.8,14.0,17.6,21.6	3	poly	0	176000
176358	0,1,2,3,4,5,6,7,8,9,10,11,12,13,14,15,16,17,18,19	14.0,10.8,8.0,5.6,3.6,2.0,0.8,2.22044604925e-16,-0.4,-0.4,0.0,0.8,2.0,3.6,5.6,8.0,10.8,14.0,17.6,21.6	3	poly	0	176000
177091	0,1,2,3,4,5,6,7,8,9,10,11,12,13,14,15,16,17,18,19	14.0,10.8,8.0,5.6,3.6,2.0,0.8,2.22044604925e-16,-0.4,-0.4,0.0,0.8,2.0,3.6,5.6,8.0,10.8,14.0,17.6,21.6	3	poly	0	176000
177232	0,1,2,3,4,5,6,7,8,9,10,11,12,13,14,15,16,17,18,19	14.0,10.8,8.0,5.6,3.6,2.0,0.8,2.22044604925e-16,-0.4,-0.4,0.0,0.8,2.0,3.6,5.6,8.0,10.8,14.0,17.6,21.6	3	poly	0	176000
179263	0,1,2,3,4,5,6,7,8,9,10,11,12,13,14,15,16,17,18,19	14.0,10.8,8.0,5.6,3.6,2.0,0.8,2.22044604925e-16,-0.4,-0.4,0.0,0.8,2.0,3.6,5.6,8.0,10.8,14.0,17.6,21.6	3	poly	0	176000
177886	0,1,2,3,4,5,6,7,8,9,10,11,12,13,14,15,16,17,18,19	14.0,10.8,8.0,5.6,3.6,2.0,0.8,2.22044604925e-16,-0.4,-0.4,0.0,0.8,2.0,3.6,5.6,8.0,10.8,14.0,17.6,21.6	3	poly	0	176000
220093	0,1,2,3,4,5,6,7,8,9,10,11,12,13,14,15,16,17,18,19	1.92691715317e-29,1.1219437668e-14,5.49099785955e-07,0.00555191641168,0.67630350558,8.24850448066,30.3449577749,59.8011383188,85.1430693026,102.343649636,112.636442408,118.400524386,121.518339817,123.174478475,124.045915981,124.502200136,124.740497566,124.864783629,124.929560944,124.963310328	5	growth	0	220000
222788	0,1,2,3,4,5,6,7,8,9,10,11,12,13,14,15,16,17,18,19	1.92691715317e-29,1.1219437668e-14,5.49099785955e-07,0.00555191641168,0.67630350558,8.24850448066,30.3449577749,59.8011383188,85.1430693026,102.343649636,112.636442408,118.400524386,121.518339817,123.174478475,124.045915981,124.502200136,124.740497566,124.864783629,124.929560944,124.963310328	5	growth	0	220000
220825	0,1,2,3,4,5,6,7,8,9,10,11,12,13,14,15,16,17,18,19	1.92691715317e-29,1.1219437668e-14,5.49099785955e-07,0.00555191641168,0.67630350558,8.24850448066,30.3449577749,59.8011383188,85.1430693026,102.343649636,112.636442408,118.400524386,121.518339817,123.174478475,124.045915981,124.502200136,124.740497566,124.864783629,124.929560944,124.963310328	5	growth	0	220000
220570	0,1,2,3,4,5,6,7,8,9,10,11,12,13,14,15,16,17,18,19	1.92691715317e-29,1.1219437668e-14,5.49099785955e-07,0.00555191641168,0.67630350558,8.24850448066,30.3449577749,59.8011383188,85.1430693026,102.343649636,112.636442408,118.400524386,121.518339817,123.174478475,124.045915981,124.502200136,124.740497566,124.864783629,124.929560944,124.963310328	5	growth	0	220000
223855	0,1,2,3,4,5,6,7,8,9,10,11,12,13,14,15,16,17,18,19	1.92691715317e-29,1.1219437668e-14,5.49099785955e-07,0.00555191641168,0.67630350558,8.24850448066,30.3449577749,59.8011383188,85.1430693026,102.343649636,112.636442408,118.400524386,121.518339817,123.174478475,124.045915981,124.502200136,124.740497566,124.864783629,124.929560944,124.963310328	5	growth	0	220000
221222	0,1,2,3,4,5,6,7,8,9,10,11,12,13,14,15,16,17,18,19	1.92691715317e-29,1.1219437668e-14,5.49099785955e-07,0.00555191641168,0.67630350558,8.24850448066,30.3449577749,59.8011383188,85.1430693026,102.343649636,112.636442408,118.400524386,121.518339817,123.174478475,124.045915981,124.502200136,124.740497566,124.864783629,124.929560944,124.963310328	5	growth	0	220000
220993	0,1,2,3,4,5,6,7,8,9,10,11,12,13,14,15,16,17,18,19	1.92691715317e-29,1.1219437668e-14,5.49099785955e-07,0.00555191641168,0.67630350558,8.24850448066,30.3449577749,59.8011383188,85.1430693026,102.343649636,112.636442408,118.400524386,121.518339817,123.174478475,124.045915981,124.502200136,124.740497566,124.864783629,124.929560944,124.963310328	5	growth	0	220000
223601	0,1,2,3,4,5,6,7,8,9,10,11,12,13,14,15,16,17,18,19	1.92691715317e-29,1.1219437668e-14,5.49099785955e-07,0.00555191641168,0.67630350558,8.24850448066,30.3449577749,59.8011383188,85.1430693026,102.343649636,112.636442408,118.400524386,121.518339817,123.174478475,124.045915981,124.502200136,124.740497566,124.864783629,124.929560944,124.963310328	5	growth	0	220000
220627	0,1,2,3,4,5,6,7,8,9,10,11,12,13,14,15,16,17,18,19	1.92691715317e-29,1.1219437668e-14,5.49099785955e-07,0.00555191641168,0.67630350558,8.24850448066,30.3449577749,59.8011383188,85.1430693026,102.343649636,112.636442408,118.400524386,121.518339817,123.174478475,124.045915981,124.502200136,124.740497566,124.864783629,124.929560944,124.963310328	5	growth	0	220000
221009	0,1,2,3,4,5,6,7,8,9,10,11,12,13,14,15,16,17,18,19	1.92691715317e-29,1.1219437668e-14,5.49099785955e-07,0.00555191641168,0.67630350558,8.24850448066,30.3449577749,59.8011383188,85.1430693026,102.343649636,112.636442408,118.400524386,121.518339817,123.174478475,124.045915981,124.502200136,124.740497566,124.864783629,124.929560944,124.963310328	5	growth	0	220000
223969	0,1,2,3,4,5,6,7,8,9,10,11,12,13,14,15,16,17,18,19	1.92691715317e-29,1.1219437668e-14,5.49099785955e-07,0.00555191641168,0.67630350558,8.24850448066,30.3449577749,59.8011383188,85.1430693026,102.343649636,112.636442408,118.400524386,121.518339817,123.174478475,124.045915981,124.502200136,124.740497566,124.864783629,124.929560944,124.963310328	5	growth	0	220000
220064	0,1,2,3,4,5,6,7,8,9,10,11,12,13,14,15,16,17,18,19	1.92691715317e-29,1.1219437668e-14,5.49099785955e-07,0.00555191641168,0.67630350558,8.24850448066,30.3449577749,59.8011383188,85.1430693026,102.343649636,112.636442408,118.400524386,121.518339817,123.174478475,124.045915981,124.502200136,124.740497566,124.864783629,124.929560944,124.963310328	5	growth	0	220000
221852	0,1,2,3,4,5,6,7,8,9,10,11,12,13,14,15,16,17,18,19	1.92691715317e-29,1.1219437668e-14,5.49099785955e-07,0.00555191641168,0.67630350558,8.24850448066,30.3449577749,59.8011383188,85.1430693026,102.343649636,112.636442408,118.400524386,121.518339817,123.174478475,124.045915981,124.502200136,124.740497566,124.864783629,124.929560944,124.963310328	5	growth	0	220000
223934	0,1,2,3,4,5,6,7,8,9,10,11,12,13,14,15,16,17,18,19	1.92691715317e-29,1.1219437668e-14,5.49099785955e-07,0.00555191641168,0.67630350558,8.24850448066,30.3449577749,59.8011383188,85.1430693026,102.343649636,112.636442408,118.400524386,121.518339817,123.174478475,124.045915981,124.502200136,124.740497566,124.864783629,124.929560944,124.963310328	5	growth	0	220000
222750	0,1,2,3,4,5,6,7,8,9,10,11,12,13,14,15,16,17,18,19	1.92691715317e-29,1.1219437668e-14,5.49099785955e-07,0.00555191641168,0.67630350558,8.24850448066,30.3449577749,59.8011383188,85.1430693026,102.343649636,112.636442408,118.400524386,121.518339817,123.174478475,124.045915981,124.502200136,124.740497566,124.864783629,124.929560944,124.963310328	5	growth	0	220000
220454	0,1,2,3,4,5,6,7,8,9,10,11,12,13,14,15,16,17,18,19	1.92691715317e-29,1.1219437668e-14,5.49099785955e-07,0.00555191641168,0.67630350558,8.24850448066,30.3449577749,59.8011383188,85.1430693026,102.343649636,112.636442408,118.400524386,121.518339817,123.174478475,124.045915981,124.502200136,124.740497566,124.864783629,124.929560944,124.963310328	5	growth	0	220000
221929	0,1,2,3,4,5,6,7,8,9,10,11,12,13,14,15,16,17,18,19	1.92691715317e-29,1.1219437668e-14,5.49099785955e-07,0.00555191641168,0.67630350558,8.24850448066,30.3449577749,59.8011383188,85.1430693026,102.343649636,112.636442408,118.400524386,121.518339817,123.174478475,124.045915981,124.502200136,124.740497566,124.864783629,124.929560944,124.963310328	5	growth	0	220000
223705	0,1,2,3,4,5,6,7,8,9,10,11,12,13,14,15,16,17,18,19	1.92691715317e-29,1.1219437668e-14,5.49099785955e-07,0.00555191641168,0.67630350558,8.24850448066,30.3449577749,59.8011383188,85.1430693026,102.343649636,112.636442408,118.400524386,121.518339817,123.174478475,124.045915981,124.502200136,124.740497566,124.864783629,124.929560944,124.963310328	5	growth	0	220000
223462	0,1,2,3,4,5,6,7,8,9,10,11,12,13,14,15,16,17,18,19	1.92691715317e-29,1.1219437668e-14,5.49099785955e-07,0.00555191641168,0.67630350558,8.24850448066,30.3449577749,59.8011383188,85.1430693026,102.343649636,112.636442408,118.400524386,121.518339817,123.174478475,124.045915981,124.502200136,124.740497566,124.864783629,124.929560944,124.963310328	5	growth	0	220000
223149	0,1,2,3,4,5,6,7,8,9,10,11,12,13,14,15,16,17,18,19	1.92691715317e-29,1.1219437668e-14,5.49099785955e-07,0.00555191641168,0.67630350558,8.24850448066,30.3449577749,59.8011383188,85.1430693026,102.343649636,112.636442408,118.400524386,121.518339817,123.174478475,124.045915981,124.502200136,124.740497566,124.864783629,124.929560944,124.963310328	5	growth	0	220000
221914	0,1,2,3,4,5,6,7,8,9,10,11,12,13,14,15,16,17,18,19	1.92691715317e-29,1.1219437668e-14,5.49099785955e-07,0.00555191641168,0.67630350558,8.24850448066,30.3449577749,59.8011383188,85.1430693026,102.343649636,112.636442408,118.400524386,121.518339817,123.174478475,124.045915981,124.502200136,124.740497566,124.864783629,124.929560944,124.963310328	5	growth	0	220000
221550	0,1,2,3,4,5,6,7,8,9,10,11,12,13,14,15,16,17,18,19	1.92691715317e-29,1.1219437668e-14,5.49099785955e-07,0.00555191641168,0.67630350558,8.24850448066,30.3449577749,59.8011383188,85.1430693026,102.343649636,112.636442408,118.400524386,121.518339817,123.174478475,124.045915981,124.502200136,124.740497566,124.864783629,124.929560944,124.963310328	5	growth	0	220000
220485	0,1,2,3,4,5,6,7,8,9,10,11,12,13,14,15,16,17,18,19	1.92691715317e-29,1.1219437668e-14,5.49099785955e-07,0.00555191641168,0.67630350558,8.24850448066,30.3449577749,59.8011383188,85.1430693026,102.343649636,112.636442408,118.400524386,121.518339817,123.174478475,124.045915981,124.502200136,124.740497566,124.864783629,124.929560944,124.963310328	5	growth	0	220000
223377	0,1,2,3,4,5,6,7,8,9,10,11,12,13,14,15,16,17,18,19	1.92691715317e-29,1.1219437668e-14,5.49099785955e-07,0.00555191641168,0.67630350558,8.24850448066,30.3449577749,59.8011383188,85.1430693026,102.343649636,112.636442408,118.400524386,121.518339817,123.174478475,124.045915981,124.502200136,124.740497566,124.864783629,124.929560944,124.963310328	5	growth	0	220000
220514	0,1,2,3,4,5,6,7,8,9,10,11,12,13,14,15,16,17,18,19	1.92691715317e-29,1.1219437668e-14,5.49099785955e-07,0.00555191641168,0.67630350558,8.24850448066,30.3449577749,59.8011383188,85.1430693026,102.343649636,112.636442408,118.400524386,121.518339817,123.174478475,124.045915981,124.502200136,124.740497566,124.864783629,124.929560944,124.963310328	5	growth	0	220000
222295	0,1,2,3,4,5,6,7,8,9,10,11,12,13,14,15,16,17,18,19	1.92691715317e-29,1.1219437668e-14,5.49099785955e-07,0.00555191641168,0.67630350558,8.24850448066,30.3449577749,59.8011383188,85.1430693026,102.343649636,112.636442408,118.400524386,121.518339817,123.174478475,124.045915981,124.502200136,124.740497566,124.864783629,124.929560944,124.963310328	5	growth	0	220000
220449	0,1,2,3,4,5,6,7,8,9,10,11,12,13,14,15,16,17,18,19	1.92691715317e-29,1.1219437668e-14,5.49099785955e-07,0.00555191641168,0.67630350558,8.24850448066,30.3449577749,59.8011383188,85.1430693026,102.343649636,112.636442408,118.400524386,121.518339817,123.174478475,124.045915981,124.502200136,124.740497566,124.864783629,124.929560944,124.963310328	5	growth	0	220000
223642	0,1,2,3,4,5,6,7,8,9,10,11,12,13,14,15,16,17,18,19	1.92691715317e-29,1.1219437668e-14,5.49099785955e-07,0.00555191641168,0.67630350558,8.24850448066,30.3449577749,59.8011383188,85.1430693026,102.343649636,112.636442408,118.400524386,121.518339817,123.174478475,124.045915981,124.502200136,124.740497566,124.864783629,124.929560944,124.963310328	5	growth	0	220000
220056	0,1,2,3,4,5,6,7,8,9,10,11,12,13,14,15,16,17,18,19	1.92691715317e-29,1.1219437668e-14,5.49099785955e-07,0.00555191641168,0.67630350558,8.24850448066,30.3449577749,59.8011383188,85.1430693026,102.343649636,112.636442408,118.400524386,121.518339817,123.174478475,124.045915981,124.502200136,124.740497566,124.864783629,124.929560944,124.963310328	5	growth	0	220000
223165	0,1,2,3,4,5,6,7,8,9,10,11,12,13,14,15,16,17,18,19	1.92691715317e-29,1.1219437668e-14,5.49099785955e-07,0.00555191641168,0.67630350558,8.24850448066,30.3449577749,59.8011383188,85.1430693026,102.343649636,112.636442408,118.400524386,121.518339817,123.174478475,124.045915981,124.502200136,124.740497566,124.864783629,124.929560944,124.963310328	5	growth	0	220000
220756	0,1,2,3,4,5,6,7,8,9,10,11,12,13,14,15,16,17,18,19	1.92691715317e-29,1.1219437668e-14,5.49099785955e-07,0.00555191641168,0.67630350558,8.24850448066,30.3449577749,59.8011383188,85.1430693026,102.343649636,112.636442408,118.400524386,121.518339817,123.174478475,124.045915981,124.502200136,124.740497566,124.864783629,124.929560944,124.963310328	5	growth	0	220000
222493	0,1,2,3,4,5,6,7,8,9,10,11,12,13,14,15,16,17,18,19	1.92691715317e-29,1.1219437668e-14,5.49099785955e-07,0.00555191641168,0.67630350558,8.24850448066,30.3449577749,59.8011383188,85.1430693026,102.343649636,112.636442408,118.400524386,121.518339817,123.174478475,124.045915981,124.502200136,124.740497566,124.864783629,124.929560944,124.963310328	5	growth	0	220000
220103	0,1,2,3,4,5,6,7,8,9,10,11,12,13,14,15,16,17,18,19	1.92691715317e-29,1.1219437668e-14,5.49099785955e-07,0.00555191641168,0.67630350558,8.24850448066,30.3449577749,59.8011383188,85.1430693026,102.343649636,112.636442408,118.400524386,121.518339817,123.174478475,124.045915981,124.502200136,124.740497566,124.864783629,124.929560944,124.963310328	5	growth	0	220000
220249	0,1,2,3,4,5,6,7,8,9,10,11,12,13,14,15,16,17,18,19	1.92691715317e-29,1.1219437668e-14,5.49099785955e-07,0.00555191641168,0.67630350558,8.24850448066,30.3449577749,59.8011383188,85.1430693026,102.343649636,112.636442408,118.400524386,121.518339817,123.174478475,124.045915981,124.502200136,124.740497566,124.864783629,124.929560944,124.963310328	5	growth	0	220000
220359	0,1,2,3,4,5,6,7,8,9,10,11,12,13,14,15,16,17,18,19	1.92691715317e-29,1.1219437668e-14,5.49099785955e-07,0.00555191641168,0.67630350558,8.24850448066,30.3449577749,59.8011383188,85.1430693026,102.343649636,112.636442408,118.400524386,121.518339817,123.174478475,124.045915981,124.502200136,124.740497566,124.864783629,124.929560944,124.963310328	5	growth	0	220000
223163	0,1,2,3,4,5,6,7,8,9,10,11,12,13,14,15,16,17,18,19	1.92691715317e-29,1.1219437668e-14,5.49099785955e-07,0.00555191641168,0.67630350558,8.24850448066,30.3449577749,59.8011383188,85.1430693026,102.343649636,112.636442408,118.400524386,121.518339817,123.174478475,124.045915981,124.502200136,124.740497566,124.864783629,124.929560944,124.963310328	5	growth	0	220000
220921	0,1,2,3,4,5,6,7,8,9,10,11,12,13,14,15,16,17,18,19	1.92691715317e-29,1.1219437668e-14,5.49099785955e-07,0.00555191641168,0.67630350558,8.24850448066,30.3449577749,59.8011383188,85.1430693026,102.343649636,112.636442408,118.400524386,121.518339817,123.174478475,124.045915981,124.502200136,124.740497566,124.864783629,124.929560944,124.963310328	5	growth	0	220000
221730	0,1,2,3,4,5,6,7,8,9,10,11,12,13,14,15,16,17,18,19	1.92691715317e-29,1.1219437668e-14,5.49099785955e-07,0.00555191641168,0.67630350558,8.24850448066,30.3449577749,59.8011383188,85.1430693026,102.343649636,112.636442408,118.400524386,121.518339817,123.174478475,124.045915981,124.502200136,124.740497566,124.864783629,124.929560944,124.963310328	5	growth	0	220000
220260	0,1,2,3,4,5,6,7,8,9,10,11,12,13,14,15,16,17,18,19	1.92691715317e-29,1.1219437668e-14,5.49099785955e-07,0.00555191641168,0.67630350558,8.24850448066,30.3449577749,59.8011383188,85.1430693026,102.343649636,112.636442408,118.400524386,121.518339817,123.174478475,124.045915981,124.502200136,124.740497566,124.864783629,124.929560944,124.963310328	5	growth	0	220000
223432	0,1,2,3,4,5,6,7,8,9,10,11,12,13,14,15,16,17,18,19	1.92691715317e-29,1.1219437668e-14,5.49099785955e-07,0.00555191641168,0.67630350558,8.24850448066,30.3449577749,59.8011383188,85.1430693026,102.343649636,112.636442408,118.400524386,121.518339817,123.174478475,124.045915981,124.502200136,124.740497566,124.864783629,124.929560944,124.963310328	5	growth	0	220000
223306	0,1,2,3,4,5,6,7,8,9,10,11,12,13,14,15,16,17,18,19	1.92691715317e-29,1.1219437668e-14,5.49099785955e-07,0.00555191641168,0.67630350558,8.24850448066,30.3449577749,59.8011383188,85.1430693026,102.343649636,112.636442408,118.400524386,121.518339817,123.174478475,124.045915981,124.502200136,124.740497566,124.864783629,124.929560944,124.963310328	5	growth	0	220000
220016	0,1,2,3,4,5,6,7,8,9,10,11,12,13,14,15,16,17,18,19	1.92691715317e-29,1.1219437668e-14,5.49099785955e-07,0.00555191641168,0.67630350558,8.24850448066,30.3449577749,59.8011383188,85.1430693026,102.343649636,112.636442408,118.400524386,121.518339817,123.174478475,124.045915981,124.502200136,124.740497566,124.864783629,124.929560944,124.963310328	5	growth	0	220000
223885	0,1,2,3,4,5,6,7,8,9,10,11,12,13,14,15,16,17,18,19	1.92691715317e-29,1.1219437668e-14,5.49099785955e-07,0.00555191641168,0.67630350558,8.24850448066,30.3449577749,59.8011383188,85.1430693026,102.343649636,112.636442408,118.400524386,121.518339817,123.174478475,124.045915981,124.502200136,124.740497566,124.864783629,124.929560944,124.963310328	5	growth	0	220000
221925	0,1,2,3,4,5,6,7,8,9,10,11,12,13,14,15,16,17,18,19	1.92691715317e-29,1.1219437668e-14,5.49099785955e-07,0.00555191641168,0.67630350558,8.24850448066,30.3449577749,59.8011383188,85.1430693026,102.343649636,112.636442408,118.400524386,121.518339817,123.174478475,124.045915981,124.502200136,124.740497566,124.864783629,124.929560944,124.963310328	5	growth	0	220000
223027	0,1,2,3,4,5,6,7,8,9,10,11,12,13,14,15,16,17,18,19	1.92691715317e-29,1.1219437668e-14,5.49099785955e-07,0.00555191641168,0.67630350558,8.24850448066,30.3449577749,59.8011383188,85.1430693026,102.343649636,112.636442408,118.400524386,121.518339817,123.174478475,124.045915981,124.502200136,124.740497566,124.864783629,124.929560944,124.963310328	5	growth	0	220000
223713	0,1,2,3,4,5,6,7,8,9,10,11,12,13,14,15,16,17,18,19	1.92691715317e-29,1.1219437668e-14,5.49099785955e-07,0.00555191641168,0.67630350558,8.24850448066,30.3449577749,59.8011383188,85.1430693026,102.343649636,112.636442408,118.400524386,121.518339817,123.174478475,124.045915981,124.502200136,124.740497566,124.864783629,124.929560944,124.963310328	5	growth	0	220000
222827	0,1,2,3,4,5,6,7,8,9,10,11,12,13,14,15,16,17,18,19	1.92691715317e-29,1.1219437668e-14,5.49099785955e-07,0.00555191641168,0.67630350558,8.24850448066,30.3449577749,59.8011383188,85.1430693026,102.343649636,112.636442408,118.400524386,121.518339817,123.174478475,124.045915981,124.502200136,124.740497566,124.864783629,124.929560944,124.963310328	5	growth	0	220000
220989	0,1,2,3,4,5,6,7,8,9,10,11,12,13,14,15,16,17,18,19	1.92691715317e-29,1.1219437668e-14,5.49099785955e-07,0.00555191641168,0.67630350558,8.24850448066,30.3449577749,59.8011383188,85.1430693026,102.343649636,112.636442408,118.400524386,121.518339817,123.174478475,124.045915981,124.502200136,124.740497566,124.864783629,124.929560944,124.963310328	5	growth	0	220000
221267	0,1,2,3,4,5,6,7,8,9,10,11,12,13,14,15,16,17,18,19	1.92691715317e-29,1.1219437668e-14,5.49099785955e-07,0.00555191641168,0.67630350558,8.24850448066,30.3449577749,59.8011383188,85.1430693026,102.343649636,112.636442408,118.400524386,121.518339817,123.174478475,124.045915981,124.502200136,124.740497566,124.864783629,124.929560944,124.963310328	5	growth	0	220000
221406	0,1,2,3,4,5,6,7,8,9,10,11,12,13,14,15,16,17,18,19	1.92691715317e-29,1.1219437668e-14,5.49099785955e-07,0.00555191641168,0.67630350558,8.24850448066,30.3449577749,59.8011383188,85.1430693026,102.343649636,112.636442408,118.400524386,121.518339817,123.174478475,124.045915981,124.502200136,124.740497566,124.864783629,124.929560944,124.963310328	5	growth	0	220000
222348	0,1,2,3,4,5,6,7,8,9,10,11,12,13,14,15,16,17,18,19	1.92691715317e-29,1.1219437668e-14,5.49099785955e-07,0.00555191641168,0.67630350558,8.24850448066,30.3449577749,59.8011383188,85.1430693026,102.343649636,112.636442408,118.400524386,121.518339817,123.174478475,124.045915981,124.502200136,124.740497566,124.864783629,124.929560944,124.963310328	5	growth	0	220000
223914	0,1,2,3,4,5,6,7,8,9,10,11,12,13,14,15,16,17,18,19	1.92691715317e-29,1.1219437668e-14,5.49099785955e-07,0.00555191641168,0.67630350558,8.24850448066,30.3449577749,59.8011383188,85.1430693026,102.343649636,112.636442408,118.400524386,121.518339817,123.174478475,124.045915981,124.502200136,124.740497566,124.864783629,124.929560944,124.963310328	5	growth	0	220000
223362	0,1,2,3,4,5,6,7,8,9,10,11,12,13,14,15,16,17,18,19	1.92691715317e-29,1.1219437668e-14,5.49099785955e-07,0.00555191641168,0.67630350558,8.24850448066,30.3449577749,59.8011383188,85.1430693026,102.343649636,112.636442408,118.400524386,121.518339817,123.174478475,124.045915981,124.502200136,124.740497566,124.864783629,124.929560944,124.963310328	5	growth	0	220000
222794	0,1,2,3,4,5,6,7,8,9,10,11,12,13,14,15,16,17,18,19	1.92691715317e-29,1.1219437668e-14,5.49099785955e-07,0.00555191641168,0.67630350558,8.24850448066,30.3449577749,59.8011383188,85.1430693026,102.343649636,112.636442408,118.400524386,121.518339817,123.174478475,124.045915981,124.502200136,124.740497566,124.864783629,124.929560944,124.963310328	5	growth	0	220000
221992	0,1,2,3,4,5,6,7,8,9,10,11,12,13,14,15,16,17,18,19	1.92691715317e-29,1.1219437668e-14,5.49099785955e-07,0.00555191641168,0.67630350558,8.24850448066,30.3449577749,59.8011383188,85.1430693026,102.343649636,112.636442408,118.400524386,121.518339817,123.174478475,124.045915981,124.502200136,124.740497566,124.864783629,124.929560944,124.963310328	5	growth	0	220000
220018	0,1,2,3,4,5,6,7,8,9,10,11,12,13,14,15,16,17,18,19	1.92691715317e-29,1.1219437668e-14,5.49099785955e-07,0.00555191641168,0.67630350558,8.24850448066,30.3449577749,59.8011383188,85.1430693026,102.343649636,112.636442408,118.400524386,121.518339817,123.174478475,124.045915981,124.502200136,124.740497566,124.864783629,124.929560944,124.963310328	5	growth	0	220000
221756	0,1,2,3,4,5,6,7,8,9,10,11,12,13,14,15,16,17,18,19	1.92691715317e-29,1.1219437668e-14,5.49099785955e-07,0.00555191641168,0.67630350558,8.24850448066,30.3449577749,59.8011383188,85.1430693026,102.343649636,112.636442408,118.400524386,121.518339817,123.174478475,124.045915981,124.502200136,124.740497566,124.864783629,124.929560944,124.963310328	5	growth	0	220000
222519	0,1,2,3,4,5,6,7,8,9,10,11,12,13,14,15,16,17,18,19	1.92691715317e-29,1.1219437668e-14,5.49099785955e-07,0.00555191641168,0.67630350558,8.24850448066,30.3449577749,59.8011383188,85.1430693026,102.343649636,112.636442408,118.400524386,121.518339817,123.174478475,124.045915981,124.502200136,124.740497566,124.864783629,124.929560944,124.963310328	5	growth	0	220000
222743	0,1,2,3,4,5,6,7,8,9,10,11,12,13,14,15,16,17,18,19	1.92691715317e-29,1.1219437668e-14,5.49099785955e-07,0.00555191641168,0.67630350558,8.24850448066,30.3449577749,59.8011383188,85.1430693026,102.343649636,112.636442408,118.400524386,121.518339817,123.174478475,124.045915981,124.502200136,124.740497566,124.864783629,124.929560944,124.963310328	5	growth	0	220000
222298	0,1,2,3,4,5,6,7,8,9,10,11,12,13,14,15,16,17,18,19	1.92691715317e-29,1.1219437668e-14,5.49099785955e-07,0.00555191641168,0.67630350558,8.24850448066,30.3449577749,59.8011383188,85.1430693026,102.343649636,112.636442408,118.400524386,121.518339817,123.174478475,124.045915981,124.502200136,124.740497566,124.864783629,124.929560944,124.963310328	5	growth	0	220000
220894	0,1,2,3,4,5,6,7,8,9,10,11,12,13,14,15,16,17,18,19	1.92691715317e-29,1.1219437668e-14,5.49099785955e-07,0.00555191641168,0.67630350558,8.24850448066,30.3449577749,59.8011383188,85.1430693026,102.343649636,112.636442408,118.400524386,121.518339817,123.174478475,124.045915981,124.502200136,124.740497566,124.864783629,124.929560944,124.963310328	5	growth	0	220000
220856	0,1,2,3,4,5,6,7,8,9,10,11,12,13,14,15,16,17,18,19	1.92691715317e-29,1.1219437668e-14,5.49099785955e-07,0.00555191641168,0.67630350558,8.24850448066,30.3449577749,59.8011383188,85.1430693026,102.343649636,112.636442408,118.400524386,121.518339817,123.174478475,124.045915981,124.502200136,124.740497566,124.864783629,124.929560944,124.963310328	5	growth	0	220000
221900	0,1,2,3,4,5,6,7,8,9,10,11,12,13,14,15,16,17,18,19	1.92691715317e-29,1.1219437668e-14,5.49099785955e-07,0.00555191641168,0.67630350558,8.24850448066,30.3449577749,59.8011383188,85.1430693026,102.343649636,112.636442408,118.400524386,121.518339817,123.174478475,124.045915981,124.502200136,124.740497566,124.864783629,124.929560944,124.963310328	5	growth	0	220000
221070	0,1,2,3,4,5,6,7,8,9,10,11,12,13,14,15,16,17,18,19	1.92691715317e-29,1.1219437668e-14,5.49099785955e-07,0.00555191641168,0.67630350558,8.24850448066,30.3449577749,59.8011383188,85.1430693026,102.343649636,112.636442408,118.400524386,121.518339817,123.174478475,124.045915981,124.502200136,124.740497566,124.864783629,124.929560944,124.963310328	5	growth	0	220000
221514	0,1,2,3,4,5,6,7,8,9,10,11,12,13,14,15,16,17,18,19	1.92691715317e-29,1.1219437668e-14,5.49099785955e-07,0.00555191641168,0.67630350558,8.24850448066,30.3449577749,59.8011383188,85.1430693026,102.343649636,112.636442408,118.400524386,121.518339817,123.174478475,124.045915981,124.502200136,124.740497566,124.864783629,124.929560944,124.963310328	5	growth	0	220000
221025	0,1,2,3,4,5,6,7,8,9,10,11,12,13,14,15,16,17,18,19	1.92691715317e-29,1.1219437668e-14,5.49099785955e-07,0.00555191641168,0.67630350558,8.24850448066,30.3449577749,59.8011383188,85.1430693026,102.343649636,112.636442408,118.400524386,121.518339817,123.174478475,124.045915981,124.502200136,124.740497566,124.864783629,124.929560944,124.963310328	5	growth	0	220000
220042	0,1,2,3,4,5,6,7,8,9,10,11,12,13,14,15,16,17,18,19	1.92691715317e-29,1.1219437668e-14,5.49099785955e-07,0.00555191641168,0.67630350558,8.24850448066,30.3449577749,59.8011383188,85.1430693026,102.343649636,112.636442408,118.400524386,121.518339817,123.174478475,124.045915981,124.502200136,124.740497566,124.864783629,124.929560944,124.963310328	5	growth	0	220000
220309	0,1,2,3,4,5,6,7,8,9,10,11,12,13,14,15,16,17,18,19	1.92691715317e-29,1.1219437668e-14,5.49099785955e-07,0.00555191641168,0.67630350558,8.24850448066,30.3449577749,59.8011383188,85.1430693026,102.343649636,112.636442408,118.400524386,121.518339817,123.174478475,124.045915981,124.502200136,124.740497566,124.864783629,124.929560944,124.963310328	5	growth	0	220000
221937	0,1,2,3,4,5,6,7,8,9,10,11,12,13,14,15,16,17,18,19	1.92691715317e-29,1.1219437668e-14,5.49099785955e-07,0.00555191641168,0.67630350558,8.24850448066,30.3449577749,59.8011383188,85.1430693026,102.343649636,112.636442408,118.400524386,121.518339817,123.174478475,124.045915981,124.502200136,124.740497566,124.864783629,124.929560944,124.963310328	5	growth	0	220000
223687	0,1,2,3,4,5,6,7,8,9,10,11,12,13,14,15,16,17,18,19	1.92691715317e-29,1.1219437668e-14,5.49099785955e-07,0.00555191641168,0.67630350558,8.24850448066,30.3449577749,59.8011383188,85.1430693026,102.343649636,112.636442408,118.400524386,121.518339817,123.174478475,124.045915981,124.502200136,124.740497566,124.864783629,124.929560944,124.963310328	5	growth	0	220000
220739	0,1,2,3,4,5,6,7,8,9,10,11,12,13,14,15,16,17,18,19	1.92691715317e-29,1.1219437668e-14,5.49099785955e-07,0.00555191641168,0.67630350558,8.24850448066,30.3449577749,59.8011383188,85.1430693026,102.343649636,112.636442408,118.400524386,121.518339817,123.174478475,124.045915981,124.502200136,124.740497566,124.864783629,124.929560944,124.963310328	5	growth	0	220000
220226	0,1,2,3,4,5,6,7,8,9,10,11,12,13,14,15,16,17,18,19	1.92691715317e-29,1.1219437668e-14,5.49099785955e-07,0.00555191641168,0.67630350558,8.24850448066,30.3449577749,59.8011383188,85.1430693026,102.343649636,112.636442408,118.400524386,121.518339817,123.174478475,124.045915981,124.502200136,124.740497566,124.864783629,124.929560944,124.963310328	5	growth	0	220000
223294	0,1,2,3,4,5,6,7,8,9,10,11,12,13,14,15,16,17,18,19	1.92691715317e-29,1.1219437668e-14,5.49099785955e-07,0.00555191641168,0.67630350558,8.24850448066,30.3449577749,59.8011383188,85.1430693026,102.343649636,112.636442408,118.400524386,121.518339817,123.174478475,124.045915981,124.502200136,124.740497566,124.864783629,124.929560944,124.963310328	5	growth	0	220000
222059	0,1,2,3,4,5,6,7,8,9,10,11,12,13,14,15,16,17,18,19	1.92691715317e-29,1.1219437668e-14,5.49099785955e-07,0.00555191641168,0.67630350558,8.24850448066,30.3449577749,59.8011383188,85.1430693026,102.343649636,112.636442408,118.400524386,121.518339817,123.174478475,124.045915981,124.502200136,124.740497566,124.864783629,124.929560944,124.963310328	5	growth	0	220000
221577	0,1,2,3,4,5,6,7,8,9,10,11,12,13,14,15,16,17,18,19	1.92691715317e-29,1.1219437668e-14,5.49099785955e-07,0.00555191641168,0.67630350558,8.24850448066,30.3449577749,59.8011383188,85.1430693026,102.343649636,112.636442408,118.400524386,121.518339817,123.174478475,124.045915981,124.502200136,124.740497566,124.864783629,124.929560944,124.963310328	5	growth	0	220000
222735	0,1,2,3,4,5,6,7,8,9,10,11,12,13,14,15,16,17,18,19	1.92691715317e-29,1.1219437668e-14,5.49099785955e-07,0.00555191641168,0.67630350558,8.24850448066,30.3449577749,59.8011383188,85.1430693026,102.343649636,112.636442408,118.400524386,121.518339817,123.174478475,124.045915981,124.502200136,124.740497566,124.864783629,124.929560944,124.963310328	5	growth	0	220000
220412	0,1,2,3,4,5,6,7,8,9,10,11,12,13,14,15,16,17,18,19	1.92691715317e-29,1.1219437668e-14,5.49099785955e-07,0.00555191641168,0.67630350558,8.24850448066,30.3449577749,59.8011383188,85.1430693026,102.343649636,112.636442408,118.400524386,121.518339817,123.174478475,124.045915981,124.502200136,124.740497566,124.864783629,124.929560944,124.963310328	5	growth	0	220000
220061	0,1,2,3,4,5,6,7,8,9,10,11,12,13,14,15,16,17,18,19	1.92691715317e-29,1.1219437668e-14,5.49099785955e-07,0.00555191641168,0.67630350558,8.24850448066,30.3449577749,59.8011383188,85.1430693026,102.343649636,112.636442408,118.400524386,121.518339817,123.174478475,124.045915981,124.502200136,124.740497566,124.864783629,124.929560944,124.963310328	5	growth	0	220000
221345	0,1,2,3,4,5,6,7,8,9,10,11,12,13,14,15,16,17,18,19	1.92691715317e-29,1.1219437668e-14,5.49099785955e-07,0.00555191641168,0.67630350558,8.24850448066,30.3449577749,59.8011383188,85.1430693026,102.343649636,112.636442408,118.400524386,121.518339817,123.174478475,124.045915981,124.502200136,124.740497566,124.864783629,124.929560944,124.963310328	5	growth	0	220000
223550	0,1,2,3,4,5,6,7,8,9,10,11,12,13,14,15,16,17,18,19	1.92691715317e-29,1.1219437668e-14,5.49099785955e-07,0.00555191641168,0.67630350558,8.24850448066,30.3449577749,59.8011383188,85.1430693026,102.343649636,112.636442408,118.400524386,121.518339817,123.174478475,124.045915981,124.502200136,124.740497566,124.864783629,124.929560944,124.963310328	5	growth	0	220000
220959	0,1,2,3,4,5,6,7,8,9,10,11,12,13,14,15,16,17,18,19	1.92691715317e-29,1.1219437668e-14,5.49099785955e-07,0.00555191641168,0.67630350558,8.24850448066,30.3449577749,59.8011383188,85.1430693026,102.343649636,112.636442408,118.400524386,121.518339817,123.174478475,124.045915981,124.502200136,124.740497566,124.864783629,124.929560944,124.963310328	5	growth	0	220000
223720	0,1,2,3,4,5,6,7,8,9,10,11,12,13,14,15,16,17,18,19	1.92691715317e-29,1.1219437668e-14,5.49099785955e-07,0.00555191641168,0.67630350558,8.24850448066,30.3449577749,59.8011383188,85.1430693026,102.343649636,112.636442408,118.400524386,121.518339817,123.174478475,124.045915981,124.502200136,124.740497566,124.864783629,124.929560944,124.963310328	5	growth	0	220000
220871	0,1,2,3,4,5,6,7,8,9,10,11,12,13,14,15,16,17,18,19	1.92691715317e-29,1.1219437668e-14,5.49099785955e-07,0.00555191641168,0.67630350558,8.24850448066,30.3449577749,59.8011383188,85.1430693026,102.343649636,112.636442408,118.400524386,121.518339817,123.174478475,124.045915981,124.502200136,124.740497566,124.864783629,124.929560944,124.963310328	5	growth	0	220000
221731	0,1,2,3,4,5,6,7,8,9,10,11,12,13,14,15,16,17,18,19	1.92691715317e-29,1.1219437668e-14,5.49099785955e-07,0.00555191641168,0.67630350558,8.24850448066,30.3449577749,59.8011383188,85.1430693026,102.343649636,112.636442408,118.400524386,121.518339817,123.174478475,124.045915981,124.502200136,124.740497566,124.864783629,124.929560944,124.963310328	5	growth	0	220000
221130	0,1,2,3,4,5,6,7,8,9,10,11,12,13,14,15,16,17,18,19	1.92691715317e-29,1.1219437668e-14,5.49099785955e-07,0.00555191641168,0.67630350558,8.24850448066,30.3449577749,59.8011383188,85.1430693026,102.343649636,112.636442408,118.400524386,121.518339817,123.174478475,124.045915981,124.502200136,124.740497566,124.864783629,124.929560944,124.963310328	5	growth	0	220000
221011	0,1,2,3,4,5,6,7,8,9,10,11,12,13,14,15,16,17,18,19	1.92691715317e-29,1.1219437668e-14,5.49099785955e-07,0.00555191641168,0.67630350558,8.24850448066,30.3449577749,59.8011383188,85.1430693026,102.343649636,112.636442408,118.400524386,121.518339817,123.174478475,124.045915981,124.502200136,124.740497566,124.864783629,124.929560944,124.963310328	5	growth	0	220000
220384	0,1,2,3,4,5,6,7,8,9,10,11,12,13,14,15,16,17,18,19	1.92691715317e-29,1.1219437668e-14,5.49099785955e-07,0.00555191641168,0.67630350558,8.24850448066,30.3449577749,59.8011383188,85.1430693026,102.343649636,112.636442408,118.400524386,121.518339817,123.174478475,124.045915981,124.502200136,124.740497566,124.864783629,124.929560944,124.963310328	5	growth	0	220000
220843	0,1,2,3,4,5,6,7,8,9,10,11,12,13,14,15,16,17,18,19	1.92691715317e-29,1.1219437668e-14,5.49099785955e-07,0.00555191641168,0.67630350558,8.24850448066,30.3449577749,59.8011383188,85.1430693026,102.343649636,112.636442408,118.400524386,121.518339817,123.174478475,124.045915981,124.502200136,124.740497566,124.864783629,124.929560944,124.963310328	5	growth	0	220000
221717	0,1,2,3,4,5,6,7,8,9,10,11,12,13,14,15,16,17,18,19	1.92691715317e-29,1.1219437668e-14,5.49099785955e-07,0.00555191641168,0.67630350558,8.24850448066,30.3449577749,59.8011383188,85.1430693026,102.343649636,112.636442408,118.400524386,121.518339817,123.174478475,124.045915981,124.502200136,124.740497566,124.864783629,124.929560944,124.963310328	5	growth	0	220000
222106	0,1,2,3,4,5,6,7,8,9,10,11,12,13,14,15,16,17,18,19	1.92691715317e-29,1.1219437668e-14,5.49099785955e-07,0.00555191641168,0.67630350558,8.24850448066,30.3449577749,59.8011383188,85.1430693026,102.343649636,112.636442408,118.400524386,121.518339817,123.174478475,124.045915981,124.502200136,124.740497566,124.864783629,124.929560944,124.963310328	5	growth	0	220000
221713	0,1,2,3,4,5,6,7,8,9,10,11,12,13,14,15,16,17,18,19	1.92691715317e-29,1.1219437668e-14,5.49099785955e-07,0.00555191641168,0.67630350558,8.24850448066,30.3449577749,59.8011383188,85.1430693026,102.343649636,112.636442408,118.400524386,121.518339817,123.174478475,124.045915981,124.502200136,124.740497566,124.864783629,124.929560944,124.963310328	5	growth	0	220000
223264	0,1,2,3,4,5,6,7,8,9,10,11,12,13,14,15,16,17,18,19	1.92691715317e-29,1.1219437668e-14,5.49099785955e-07,0.00555191641168,0.67630350558,8.24850448066,30.3449577749,59.8011383188,85.1430693026,102.343649636,112.636442408,118.400524386,121.518339817,123.174478475,124.045915981,124.502200136,124.740497566,124.864783629,124.929560944,124.963310328	5	growth	0	220000
223636	0,1,2,3,4,5,6,7,8,9,10,11,12,13,14,15,16,17,18,19	1.92691715317e-29,1.1219437668e-14,5.49099785955e-07,0.00555191641168,0.67630350558,8.24850448066,30.3449577749,59.8011383188,85.1430693026,102.343649636,112.636442408,118.400524386,121.518339817,123.174478475,124.045915981,124.502200136,124.740497566,124.864783629,124.929560944,124.963310328	5	growth	0	220000
220165	0,1,2,3,4,5,6,7,8,9,10,11,12,13,14,15,16,17,18,19	1.92691715317e-29,1.1219437668e-14,5.49099785955e-07,0.00555191641168,0.67630350558,8.24850448066,30.3449577749,59.8011383188,85.1430693026,102.343649636,112.636442408,118.400524386,121.518339817,123.174478475,124.045915981,124.502200136,124.740497566,124.864783629,124.929560944,124.963310328	5	growth	0	220000
223770	0,1,2,3,4,5,6,7,8,9,10,11,12,13,14,15,16,17,18,19	1.92691715317e-29,1.1219437668e-14,5.49099785955e-07,0.00555191641168,0.67630350558,8.24850448066,30.3449577749,59.8011383188,85.1430693026,102.343649636,112.636442408,118.400524386,121.518339817,123.174478475,124.045915981,124.502200136,124.740497566,124.864783629,124.929560944,124.963310328	5	growth	0	220000
223880	0,1,2,3,4,5,6,7,8,9,10,11,12,13,14,15,16,17,18,19	1.92691715317e-29,1.1219437668e-14,5.49099785955e-07,0.00555191641168,0.67630350558,8.24850448066,30.3449577749,59.8011383188,85.1430693026,102.343649636,112.636442408,118.400524386,121.518339817,123.174478475,124.045915981,124.502200136,124.740497566,124.864783629,124.929560944,124.963310328	5	growth	0	220000
223913	0,1,2,3,4,5,6,7,8,9,10,11,12,13,14,15,16,17,18,19	1.92691715317e-29,1.1219437668e-14,5.49099785955e-07,0.00555191641168,0.67630350558,8.24850448066,30.3449577749,59.8011383188,85.1430693026,102.343649636,112.636442408,118.400524386,121.518339817,123.174478475,124.045915981,124.502200136,124.740497566,124.864783629,124.929560944,124.963310328	5	growth	0	220000
223366	0,1,2,3,4,5,6,7,8,9,10,11,12,13,14,15,16,17,18,19	1.92691715317e-29,1.1219437668e-14,5.49099785955e-07,0.00555191641168,0.67630350558,8.24850448066,30.3449577749,59.8011383188,85.1430693026,102.343649636,112.636442408,118.400524386,121.518339817,123.174478475,124.045915981,124.502200136,124.740497566,124.864783629,124.929560944,124.963310328	5	growth	0	220000
222506	0,1,2,3,4,5,6,7,8,9,10,11,12,13,14,15,16,17,18,19	1.92691715317e-29,1.1219437668e-14,5.49099785955e-07,0.00555191641168,0.67630350558,8.24850448066,30.3449577749,59.8011383188,85.1430693026,102.343649636,112.636442408,118.400524386,121.518339817,123.174478475,124.045915981,124.502200136,124.740497566,124.864783629,124.929560944,124.963310328	5	growth	0	220000
220043	0,1,2,3,4,5,6,7,8,9,10,11,12,13,14,15,16,17,18,19	1.92691715317e-29,1.1219437668e-14,5.49099785955e-07,0.00555191641168,0.67630350558,8.24850448066,30.3449577749,59.8011383188,85.1430693026,102.343649636,112.636442408,118.400524386,121.518339817,123.174478475,124.045915981,124.502200136,124.740497566,124.864783629,124.929560944,124.963310328	5	growth	0	220000
220772	0,1,2,3,4,5,6,7,8,9,10,11,12,13,14,15,16,17,18,19	1.92691715317e-29,1.1219437668e-14,5.49099785955e-07,0.00555191641168,0.67630350558,8.24850448066,30.3449577749,59.8011383188,85.1430693026,102.343649636,112.636442408,118.400524386,121.518339817,123.174478475,124.045915981,124.502200136,124.740497566,124.864783629,124.929560944,124.963310328	5	growth	0	220000
220631	0,1,2,3,4,5,6,7,8,9,10,11,12,13,14,15,16,17,18,19	1.92691715317e-29,1.1219437668e-14,5.49099785955e-07,0.00555191641168,0.67630350558,8.24850448066,30.3449577749,59.8011383188,85.1430693026,102.343649636,112.636442408,118.400524386,121.518339817,123.174478475,124.045915981,124.502200136,124.740497566,124.864783629,124.929560944,124.963310328	5	growth	0	220000
222862	0,1,2,3,4,5,6,7,8,9,10,11,12,13,14,15,16,17,18,19	1.92691715317e-29,1.1219437668e-14,5.49099785955e-07,0.00555191641168,0.67630350558,8.24850448066,30.3449577749,59.8011383188,85.1430693026,102.343649636,112.636442408,118.400524386,121.518339817,123.174478475,124.045915981,124.502200136,124.740497566,124.864783629,124.929560944,124.963310328	5	growth	0	220000
223611	0,1,2,3,4,5,6,7,8,9,10,11,12,13,14,15,16,17,18,19	1.92691715317e-29,1.1219437668e-14,5.49099785955e-07,0.00555191641168,0.67630350558,8.24850448066,30.3449577749,59.8011383188,85.1430693026,102.343649636,112.636442408,118.400524386,121.518339817,123.174478475,124.045915981,124.502200136,124.740497566,124.864783629,124.929560944,124.963310328	5	growth	0	220000
222246	0,1,2,3,4,5,6,7,8,9,10,11,12,13,14,15,16,17,18,19	1.92691715317e-29,1.1219437668e-14,5.49099785955e-07,0.00555191641168,0.67630350558,8.24850448066,30.3449577749,59.8011383188,85.1430693026,102.343649636,112.636442408,118.400524386,121.518339817,123.174478475,124.045915981,124.502200136,124.740497566,124.864783629,124.929560944,124.963310328	5	growth	0	220000
220763	0,1,2,3,4,5,6,7,8,9,10,11,12,13,14,15,16,17,18,19	1.92691715317e-29,1.1219437668e-14,5.49099785955e-07,0.00555191641168,0.67630350558,8.24850448066,30.3449577749,59.8011383188,85.1430693026,102.343649636,112.636442408,118.400524386,121.518339817,123.174478475,124.045915981,124.502200136,124.740497566,124.864783629,124.929560944,124.963310328	5	growth	0	220000
221999	0,1,2,3,4,5,6,7,8,9,10,11,12,13,14,15,16,17,18,19	1.92691715317e-29,1.1219437668e-14,5.49099785955e-07,0.00555191641168,0.67630350558,8.24850448066,30.3449577749,59.8011383188,85.1430693026,102.343649636,112.636442408,118.400524386,121.518339817,123.174478475,124.045915981,124.502200136,124.740497566,124.864783629,124.929560944,124.963310328	5	growth	0	220000
220397	0,1,2,3,4,5,6,7,8,9,10,11,12,13,14,15,16,17,18,19	1.92691715317e-29,1.1219437668e-14,5.49099785955e-07,0.00555191641168,0.67630350558,8.24850448066,30.3449577749,59.8011383188,85.1430693026,102.343649636,112.636442408,118.400524386,121.518339817,123.174478475,124.045915981,124.502200136,124.740497566,124.864783629,124.929560944,124.963310328	5	growth	0	220000
221177	0,1,2,3,4,5,6,7,8,9,10,11,12,13,14,15,16,17,18,19	1.92691715317e-29,1.1219437668e-14,5.49099785955e-07,0.00555191641168,0.67630350558,8.24850448066,30.3449577749,59.8011383188,85.1430693026,102.343649636,112.636442408,118.400524386,121.518339817,123.174478475,124.045915981,124.502200136,124.740497566,124.864783629,124.929560944,124.963310328	5	growth	0	220000
220731	0,1,2,3,4,5,6,7,8,9,10,11,12,13,14,15,16,17,18,19	1.92691715317e-29,1.1219437668e-14,5.49099785955e-07,0.00555191641168,0.67630350558,8.24850448066,30.3449577749,59.8011383188,85.1430693026,102.343649636,112.636442408,118.400524386,121.518339817,123.174478475,124.045915981,124.502200136,124.740497566,124.864783629,124.929560944,124.963310328	5	growth	0	220000
220715	0,1,2,3,4,5,6,7,8,9,10,11,12,13,14,15,16,17,18,19	1.92691715317e-29,1.1219437668e-14,5.49099785955e-07,0.00555191641168,0.67630350558,8.24850448066,30.3449577749,59.8011383188,85.1430693026,102.343649636,112.636442408,118.400524386,121.518339817,123.174478475,124.045915981,124.502200136,124.740497566,124.864783629,124.929560944,124.963310328	5	growth	0	220000
220158	0,1,2,3,4,5,6,7,8,9,10,11,12,13,14,15,16,17,18,19	1.92691715317e-29,1.1219437668e-14,5.49099785955e-07,0.00555191641168,0.67630350558,8.24850448066,30.3449577749,59.8011383188,85.1430693026,102.343649636,112.636442408,118.400524386,121.518339817,123.174478475,124.045915981,124.502200136,124.740497566,124.864783629,124.929560944,124.963310328	5	growth	0	220000
223671	0,1,2,3,4,5,6,7,8,9,10,11,12,13,14,15,16,17,18,19	1.92691715317e-29,1.1219437668e-14,5.49099785955e-07,0.00555191641168,0.67630350558,8.24850448066,30.3449577749,59.8011383188,85.1430693026,102.343649636,112.636442408,118.400524386,121.518339817,123.174478475,124.045915981,124.502200136,124.740497566,124.864783629,124.929560944,124.963310328	5	growth	0	220000
221695	0,1,2,3,4,5,6,7,8,9,10,11,12,13,14,15,16,17,18,19	1.92691715317e-29,1.1219437668e-14,5.49099785955e-07,0.00555191641168,0.67630350558,8.24850448066,30.3449577749,59.8011383188,85.1430693026,102.343649636,112.636442408,118.400524386,121.518339817,123.174478475,124.045915981,124.502200136,124.740497566,124.864783629,124.929560944,124.963310328	5	growth	0	220000
220909	0,1,2,3,4,5,6,7,8,9,10,11,12,13,14,15,16,17,18,19	1.92691715317e-29,1.1219437668e-14,5.49099785955e-07,0.00555191641168,0.67630350558,8.24850448066,30.3449577749,59.8011383188,85.1430693026,102.343649636,112.636442408,118.400524386,121.518339817,123.174478475,124.045915981,124.502200136,124.740497566,124.864783629,124.929560944,124.963310328	5	growth	0	220000
221845	0,1,2,3,4,5,6,7,8,9,10,11,12,13,14,15,16,17,18,19	1.92691715317e-29,1.1219437668e-14,5.49099785955e-07,0.00555191641168,0.67630350558,8.24850448066,30.3449577749,59.8011383188,85.1430693026,102.343649636,112.636442408,118.400524386,121.518339817,123.174478475,124.045915981,124.502200136,124.740497566,124.864783629,124.929560944,124.963310328	5	growth	0	220000
222494	0,1,2,3,4,5,6,7,8,9,10,11,12,13,14,15,16,17,18,19	1.92691715317e-29,1.1219437668e-14,5.49099785955e-07,0.00555191641168,0.67630350558,8.24850448066,30.3449577749,59.8011383188,85.1430693026,102.343649636,112.636442408,118.400524386,121.518339817,123.174478475,124.045915981,124.502200136,124.740497566,124.864783629,124.929560944,124.963310328	5	growth	0	220000
221293	0,1,2,3,4,5,6,7,8,9,10,11,12,13,14,15,16,17,18,19	1.92691715317e-29,1.1219437668e-14,5.49099785955e-07,0.00555191641168,0.67630350558,8.24850448066,30.3449577749,59.8011383188,85.1430693026,102.343649636,112.636442408,118.400524386,121.518339817,123.174478475,124.045915981,124.502200136,124.740497566,124.864783629,124.929560944,124.963310328	5	growth	0	220000
220131	0,1,2,3,4,5,6,7,8,9,10,11,12,13,14,15,16,17,18,19	1.92691715317e-29,1.1219437668e-14,5.49099785955e-07,0.00555191641168,0.67630350558,8.24850448066,30.3449577749,59.8011383188,85.1430693026,102.343649636,112.636442408,118.400524386,121.518339817,123.174478475,124.045915981,124.502200136,124.740497566,124.864783629,124.929560944,124.963310328	5	growth	0	220000
223080	0,1,2,3,4,5,6,7,8,9,10,11,12,13,14,15,16,17,18,19	1.92691715317e-29,1.1219437668e-14,5.49099785955e-07,0.00555191641168,0.67630350558,8.24850448066,30.3449577749,59.8011383188,85.1430693026,102.343649636,112.636442408,118.400524386,121.518339817,123.174478475,124.045915981,124.502200136,124.740497566,124.864783629,124.929560944,124.963310328	5	growth	0	220000
221449	0,1,2,3,4,5,6,7,8,9,10,11,12,13,14,15,16,17,18,19	1.92691715317e-29,1.1219437668e-14,5.49099785955e-07,0.00555191641168,0.67630350558,8.24850448066,30.3449577749,59.8011383188,85.1430693026,102.343649636,112.636442408,118.400524386,121.518339817,123.174478475,124.045915981,124.502200136,124.740497566,124.864783629,124.929560944,124.963310328	5	growth	0	220000
222914	0,1,2,3,4,5,6,7,8,9,10,11,12,13,14,15,16,17,18,19	1.92691715317e-29,1.1219437668e-14,5.49099785955e-07,0.00555191641168,0.67630350558,8.24850448066,30.3449577749,59.8011383188,85.1430693026,102.343649636,112.636442408,118.400524386,121.518339817,123.174478475,124.045915981,124.502200136,124.740497566,124.864783629,124.929560944,124.963310328	5	growth	0	220000
223448	0,1,2,3,4,5,6,7,8,9,10,11,12,13,14,15,16,17,18,19	1.92691715317e-29,1.1219437668e-14,5.49099785955e-07,0.00555191641168,0.67630350558,8.24850448066,30.3449577749,59.8011383188,85.1430693026,102.343649636,112.636442408,118.400524386,121.518339817,123.174478475,124.045915981,124.502200136,124.740497566,124.864783629,124.929560944,124.963310328	5	growth	0	220000
223196	0,1,2,3,4,5,6,7,8,9,10,11,12,13,14,15,16,17,18,19	1.92691715317e-29,1.1219437668e-14,5.49099785955e-07,0.00555191641168,0.67630350558,8.24850448066,30.3449577749,59.8011383188,85.1430693026,102.343649636,112.636442408,118.400524386,121.518339817,123.174478475,124.045915981,124.502200136,124.740497566,124.864783629,124.929560944,124.963310328	5	growth	0	220000
223615	0,1,2,3,4,5,6,7,8,9,10,11,12,13,14,15,16,17,18,19	1.92691715317e-29,1.1219437668e-14,5.49099785955e-07,0.00555191641168,0.67630350558,8.24850448066,30.3449577749,59.8011383188,85.1430693026,102.343649636,112.636442408,118.400524386,121.518339817,123.174478475,124.045915981,124.502200136,124.740497566,124.864783629,124.929560944,124.963310328	5	growth	0	220000
221574	0,1,2,3,4,5,6,7,8,9,10,11,12,13,14,15,16,17,18,19	1.92691715317e-29,1.1219437668e-14,5.49099785955e-07,0.00555191641168,0.67630350558,8.24850448066,30.3449577749,59.8011383188,85.1430693026,102.343649636,112.636442408,118.400524386,121.518339817,123.174478475,124.045915981,124.502200136,124.740497566,124.864783629,124.929560944,124.963310328	5	growth	0	220000
221196	0,1,2,3,4,5,6,7,8,9,10,11,12,13,14,15,16,17,18,19	1.92691715317e-29,1.1219437668e-14,5.49099785955e-07,0.00555191641168,0.67630350558,8.24850448066,30.3449577749,59.8011383188,85.1430693026,102.343649636,112.636442408,118.400524386,121.518339817,123.174478475,124.045915981,124.502200136,124.740497566,124.864783629,124.929560944,124.963310328	5	growth	0	220000
222648	0,1,2,3,4,5,6,7,8,9,10,11,12,13,14,15,16,17,18,19	1.92691715317e-29,1.1219437668e-14,5.49099785955e-07,0.00555191641168,0.67630350558,8.24850448066,30.3449577749,59.8011383188,85.1430693026,102.343649636,112.636442408,118.400524386,121.518339817,123.174478475,124.045915981,124.502200136,124.740497566,124.864783629,124.929560944,124.963310328	5	growth	0	220000
223060	0,1,2,3,4,5,6,7,8,9,10,11,12,13,14,15,16,17,18,19	1.92691715317e-29,1.1219437668e-14,5.49099785955e-07,0.00555191641168,0.67630350558,8.24850448066,30.3449577749,59.8011383188,85.1430693026,102.343649636,112.636442408,118.400524386,121.518339817,123.174478475,124.045915981,124.502200136,124.740497566,124.864783629,124.929560944,124.963310328	5	growth	0	220000
222723	0,1,2,3,4,5,6,7,8,9,10,11,12,13,14,15,16,17,18,19	1.92691715317e-29,1.1219437668e-14,5.49099785955e-07,0.00555191641168,0.67630350558,8.24850448066,30.3449577749,59.8011383188,85.1430693026,102.343649636,112.636442408,118.400524386,121.518339817,123.174478475,124.045915981,124.502200136,124.740497566,124.864783629,124.929560944,124.963310328	5	growth	0	220000
223602	0,1,2,3,4,5,6,7,8,9,10,11,12,13,14,15,16,17,18,19	1.92691715317e-29,1.1219437668e-14,5.49099785955e-07,0.00555191641168,0.67630350558,8.24850448066,30.3449577749,59.8011383188,85.1430693026,102.343649636,112.636442408,118.400524386,121.518339817,123.174478475,124.045915981,124.502200136,124.740497566,124.864783629,124.929560944,124.963310328	5	growth	0	220000
221183	0,1,2,3,4,5,6,7,8,9,10,11,12,13,14,15,16,17,18,19	1.92691715317e-29,1.1219437668e-14,5.49099785955e-07,0.00555191641168,0.67630350558,8.24850448066,30.3449577749,59.8011383188,85.1430693026,102.343649636,112.636442408,118.400524386,121.518339817,123.174478475,124.045915981,124.502200136,124.740497566,124.864783629,124.929560944,124.963310328	5	growth	0	220000
220648	0,1,2,3,4,5,6,7,8,9,10,11,12,13,14,15,16,17,18,19	1.92691715317e-29,1.1219437668e-14,5.49099785955e-07,0.00555191641168,0.67630350558,8.24850448066,30.3449577749,59.8011383188,85.1430693026,102.343649636,112.636442408,118.400524386,121.518339817,123.174478475,124.045915981,124.502200136,124.740497566,124.864783629,124.929560944,124.963310328	5	growth	0	220000
221408	0,1,2,3,4,5,6,7,8,9,10,11,12,13,14,15,16,17,18,19	1.92691715317e-29,1.1219437668e-14,5.49099785955e-07,0.00555191641168,0.67630350558,8.24850448066,30.3449577749,59.8011383188,85.1430693026,102.343649636,112.636442408,118.400524386,121.518339817,123.174478475,124.045915981,124.502200136,124.740497566,124.864783629,124.929560944,124.963310328	5	growth	0	220000
220672	0,1,2,3,4,5,6,7,8,9,10,11,12,13,14,15,16,17,18,19	1.92691715317e-29,1.1219437668e-14,5.49099785955e-07,0.00555191641168,0.67630350558,8.24850448066,30.3449577749,59.8011383188,85.1430693026,102.343649636,112.636442408,118.400524386,121.518339817,123.174478475,124.045915981,124.502200136,124.740497566,124.864783629,124.929560944,124.963310328	5	growth	0	220000
222718	0,1,2,3,4,5,6,7,8,9,10,11,12,13,14,15,16,17,18,19	1.92691715317e-29,1.1219437668e-14,5.49099785955e-07,0.00555191641168,0.67630350558,8.24850448066,30.3449577749,59.8011383188,85.1430693026,102.343649636,112.636442408,118.400524386,121.518339817,123.174478475,124.045915981,124.502200136,124.740497566,124.864783629,124.929560944,124.963310328	5	growth	0	220000
223779	0,1,2,3,4,5,6,7,8,9,10,11,12,13,14,15,16,17,18,19	1.92691715317e-29,1.1219437668e-14,5.49099785955e-07,0.00555191641168,0.67630350558,8.24850448066,30.3449577749,59.8011383188,85.1430693026,102.343649636,112.636442408,118.400524386,121.518339817,123.174478475,124.045915981,124.502200136,124.740497566,124.864783629,124.929560944,124.963310328	5	growth	0	220000
220854	0,1,2,3,4,5,6,7,8,9,10,11,12,13,14,15,16,17,18,19	1.92691715317e-29,1.1219437668e-14,5.49099785955e-07,0.00555191641168,0.67630350558,8.24850448066,30.3449577749,59.8011383188,85.1430693026,102.343649636,112.636442408,118.400524386,121.518339817,123.174478475,124.045915981,124.502200136,124.740497566,124.864783629,124.929560944,124.963310328	5	growth	0	220000
222265	0,1,2,3,4,5,6,7,8,9,10,11,12,13,14,15,16,17,18,19	1.92691715317e-29,1.1219437668e-14,5.49099785955e-07,0.00555191641168,0.67630350558,8.24850448066,30.3449577749,59.8011383188,85.1430693026,102.343649636,112.636442408,118.400524386,121.518339817,123.174478475,124.045915981,124.502200136,124.740497566,124.864783629,124.929560944,124.963310328	5	growth	0	220000
223923	0,1,2,3,4,5,6,7,8,9,10,11,12,13,14,15,16,17,18,19	1.92691715317e-29,1.1219437668e-14,5.49099785955e-07,0.00555191641168,0.67630350558,8.24850448066,30.3449577749,59.8011383188,85.1430693026,102.343649636,112.636442408,118.400524386,121.518339817,123.174478475,124.045915981,124.502200136,124.740497566,124.864783629,124.929560944,124.963310328	5	growth	0	220000
220372	0,1,2,3,4,5,6,7,8,9,10,11,12,13,14,15,16,17,18,19	1.92691715317e-29,1.1219437668e-14,5.49099785955e-07,0.00555191641168,0.67630350558,8.24850448066,30.3449577749,59.8011383188,85.1430693026,102.343649636,112.636442408,118.400524386,121.518339817,123.174478475,124.045915981,124.502200136,124.740497566,124.864783629,124.929560944,124.963310328	5	growth	0	220000
222277	0,1,2,3,4,5,6,7,8,9,10,11,12,13,14,15,16,17,18,19	1.92691715317e-29,1.1219437668e-14,5.49099785955e-07,0.00555191641168,0.67630350558,8.24850448066,30.3449577749,59.8011383188,85.1430693026,102.343649636,112.636442408,118.400524386,121.518339817,123.174478475,124.045915981,124.502200136,124.740497566,124.864783629,124.929560944,124.963310328	5	growth	0	220000
221366	0,1,2,3,4,5,6,7,8,9,10,11,12,13,14,15,16,17,18,19	1.92691715317e-29,1.1219437668e-14,5.49099785955e-07,0.00555191641168,0.67630350558,8.24850448066,30.3449577749,59.8011383188,85.1430693026,102.343649636,112.636442408,118.400524386,121.518339817,123.174478475,124.045915981,124.502200136,124.740497566,124.864783629,124.929560944,124.963310328	5	growth	0	220000
222611	0,1,2,3,4,5,6,7,8,9,10,11,12,13,14,15,16,17,18,19	1.92691715317e-29,1.1219437668e-14,5.49099785955e-07,0.00555191641168,0.67630350558,8.24850448066,30.3449577749,59.8011383188,85.1430693026,102.343649636,112.636442408,118.400524386,121.518339817,123.174478475,124.045915981,124.502200136,124.740497566,124.864783629,124.929560944,124.963310328	5	growth	0	220000
222733	0,1,2,3,4,5,6,7,8,9,10,11,12,13,14,15,16,17,18,19	1.92691715317e-29,1.1219437668e-14,5.49099785955e-07,0.00555191641168,0.67630350558,8.24850448066,30.3449577749,59.8011383188,85.1430693026,102.343649636,112.636442408,118.400524386,121.518339817,123.174478475,124.045915981,124.502200136,124.740497566,124.864783629,124.929560944,124.963310328	5	growth	0	220000
222767	0,1,2,3,4,5,6,7,8,9,10,11,12,13,14,15,16,17,18,19	1.92691715317e-29,1.1219437668e-14,5.49099785955e-07,0.00555191641168,0.67630350558,8.24850448066,30.3449577749,59.8011383188,85.1430693026,102.343649636,112.636442408,118.400524386,121.518339817,123.174478475,124.045915981,124.502200136,124.740497566,124.864783629,124.929560944,124.963310328	5	growth	0	220000
223247	0,1,2,3,4,5,6,7,8,9,10,11,12,13,14,15,16,17,18,19	1.92691715317e-29,1.1219437668e-14,5.49099785955e-07,0.00555191641168,0.67630350558,8.24850448066,30.3449577749,59.8011383188,85.1430693026,102.343649636,112.636442408,118.400524386,121.518339817,123.174478475,124.045915981,124.502200136,124.740497566,124.864783629,124.929560944,124.963310328	5	growth	0	220000
220200	0,1,2,3,4,5,6,7,8,9,10,11,12,13,14,15,16,17,18,19	1.92691715317e-29,1.1219437668e-14,5.49099785955e-07,0.00555191641168,0.67630350558,8.24850448066,30.3449577749,59.8011383188,85.1430693026,102.343649636,112.636442408,118.400524386,121.518339817,123.174478475,124.045915981,124.502200136,124.740497566,124.864783629,124.929560944,124.963310328	5	growth	0	220000
222005	0,1,2,3,4,5,6,7,8,9,10,11,12,13,14,15,16,17,18,19	1.92691715317e-29,1.1219437668e-14,5.49099785955e-07,0.00555191641168,0.67630350558,8.24850448066,30.3449577749,59.8011383188,85.1430693026,102.343649636,112.636442408,118.400524386,121.518339817,123.174478475,124.045915981,124.502200136,124.740497566,124.864783629,124.929560944,124.963310328	5	growth	0	220000
223823	0,1,2,3,4,5,6,7,8,9,10,11,12,13,14,15,16,17,18,19	1.92691715317e-29,1.1219437668e-14,5.49099785955e-07,0.00555191641168,0.67630350558,8.24850448066,30.3449577749,59.8011383188,85.1430693026,102.343649636,112.636442408,118.400524386,121.518339817,123.174478475,124.045915981,124.502200136,124.740497566,124.864783629,124.929560944,124.963310328	5	growth	0	220000
221885	0,1,2,3,4,5,6,7,8,9,10,11,12,13,14,15,16,17,18,19	1.92691715317e-29,1.1219437668e-14,5.49099785955e-07,0.00555191641168,0.67630350558,8.24850448066,30.3449577749,59.8011383188,85.1430693026,102.343649636,112.636442408,118.400524386,121.518339817,123.174478475,124.045915981,124.502200136,124.740497566,124.864783629,124.929560944,124.963310328	5	growth	0	220000
222062	0,1,2,3,4,5,6,7,8,9,10,11,12,13,14,15,16,17,18,19	1.92691715317e-29,1.1219437668e-14,5.49099785955e-07,0.00555191641168,0.67630350558,8.24850448066,30.3449577749,59.8011383188,85.1430693026,102.343649636,112.636442408,118.400524386,121.518339817,123.174478475,124.045915981,124.502200136,124.740497566,124.864783629,124.929560944,124.963310328	5	growth	0	220000
223757	0,1,2,3,4,5,6,7,8,9,10,11,12,13,14,15,16,17,18,19	1.92691715317e-29,1.1219437668e-14,5.49099785955e-07,0.00555191641168,0.67630350558,8.24850448066,30.3449577749,59.8011383188,85.1430693026,102.343649636,112.636442408,118.400524386,121.518339817,123.174478475,124.045915981,124.502200136,124.740497566,124.864783629,124.929560944,124.963310328	5	growth	0	220000
220700	0,1,2,3,4,5,6,7,8,9,10,11,12,13,14,15,16,17,18,19	1.92691715317e-29,1.1219437668e-14,5.49099785955e-07,0.00555191641168,0.67630350558,8.24850448066,30.3449577749,59.8011383188,85.1430693026,102.343649636,112.636442408,118.400524386,121.518339817,123.174478475,124.045915981,124.502200136,124.740497566,124.864783629,124.929560944,124.963310328	5	growth	0	220000
220038	0,1,2,3,4,5,6,7,8,9,10,11,12,13,14,15,16,17,18,19	1.92691715317e-29,1.1219437668e-14,5.49099785955e-07,0.00555191641168,0.67630350558,8.24850448066,30.3449577749,59.8011383188,85.1430693026,102.343649636,112.636442408,118.400524386,121.518339817,123.174478475,124.045915981,124.502200136,124.740497566,124.864783629,124.929560944,124.963310328	5	growth	0	220000
220987	0,1,2,3,4,5,6,7,8,9,10,11,12,13,14,15,16,17,18,19	1.92691715317e-29,1.1219437668e-14,5.49099785955e-07,0.00555191641168,0.67630350558,8.24850448066,30.3449577749,59.8011383188,85.1430693026,102.343649636,112.636442408,118.400524386,121.518339817,123.174478475,124.045915981,124.502200136,124.740497566,124.864783629,124.929560944,124.963310328	5	growth	0	220000
222002	0,1,2,3,4,5,6,7,8,9,10,11,12,13,14,15,16,17,18,19	1.92691715317e-29,1.1219437668e-14,5.49099785955e-07,0.00555191641168,0.67630350558,8.24850448066,30.3449577749,59.8011383188,85.1430693026,102.343649636,112.636442408,118.400524386,121.518339817,123.174478475,124.045915981,124.502200136,124.740497566,124.864783629,124.929560944,124.963310328	5	growth	0	220000
222127	0,1,2,3,4,5,6,7,8,9,10,11,12,13,14,15,16,17,18,19	1.92691715317e-29,1.1219437668e-14,5.49099785955e-07,0.00555191641168,0.67630350558,8.24850448066,30.3449577749,59.8011383188,85.1430693026,102.343649636,112.636442408,118.400524386,121.518339817,123.174478475,124.045915981,124.502200136,124.740497566,124.864783629,124.929560944,124.963310328	5	growth	0	220000
222717	0,1,2,3,4,5,6,7,8,9,10,11,12,13,14,15,16,17,18,19	1.92691715317e-29,1.1219437668e-14,5.49099785955e-07,0.00555191641168,0.67630350558,8.24850448066,30.3449577749,59.8011383188,85.1430693026,102.343649636,112.636442408,118.400524386,121.518339817,123.174478475,124.045915981,124.502200136,124.740497566,124.864783629,124.929560944,124.963310328	5	growth	0	220000
223918	0,1,2,3,4,5,6,7,8,9,10,11,12,13,14,15,16,17,18,19	1.92691715317e-29,1.1219437668e-14,5.49099785955e-07,0.00555191641168,0.67630350558,8.24850448066,30.3449577749,59.8011383188,85.1430693026,102.343649636,112.636442408,118.400524386,121.518339817,123.174478475,124.045915981,124.502200136,124.740497566,124.864783629,124.929560944,124.963310328	5	growth	0	220000
222027	0,1,2,3,4,5,6,7,8,9,10,11,12,13,14,15,16,17,18,19	1.92691715317e-29,1.1219437668e-14,5.49099785955e-07,0.00555191641168,0.67630350558,8.24850448066,30.3449577749,59.8011383188,85.1430693026,102.343649636,112.636442408,118.400524386,121.518339817,123.174478475,124.045915981,124.502200136,124.740497566,124.864783629,124.929560944,124.963310328	5	growth	0	220000
220026	0,1,2,3,4,5,6,7,8,9,10,11,12,13,14,15,16,17,18,19	1.92691715317e-29,1.1219437668e-14,5.49099785955e-07,0.00555191641168,0.67630350558,8.24850448066,30.3449577749,59.8011383188,85.1430693026,102.343649636,112.636442408,118.400524386,121.518339817,123.174478475,124.045915981,124.502200136,124.740497566,124.864783629,124.929560944,124.963310328	5	growth	0	220000
221560	0,1,2,3,4,5,6,7,8,9,10,11,12,13,14,15,16,17,18,19	1.92691715317e-29,1.1219437668e-14,5.49099785955e-07,0.00555191641168,0.67630350558,8.24850448066,30.3449577749,59.8011383188,85.1430693026,102.343649636,112.636442408,118.400524386,121.518339817,123.174478475,124.045915981,124.502200136,124.740497566,124.864783629,124.929560944,124.963310328	5	growth	0	220000
222946	0,1,2,3,4,5,6,7,8,9,10,11,12,13,14,15,16,17,18,19	1.92691715317e-29,1.1219437668e-14,5.49099785955e-07,0.00555191641168,0.67630350558,8.24850448066,30.3449577749,59.8011383188,85.1430693026,102.343649636,112.636442408,118.400524386,121.518339817,123.174478475,124.045915981,124.502200136,124.740497566,124.864783629,124.929560944,124.963310328	5	growth	0	220000
222469	0,1,2,3,4,5,6,7,8,9,10,11,12,13,14,15,16,17,18,19	1.92691715317e-29,1.1219437668e-14,5.49099785955e-07,0.00555191641168,0.67630350558,8.24850448066,30.3449577749,59.8011383188,85.1430693026,102.343649636,112.636442408,118.400524386,121.518339817,123.174478475,124.045915981,124.502200136,124.740497566,124.864783629,124.929560944,124.963310328	5	growth	0	220000
221357	0,1,2,3,4,5,6,7,8,9,10,11,12,13,14,15,16,17,18,19	1.92691715317e-29,1.1219437668e-14,5.49099785955e-07,0.00555191641168,0.67630350558,8.24850448066,30.3449577749,59.8011383188,85.1430693026,102.343649636,112.636442408,118.400524386,121.518339817,123.174478475,124.045915981,124.502200136,124.740497566,124.864783629,124.929560944,124.963310328	5	growth	0	220000
222113	0,1,2,3,4,5,6,7,8,9,10,11,12,13,14,15,16,17,18,19	1.92691715317e-29,1.1219437668e-14,5.49099785955e-07,0.00555191641168,0.67630350558,8.24850448066,30.3449577749,59.8011383188,85.1430693026,102.343649636,112.636442408,118.400524386,121.518339817,123.174478475,124.045915981,124.502200136,124.740497566,124.864783629,124.929560944,124.963310328	5	growth	0	220000
223808	0,1,2,3,4,5,6,7,8,9,10,11,12,13,14,15,16,17,18,19	1.92691715317e-29,1.1219437668e-14,5.49099785955e-07,0.00555191641168,0.67630350558,8.24850448066,30.3449577749,59.8011383188,85.1430693026,102.343649636,112.636442408,118.400524386,121.518339817,123.174478475,124.045915981,124.502200136,124.740497566,124.864783629,124.929560944,124.963310328	5	growth	0	220000
220062	0,1,2,3,4,5,6,7,8,9,10,11,12,13,14,15,16,17,18,19	1.92691715317e-29,1.1219437668e-14,5.49099785955e-07,0.00555191641168,0.67630350558,8.24850448066,30.3449577749,59.8011383188,85.1430693026,102.343649636,112.636442408,118.400524386,121.518339817,123.174478475,124.045915981,124.502200136,124.740497566,124.864783629,124.929560944,124.963310328	5	growth	0	220000
221153	0,1,2,3,4,5,6,7,8,9,10,11,12,13,14,15,16,17,18,19	1.92691715317e-29,1.1219437668e-14,5.49099785955e-07,0.00555191641168,0.67630350558,8.24850448066,30.3449577749,59.8011383188,85.1430693026,102.343649636,112.636442408,118.400524386,121.518339817,123.174478475,124.045915981,124.502200136,124.740497566,124.864783629,124.929560944,124.963310328	5	growth	0	220000
220661	0,1,2,3,4,5,6,7,8,9,10,11,12,13,14,15,16,17,18,19	1.92691715317e-29,1.1219437668e-14,5.49099785955e-07,0.00555191641168,0.67630350558,8.24850448066,30.3449577749,59.8011383188,85.1430693026,102.343649636,112.636442408,118.400524386,121.518339817,123.174478475,124.045915981,124.502200136,124.740497566,124.864783629,124.929560944,124.963310328	5	growth	0	220000
223228	0,1,2,3,4,5,6,7,8,9,10,11,12,13,14,15,16,17,18,19	1.92691715317e-29,1.1219437668e-14,5.49099785955e-07,0.00555191641168,0.67630350558,8.24850448066,30.3449577749,59.8011383188,85.1430693026,102.343649636,112.636442408,118.400524386,121.518339817,123.174478475,124.045915981,124.502200136,124.740497566,124.864783629,124.929560944,124.963310328	5	growth	0	220000
222012	0,1,2,3,4,5,6,7,8,9,10,11,12,13,14,15,16,17,18,19	1.92691715317e-29,1.1219437668e-14,5.49099785955e-07,0.00555191641168,0.67630350558,8.24850448066,30.3449577749,59.8011383188,85.1430693026,102.343649636,112.636442408,118.400524386,121.518339817,123.174478475,124.045915981,124.502200136,124.740497566,124.864783629,124.929560944,124.963310328	5	growth	0	220000
222366	0,1,2,3,4,5,6,7,8,9,10,11,12,13,14,15,16,17,18,19	1.92691715317e-29,1.1219437668e-14,5.49099785955e-07,0.00555191641168,0.67630350558,8.24850448066,30.3449577749,59.8011383188,85.1430693026,102.343649636,112.636442408,118.400524386,121.518339817,123.174478475,124.045915981,124.502200136,124.740497566,124.864783629,124.929560944,124.963310328	5	growth	0	220000
223722	0,1,2,3,4,5,6,7,8,9,10,11,12,13,14,15,16,17,18,19	1.92691715317e-29,1.1219437668e-14,5.49099785955e-07,0.00555191641168,0.67630350558,8.24850448066,30.3449577749,59.8011383188,85.1430693026,102.343649636,112.636442408,118.400524386,121.518339817,123.174478475,124.045915981,124.502200136,124.740497566,124.864783629,124.929560944,124.963310328	5	growth	0	220000
221484	0,1,2,3,4,5,6,7,8,9,10,11,12,13,14,15,16,17,18,19	1.92691715317e-29,1.1219437668e-14,5.49099785955e-07,0.00555191641168,0.67630350558,8.24850448066,30.3449577749,59.8011383188,85.1430693026,102.343649636,112.636442408,118.400524386,121.518339817,123.174478475,124.045915981,124.502200136,124.740497566,124.864783629,124.929560944,124.963310328	5	growth	0	220000
222640	0,1,2,3,4,5,6,7,8,9,10,11,12,13,14,15,16,17,18,19	1.92691715317e-29,1.1219437668e-14,5.49099785955e-07,0.00555191641168,0.67630350558,8.24850448066,30.3449577749,59.8011383188,85.1430693026,102.343649636,112.636442408,118.400524386,121.518339817,123.174478475,124.045915981,124.502200136,124.740497566,124.864783629,124.929560944,124.963310328	5	growth	0	220000
221065	0,1,2,3,4,5,6,7,8,9,10,11,12,13,14,15,16,17,18,19	1.92691715317e-29,1.1219437668e-14,5.49099785955e-07,0.00555191641168,0.67630350558,8.24850448066,30.3449577749,59.8011383188,85.1430693026,102.343649636,112.636442408,118.400524386,121.518339817,123.174478475,124.045915981,124.502200136,124.740497566,124.864783629,124.929560944,124.963310328	5	growth	0	220000
220152	0,1,2,3,4,5,6,7,8,9,10,11,12,13,14,15,16,17,18,19	1.92691715317e-29,1.1219437668e-14,5.49099785955e-07,0.00555191641168,0.67630350558,8.24850448066,30.3449577749,59.8011383188,85.1430693026,102.343649636,112.636442408,118.400524386,121.518339817,123.174478475,124.045915981,124.502200136,124.740497566,124.864783629,124.929560944,124.963310328	5	growth	0	220000
220659	0,1,2,3,4,5,6,7,8,9,10,11,12,13,14,15,16,17,18,19	1.92691715317e-29,1.1219437668e-14,5.49099785955e-07,0.00555191641168,0.67630350558,8.24850448066,30.3449577749,59.8011383188,85.1430693026,102.343649636,112.636442408,118.400524386,121.518339817,123.174478475,124.045915981,124.502200136,124.740497566,124.864783629,124.929560944,124.963310328	5	growth	0	220000
222821	0,1,2,3,4,5,6,7,8,9,10,11,12,13,14,15,16,17,18,19	1.92691715317e-29,1.1219437668e-14,5.49099785955e-07,0.00555191641168,0.67630350558,8.24850448066,30.3449577749,59.8011383188,85.1430693026,102.343649636,112.636442408,118.400524386,121.518339817,123.174478475,124.045915981,124.502200136,124.740497566,124.864783629,124.929560944,124.963310328	5	growth	0	220000
220193	0,1,2,3,4,5,6,7,8,9,10,11,12,13,14,15,16,17,18,19	1.92691715317e-29,1.1219437668e-14,5.49099785955e-07,0.00555191641168,0.67630350558,8.24850448066,30.3449577749,59.8011383188,85.1430693026,102.343649636,112.636442408,118.400524386,121.518339817,123.174478475,124.045915981,124.502200136,124.740497566,124.864783629,124.929560944,124.963310328	5	growth	0	220000
220773	0,1,2,3,4,5,6,7,8,9,10,11,12,13,14,15,16,17,18,19	1.92691715317e-29,1.1219437668e-14,5.49099785955e-07,0.00555191641168,0.67630350558,8.24850448066,30.3449577749,59.8011383188,85.1430693026,102.343649636,112.636442408,118.400524386,121.518339817,123.174478475,124.045915981,124.502200136,124.740497566,124.864783629,124.929560944,124.963310328	5	growth	0	220000
222255	0,1,2,3,4,5,6,7,8,9,10,11,12,13,14,15,16,17,18,19	1.92691715317e-29,1.1219437668e-14,5.49099785955e-07,0.00555191641168,0.67630350558,8.24850448066,30.3449577749,59.8011383188,85.1430693026,102.343649636,112.636442408,118.400524386,121.518339817,123.174478475,124.045915981,124.502200136,124.740497566,124.864783629,124.929560944,124.963310328	5	growth	0	220000
221061	0,1,2,3,4,5,6,7,8,9,10,11,12,13,14,15,16,17,18,19	1.92691715317e-29,1.1219437668e-14,5.49099785955e-07,0.00555191641168,0.67630350558,8.24850448066,30.3449577749,59.8011383188,85.1430693026,102.343649636,112.636442408,118.400524386,121.518339817,123.174478475,124.045915981,124.502200136,124.740497566,124.864783629,124.929560944,124.963310328	5	growth	0	220000
221336	0,1,2,3,4,5,6,7,8,9,10,11,12,13,14,15,16,17,18,19	1.92691715317e-29,1.1219437668e-14,5.49099785955e-07,0.00555191641168,0.67630350558,8.24850448066,30.3449577749,59.8011383188,85.1430693026,102.343649636,112.636442408,118.400524386,121.518339817,123.174478475,124.045915981,124.502200136,124.740497566,124.864783629,124.929560944,124.963310328	5	growth	0	220000
221716	0,1,2,3,4,5,6,7,8,9,10,11,12,13,14,15,16,17,18,19	1.92691715317e-29,1.1219437668e-14,5.49099785955e-07,0.00555191641168,0.67630350558,8.24850448066,30.3449577749,59.8011383188,85.1430693026,102.343649636,112.636442408,118.400524386,121.518339817,123.174478475,124.045915981,124.502200136,124.740497566,124.864783629,124.929560944,124.963310328	5	growth	0	220000
223275	0,1,2,3,4,5,6,7,8,9,10,11,12,13,14,15,16,17,18,19	1.92691715317e-29,1.1219437668e-14,5.49099785955e-07,0.00555191641168,0.67630350558,8.24850448066,30.3449577749,59.8011383188,85.1430693026,102.343649636,112.636442408,118.400524386,121.518339817,123.174478475,124.045915981,124.502200136,124.740497566,124.864783629,124.929560944,124.963310328	5	growth	0	220000
223148	0,1,2,3,4,5,6,7,8,9,10,11,12,13,14,15,16,17,18,19	1.92691715317e-29,1.1219437668e-14,5.49099785955e-07,0.00555191641168,0.67630350558,8.24850448066,30.3449577749,59.8011383188,85.1430693026,102.343649636,112.636442408,118.400524386,121.518339817,123.174478475,124.045915981,124.502200136,124.740497566,124.864783629,124.929560944,124.963310328	5	growth	0	220000
222072	0,1,2,3,4,5,6,7,8,9,10,11,12,13,14,15,16,17,18,19	1.92691715317e-29,1.1219437668e-14,5.49099785955e-07,0.00555191641168,0.67630350558,8.24850448066,30.3449577749,59.8011383188,85.1430693026,102.343649636,112.636442408,118.400524386,121.518339817,123.174478475,124.045915981,124.502200136,124.740497566,124.864783629,124.929560944,124.963310328	5	growth	0	220000
221620	0,1,2,3,4,5,6,7,8,9,10,11,12,13,14,15,16,17,18,19	1.92691715317e-29,1.1219437668e-14,5.49099785955e-07,0.00555191641168,0.67630350558,8.24850448066,30.3449577749,59.8011383188,85.1430693026,102.343649636,112.636442408,118.400524386,121.518339817,123.174478475,124.045915981,124.502200136,124.740497566,124.864783629,124.929560944,124.963310328	5	growth	0	220000
222952	0,1,2,3,4,5,6,7,8,9,10,11,12,13,14,15,16,17,18,19	1.92691715317e-29,1.1219437668e-14,5.49099785955e-07,0.00555191641168,0.67630350558,8.24850448066,30.3449577749,59.8011383188,85.1430693026,102.343649636,112.636442408,118.400524386,121.518339817,123.174478475,124.045915981,124.502200136,124.740497566,124.864783629,124.929560944,124.963310328	5	growth	0	220000
220221	0,1,2,3,4,5,6,7,8,9,10,11,12,13,14,15,16,17,18,19	1.92691715317e-29,1.1219437668e-14,5.49099785955e-07,0.00555191641168,0.67630350558,8.24850448066,30.3449577749,59.8011383188,85.1430693026,102.343649636,112.636442408,118.400524386,121.518339817,123.174478475,124.045915981,124.502200136,124.740497566,124.864783629,124.929560944,124.963310328	5	growth	0	220000
221959	0,1,2,3,4,5,6,7,8,9,10,11,12,13,14,15,16,17,18,19	1.92691715317e-29,1.1219437668e-14,5.49099785955e-07,0.00555191641168,0.67630350558,8.24850448066,30.3449577749,59.8011383188,85.1430693026,102.343649636,112.636442408,118.400524386,121.518339817,123.174478475,124.045915981,124.502200136,124.740497566,124.864783629,124.929560944,124.963310328	5	growth	0	220000
222647	0,1,2,3,4,5,6,7,8,9,10,11,12,13,14,15,16,17,18,19	1.92691715317e-29,1.1219437668e-14,5.49099785955e-07,0.00555191641168,0.67630350558,8.24850448066,30.3449577749,59.8011383188,85.1430693026,102.343649636,112.636442408,118.400524386,121.518339817,123.174478475,124.045915981,124.502200136,124.740497566,124.864783629,124.929560944,124.963310328	5	growth	0	220000
220476	0,1,2,3,4,5,6,7,8,9,10,11,12,13,14,15,16,17,18,19	1.92691715317e-29,1.1219437668e-14,5.49099785955e-07,0.00555191641168,0.67630350558,8.24850448066,30.3449577749,59.8011383188,85.1430693026,102.343649636,112.636442408,118.400524386,121.518339817,123.174478475,124.045915981,124.502200136,124.740497566,124.864783629,124.929560944,124.963310328	5	growth	0	220000
220289	0,1,2,3,4,5,6,7,8,9,10,11,12,13,14,15,16,17,18,19	1.92691715317e-29,1.1219437668e-14,5.49099785955e-07,0.00555191641168,0.67630350558,8.24850448066,30.3449577749,59.8011383188,85.1430693026,102.343649636,112.636442408,118.400524386,121.518339817,123.174478475,124.045915981,124.502200136,124.740497566,124.864783629,124.929560944,124.963310328	5	growth	0	220000
221897	0,1,2,3,4,5,6,7,8,9,10,11,12,13,14,15,16,17,18,19	1.92691715317e-29,1.1219437668e-14,5.49099785955e-07,0.00555191641168,0.67630350558,8.24850448066,30.3449577749,59.8011383188,85.1430693026,102.343649636,112.636442408,118.400524386,121.518339817,123.174478475,124.045915981,124.502200136,124.740497566,124.864783629,124.929560944,124.963310328	5	growth	0	220000
222587	0,1,2,3,4,5,6,7,8,9,10,11,12,13,14,15,16,17,18,19	1.92691715317e-29,1.1219437668e-14,5.49099785955e-07,0.00555191641168,0.67630350558,8.24850448066,30.3449577749,59.8011383188,85.1430693026,102.343649636,112.636442408,118.400524386,121.518339817,123.174478475,124.045915981,124.502200136,124.740497566,124.864783629,124.929560944,124.963310328	5	growth	0	220000
222233	0,1,2,3,4,5,6,7,8,9,10,11,12,13,14,15,16,17,18,19	1.92691715317e-29,1.1219437668e-14,5.49099785955e-07,0.00555191641168,0.67630350558,8.24850448066,30.3449577749,59.8011383188,85.1430693026,102.343649636,112.636442408,118.400524386,121.518339817,123.174478475,124.045915981,124.502200136,124.740497566,124.864783629,124.929560944,124.963310328	5	growth	0	220000
309725	0,1,2,3,4,5,6,7,8,9,10,11,12,13,14,15,16,17,18,19	193.686248485,196.833477183,197.954467305,198.549277339,198.931573437,199.208306768,199.426318281,199.609798789,199.772998768,199.925456243,200.074543757,200.227001232,200.390201211,200.573681719,200.791693232,201.068426563,201.450722661,202.045532695,203.166522817,206.313751515	6	tan	0	308000
308010	0,1,2,3,4,5,6,7,8,9,10,11,12,13,14,15,16,17,18,19	193.686248485,196.833477183,197.954467305,198.549277339,198.931573437,199.208306768,199.426318281,199.609798789,199.772998768,199.925456243,200.074543757,200.227001232,200.390201211,200.573681719,200.791693232,201.068426563,201.450722661,202.045532695,203.166522817,206.313751515	6	tan	0	308000
309104	0,1,2,3,4,5,6,7,8,9,10,11,12,13,14,15,16,17,18,19	193.686248485,196.833477183,197.954467305,198.549277339,198.931573437,199.208306768,199.426318281,199.609798789,199.772998768,199.925456243,200.074543757,200.227001232,200.390201211,200.573681719,200.791693232,201.068426563,201.450722661,202.045532695,203.166522817,206.313751515	6	tan	0	308000
311375	0,1,2,3,4,5,6,7,8,9,10,11,12,13,14,15,16,17,18,19	193.686248485,196.833477183,197.954467305,198.549277339,198.931573437,199.208306768,199.426318281,199.609798789,199.772998768,199.925456243,200.074543757,200.227001232,200.390201211,200.573681719,200.791693232,201.068426563,201.450722661,202.045532695,203.166522817,206.313751515	6	tan	0	308000
311595	0,1,2,3,4,5,6,7,8,9,10,11,12,13,14,15,16,17,18,19	193.686248485,196.833477183,197.954467305,198.549277339,198.931573437,199.208306768,199.426318281,199.609798789,199.772998768,199.925456243,200.074543757,200.227001232,200.390201211,200.573681719,200.791693232,201.068426563,201.450722661,202.045532695,203.166522817,206.313751515	6	tan	0	308000
309232	0,1,2,3,4,5,6,7,8,9,10,11,12,13,14,15,16,17,18,19	193.686248485,196.833477183,197.954467305,198.549277339,198.931573437,199.208306768,199.426318281,199.609798789,199.772998768,199.925456243,200.074543757,200.227001232,200.390201211,200.573681719,200.791693232,201.068426563,201.450722661,202.045532695,203.166522817,206.313751515	6	tan	0	308000
311100	0,1,2,3,4,5,6,7,8,9,10,11,12,13,14,15,16,17,18,19	193.686248485,196.833477183,197.954467305,198.549277339,198.931573437,199.208306768,199.426318281,199.609798789,199.772998768,199.925456243,200.074543757,200.227001232,200.390201211,200.573681719,200.791693232,201.068426563,201.450722661,202.045532695,203.166522817,206.313751515	6	tan	0	308000
309564	0,1,2,3,4,5,6,7,8,9,10,11,12,13,14,15,16,17,18,19	193.686248485,196.833477183,197.954467305,198.549277339,198.931573437,199.208306768,199.426318281,199.609798789,199.772998768,199.925456243,200.074543757,200.227001232,200.390201211,200.573681719,200.791693232,201.068426563,201.450722661,202.045532695,203.166522817,206.313751515	6	tan	0	308000
309490	0,1,2,3,4,5,6,7,8,9,10,11,12,13,14,15,16,17,18,19	193.686248485,196.833477183,197.954467305,198.549277339,198.931573437,199.208306768,199.426318281,199.609798789,199.772998768,199.925456243,200.074543757,200.227001232,200.390201211,200.573681719,200.791693232,201.068426563,201.450722661,202.045532695,203.166522817,206.313751515	6	tan	0	308000
309279	0,1,2,3,4,5,6,7,8,9,10,11,12,13,14,15,16,17,18,19	193.686248485,196.833477183,197.954467305,198.549277339,198.931573437,199.208306768,199.426318281,199.609798789,199.772998768,199.925456243,200.074543757,200.227001232,200.390201211,200.573681719,200.791693232,201.068426563,201.450722661,202.045532695,203.166522817,206.313751515	6	tan	0	308000
310206	0,1,2,3,4,5,6,7,8,9,10,11,12,13,14,15,16,17,18,19	193.686248485,196.833477183,197.954467305,198.549277339,198.931573437,199.208306768,199.426318281,199.609798789,199.772998768,199.925456243,200.074543757,200.227001232,200.390201211,200.573681719,200.791693232,201.068426563,201.450722661,202.045532695,203.166522817,206.313751515	6	tan	0	308000
309412	0,1,2,3,4,5,6,7,8,9,10,11,12,13,14,15,16,17,18,19	193.686248485,196.833477183,197.954467305,198.549277339,198.931573437,199.208306768,199.426318281,199.609798789,199.772998768,199.925456243,200.074543757,200.227001232,200.390201211,200.573681719,200.791693232,201.068426563,201.450722661,202.045532695,203.166522817,206.313751515	6	tan	0	308000
311519	0,1,2,3,4,5,6,7,8,9,10,11,12,13,14,15,16,17,18,19	193.686248485,196.833477183,197.954467305,198.549277339,198.931573437,199.208306768,199.426318281,199.609798789,199.772998768,199.925456243,200.074543757,200.227001232,200.390201211,200.573681719,200.791693232,201.068426563,201.450722661,202.045532695,203.166522817,206.313751515	6	tan	0	308000
308518	0,1,2,3,4,5,6,7,8,9,10,11,12,13,14,15,16,17,18,19	193.686248485,196.833477183,197.954467305,198.549277339,198.931573437,199.208306768,199.426318281,199.609798789,199.772998768,199.925456243,200.074543757,200.227001232,200.390201211,200.573681719,200.791693232,201.068426563,201.450722661,202.045532695,203.166522817,206.313751515	6	tan	0	308000
309442	0,1,2,3,4,5,6,7,8,9,10,11,12,13,14,15,16,17,18,19	193.686248485,196.833477183,197.954467305,198.549277339,198.931573437,199.208306768,199.426318281,199.609798789,199.772998768,199.925456243,200.074543757,200.227001232,200.390201211,200.573681719,200.791693232,201.068426563,201.450722661,202.045532695,203.166522817,206.313751515	6	tan	0	308000
310016	0,1,2,3,4,5,6,7,8,9,10,11,12,13,14,15,16,17,18,19	193.686248485,196.833477183,197.954467305,198.549277339,198.931573437,199.208306768,199.426318281,199.609798789,199.772998768,199.925456243,200.074543757,200.227001232,200.390201211,200.573681719,200.791693232,201.068426563,201.450722661,202.045532695,203.166522817,206.313751515	6	tan	0	308000
309568	0,1,2,3,4,5,6,7,8,9,10,11,12,13,14,15,16,17,18,19	193.686248485,196.833477183,197.954467305,198.549277339,198.931573437,199.208306768,199.426318281,199.609798789,199.772998768,199.925456243,200.074543757,200.227001232,200.390201211,200.573681719,200.791693232,201.068426563,201.450722661,202.045532695,203.166522817,206.313751515	6	tan	0	308000
309862	0,1,2,3,4,5,6,7,8,9,10,11,12,13,14,15,16,17,18,19	193.686248485,196.833477183,197.954467305,198.549277339,198.931573437,199.208306768,199.426318281,199.609798789,199.772998768,199.925456243,200.074543757,200.227001232,200.390201211,200.573681719,200.791693232,201.068426563,201.450722661,202.045532695,203.166522817,206.313751515	6	tan	0	308000
308050	0,1,2,3,4,5,6,7,8,9,10,11,12,13,14,15,16,17,18,19	193.686248485,196.833477183,197.954467305,198.549277339,198.931573437,199.208306768,199.426318281,199.609798789,199.772998768,199.925456243,200.074543757,200.227001232,200.390201211,200.573681719,200.791693232,201.068426563,201.450722661,202.045532695,203.166522817,206.313751515	6	tan	0	308000
311029	0,1,2,3,4,5,6,7,8,9,10,11,12,13,14,15,16,17,18,19	193.686248485,196.833477183,197.954467305,198.549277339,198.931573437,199.208306768,199.426318281,199.609798789,199.772998768,199.925456243,200.074543757,200.227001232,200.390201211,200.573681719,200.791693232,201.068426563,201.450722661,202.045532695,203.166522817,206.313751515	6	tan	0	308000
309703	0,1,2,3,4,5,6,7,8,9,10,11,12,13,14,15,16,17,18,19	193.686248485,196.833477183,197.954467305,198.549277339,198.931573437,199.208306768,199.426318281,199.609798789,199.772998768,199.925456243,200.074543757,200.227001232,200.390201211,200.573681719,200.791693232,201.068426563,201.450722661,202.045532695,203.166522817,206.313751515	6	tan	0	308000
310170	0,1,2,3,4,5,6,7,8,9,10,11,12,13,14,15,16,17,18,19	193.686248485,196.833477183,197.954467305,198.549277339,198.931573437,199.208306768,199.426318281,199.609798789,199.772998768,199.925456243,200.074543757,200.227001232,200.390201211,200.573681719,200.791693232,201.068426563,201.450722661,202.045532695,203.166522817,206.313751515	6	tan	0	308000
308077	0,1,2,3,4,5,6,7,8,9,10,11,12,13,14,15,16,17,18,19	193.686248485,196.833477183,197.954467305,198.549277339,198.931573437,199.208306768,199.426318281,199.609798789,199.772998768,199.925456243,200.074543757,200.227001232,200.390201211,200.573681719,200.791693232,201.068426563,201.450722661,202.045532695,203.166522817,206.313751515	6	tan	0	308000
311593	0,1,2,3,4,5,6,7,8,9,10,11,12,13,14,15,16,17,18,19	193.686248485,196.833477183,197.954467305,198.549277339,198.931573437,199.208306768,199.426318281,199.609798789,199.772998768,199.925456243,200.074543757,200.227001232,200.390201211,200.573681719,200.791693232,201.068426563,201.450722661,202.045532695,203.166522817,206.313751515	6	tan	0	308000
311747	0,1,2,3,4,5,6,7,8,9,10,11,12,13,14,15,16,17,18,19	193.686248485,196.833477183,197.954467305,198.549277339,198.931573437,199.208306768,199.426318281,199.609798789,199.772998768,199.925456243,200.074543757,200.227001232,200.390201211,200.573681719,200.791693232,201.068426563,201.450722661,202.045532695,203.166522817,206.313751515	6	tan	0	308000
308440	0,1,2,3,4,5,6,7,8,9,10,11,12,13,14,15,16,17,18,19	193.686248485,196.833477183,197.954467305,198.549277339,198.931573437,199.208306768,199.426318281,199.609798789,199.772998768,199.925456243,200.074543757,200.227001232,200.390201211,200.573681719,200.791693232,201.068426563,201.450722661,202.045532695,203.166522817,206.313751515	6	tan	0	308000
309354	0,1,2,3,4,5,6,7,8,9,10,11,12,13,14,15,16,17,18,19	193.686248485,196.833477183,197.954467305,198.549277339,198.931573437,199.208306768,199.426318281,199.609798789,199.772998768,199.925456243,200.074543757,200.227001232,200.390201211,200.573681719,200.791693232,201.068426563,201.450722661,202.045532695,203.166522817,206.313751515	6	tan	0	308000
311914	0,1,2,3,4,5,6,7,8,9,10,11,12,13,14,15,16,17,18,19	193.686248485,196.833477183,197.954467305,198.549277339,198.931573437,199.208306768,199.426318281,199.609798789,199.772998768,199.925456243,200.074543757,200.227001232,200.390201211,200.573681719,200.791693232,201.068426563,201.450722661,202.045532695,203.166522817,206.313751515	6	tan	0	308000
310957	0,1,2,3,4,5,6,7,8,9,10,11,12,13,14,15,16,17,18,19	193.686248485,196.833477183,197.954467305,198.549277339,198.931573437,199.208306768,199.426318281,199.609798789,199.772998768,199.925456243,200.074543757,200.227001232,200.390201211,200.573681719,200.791693232,201.068426563,201.450722661,202.045532695,203.166522817,206.313751515	6	tan	0	308000
308656	0,1,2,3,4,5,6,7,8,9,10,11,12,13,14,15,16,17,18,19	193.686248485,196.833477183,197.954467305,198.549277339,198.931573437,199.208306768,199.426318281,199.609798789,199.772998768,199.925456243,200.074543757,200.227001232,200.390201211,200.573681719,200.791693232,201.068426563,201.450722661,202.045532695,203.166522817,206.313751515	6	tan	0	308000
309696	0,1,2,3,4,5,6,7,8,9,10,11,12,13,14,15,16,17,18,19	193.686248485,196.833477183,197.954467305,198.549277339,198.931573437,199.208306768,199.426318281,199.609798789,199.772998768,199.925456243,200.074543757,200.227001232,200.390201211,200.573681719,200.791693232,201.068426563,201.450722661,202.045532695,203.166522817,206.313751515	6	tan	0	308000
309198	0,1,2,3,4,5,6,7,8,9,10,11,12,13,14,15,16,17,18,19	193.686248485,196.833477183,197.954467305,198.549277339,198.931573437,199.208306768,199.426318281,199.609798789,199.772998768,199.925456243,200.074543757,200.227001232,200.390201211,200.573681719,200.791693232,201.068426563,201.450722661,202.045532695,203.166522817,206.313751515	6	tan	0	308000
309250	0,1,2,3,4,5,6,7,8,9,10,11,12,13,14,15,16,17,18,19	193.686248485,196.833477183,197.954467305,198.549277339,198.931573437,199.208306768,199.426318281,199.609798789,199.772998768,199.925456243,200.074543757,200.227001232,200.390201211,200.573681719,200.791693232,201.068426563,201.450722661,202.045532695,203.166522817,206.313751515	6	tan	0	308000
310923	0,1,2,3,4,5,6,7,8,9,10,11,12,13,14,15,16,17,18,19	193.686248485,196.833477183,197.954467305,198.549277339,198.931573437,199.208306768,199.426318281,199.609798789,199.772998768,199.925456243,200.074543757,200.227001232,200.390201211,200.573681719,200.791693232,201.068426563,201.450722661,202.045532695,203.166522817,206.313751515	6	tan	0	308000
309950	0,1,2,3,4,5,6,7,8,9,10,11,12,13,14,15,16,17,18,19	193.686248485,196.833477183,197.954467305,198.549277339,198.931573437,199.208306768,199.426318281,199.609798789,199.772998768,199.925456243,200.074543757,200.227001232,200.390201211,200.573681719,200.791693232,201.068426563,201.450722661,202.045532695,203.166522817,206.313751515	6	tan	0	308000
311193	0,1,2,3,4,5,6,7,8,9,10,11,12,13,14,15,16,17,18,19	193.686248485,196.833477183,197.954467305,198.549277339,198.931573437,199.208306768,199.426318281,199.609798789,199.772998768,199.925456243,200.074543757,200.227001232,200.390201211,200.573681719,200.791693232,201.068426563,201.450722661,202.045532695,203.166522817,206.313751515	6	tan	0	308000
310324	0,1,2,3,4,5,6,7,8,9,10,11,12,13,14,15,16,17,18,19	193.686248485,196.833477183,197.954467305,198.549277339,198.931573437,199.208306768,199.426318281,199.609798789,199.772998768,199.925456243,200.074543757,200.227001232,200.390201211,200.573681719,200.791693232,201.068426563,201.450722661,202.045532695,203.166522817,206.313751515	6	tan	0	308000
309942	0,1,2,3,4,5,6,7,8,9,10,11,12,13,14,15,16,17,18,19	193.686248485,196.833477183,197.954467305,198.549277339,198.931573437,199.208306768,199.426318281,199.609798789,199.772998768,199.925456243,200.074543757,200.227001232,200.390201211,200.573681719,200.791693232,201.068426563,201.450722661,202.045532695,203.166522817,206.313751515	6	tan	0	308000
311546	0,1,2,3,4,5,6,7,8,9,10,11,12,13,14,15,16,17,18,19	193.686248485,196.833477183,197.954467305,198.549277339,198.931573437,199.208306768,199.426318281,199.609798789,199.772998768,199.925456243,200.074543757,200.227001232,200.390201211,200.573681719,200.791693232,201.068426563,201.450722661,202.045532695,203.166522817,206.313751515	6	tan	0	308000
308012	0,1,2,3,4,5,6,7,8,9,10,11,12,13,14,15,16,17,18,19	193.686248485,196.833477183,197.954467305,198.549277339,198.931573437,199.208306768,199.426318281,199.609798789,199.772998768,199.925456243,200.074543757,200.227001232,200.390201211,200.573681719,200.791693232,201.068426563,201.450722661,202.045532695,203.166522817,206.313751515	6	tan	0	308000
308071	0,1,2,3,4,5,6,7,8,9,10,11,12,13,14,15,16,17,18,19	193.686248485,196.833477183,197.954467305,198.549277339,198.931573437,199.208306768,199.426318281,199.609798789,199.772998768,199.925456243,200.074543757,200.227001232,200.390201211,200.573681719,200.791693232,201.068426563,201.450722661,202.045532695,203.166522817,206.313751515	6	tan	0	308000
310996	0,1,2,3,4,5,6,7,8,9,10,11,12,13,14,15,16,17,18,19	193.686248485,196.833477183,197.954467305,198.549277339,198.931573437,199.208306768,199.426318281,199.609798789,199.772998768,199.925456243,200.074543757,200.227001232,200.390201211,200.573681719,200.791693232,201.068426563,201.450722661,202.045532695,203.166522817,206.313751515	6	tan	0	308000
311357	0,1,2,3,4,5,6,7,8,9,10,11,12,13,14,15,16,17,18,19	193.686248485,196.833477183,197.954467305,198.549277339,198.931573437,199.208306768,199.426318281,199.609798789,199.772998768,199.925456243,200.074543757,200.227001232,200.390201211,200.573681719,200.791693232,201.068426563,201.450722661,202.045532695,203.166522817,206.313751515	6	tan	0	308000
308030	0,1,2,3,4,5,6,7,8,9,10,11,12,13,14,15,16,17,18,19	193.686248485,196.833477183,197.954467305,198.549277339,198.931573437,199.208306768,199.426318281,199.609798789,199.772998768,199.925456243,200.074543757,200.227001232,200.390201211,200.573681719,200.791693232,201.068426563,201.450722661,202.045532695,203.166522817,206.313751515	6	tan	0	308000
310619	0,1,2,3,4,5,6,7,8,9,10,11,12,13,14,15,16,17,18,19	193.686248485,196.833477183,197.954467305,198.549277339,198.931573437,199.208306768,199.426318281,199.609798789,199.772998768,199.925456243,200.074543757,200.227001232,200.390201211,200.573681719,200.791693232,201.068426563,201.450722661,202.045532695,203.166522817,206.313751515	6	tan	0	308000
311804	0,1,2,3,4,5,6,7,8,9,10,11,12,13,14,15,16,17,18,19	193.686248485,196.833477183,197.954467305,198.549277339,198.931573437,199.208306768,199.426318281,199.609798789,199.772998768,199.925456243,200.074543757,200.227001232,200.390201211,200.573681719,200.791693232,201.068426563,201.450722661,202.045532695,203.166522817,206.313751515	6	tan	0	308000
310859	0,1,2,3,4,5,6,7,8,9,10,11,12,13,14,15,16,17,18,19	193.686248485,196.833477183,197.954467305,198.549277339,198.931573437,199.208306768,199.426318281,199.609798789,199.772998768,199.925456243,200.074543757,200.227001232,200.390201211,200.573681719,200.791693232,201.068426563,201.450722661,202.045532695,203.166522817,206.313751515	6	tan	0	308000
309551	0,1,2,3,4,5,6,7,8,9,10,11,12,13,14,15,16,17,18,19	193.686248485,196.833477183,197.954467305,198.549277339,198.931573437,199.208306768,199.426318281,199.609798789,199.772998768,199.925456243,200.074543757,200.227001232,200.390201211,200.573681719,200.791693232,201.068426563,201.450722661,202.045532695,203.166522817,206.313751515	6	tan	0	308000
311976	0,1,2,3,4,5,6,7,8,9,10,11,12,13,14,15,16,17,18,19	193.686248485,196.833477183,197.954467305,198.549277339,198.931573437,199.208306768,199.426318281,199.609798789,199.772998768,199.925456243,200.074543757,200.227001232,200.390201211,200.573681719,200.791693232,201.068426563,201.450722661,202.045532695,203.166522817,206.313751515	6	tan	0	308000
308188	0,1,2,3,4,5,6,7,8,9,10,11,12,13,14,15,16,17,18,19	193.686248485,196.833477183,197.954467305,198.549277339,198.931573437,199.208306768,199.426318281,199.609798789,199.772998768,199.925456243,200.074543757,200.227001232,200.390201211,200.573681719,200.791693232,201.068426563,201.450722661,202.045532695,203.166522817,206.313751515	6	tan	0	308000
310674	0,1,2,3,4,5,6,7,8,9,10,11,12,13,14,15,16,17,18,19	193.686248485,196.833477183,197.954467305,198.549277339,198.931573437,199.208306768,199.426318281,199.609798789,199.772998768,199.925456243,200.074543757,200.227001232,200.390201211,200.573681719,200.791693232,201.068426563,201.450722661,202.045532695,203.166522817,206.313751515	6	tan	0	308000
308963	0,1,2,3,4,5,6,7,8,9,10,11,12,13,14,15,16,17,18,19	193.686248485,196.833477183,197.954467305,198.549277339,198.931573437,199.208306768,199.426318281,199.609798789,199.772998768,199.925456243,200.074543757,200.227001232,200.390201211,200.573681719,200.791693232,201.068426563,201.450722661,202.045532695,203.166522817,206.313751515	6	tan	0	308000
308848	0,1,2,3,4,5,6,7,8,9,10,11,12,13,14,15,16,17,18,19	193.686248485,196.833477183,197.954467305,198.549277339,198.931573437,199.208306768,199.426318281,199.609798789,199.772998768,199.925456243,200.074543757,200.227001232,200.390201211,200.573681719,200.791693232,201.068426563,201.450722661,202.045532695,203.166522817,206.313751515	6	tan	0	308000
309554	0,1,2,3,4,5,6,7,8,9,10,11,12,13,14,15,16,17,18,19	193.686248485,196.833477183,197.954467305,198.549277339,198.931573437,199.208306768,199.426318281,199.609798789,199.772998768,199.925456243,200.074543757,200.227001232,200.390201211,200.573681719,200.791693232,201.068426563,201.450722661,202.045532695,203.166522817,206.313751515	6	tan	0	308000
311066	0,1,2,3,4,5,6,7,8,9,10,11,12,13,14,15,16,17,18,19	193.686248485,196.833477183,197.954467305,198.549277339,198.931573437,199.208306768,199.426318281,199.609798789,199.772998768,199.925456243,200.074543757,200.227001232,200.390201211,200.573681719,200.791693232,201.068426563,201.450722661,202.045532695,203.166522817,206.313751515	6	tan	0	308000
310086	0,1,2,3,4,5,6,7,8,9,10,11,12,13,14,15,16,17,18,19	193.686248485,196.833477183,197.954467305,198.549277339,198.931573437,199.208306768,199.426318281,199.609798789,199.772998768,199.925456243,200.074543757,200.227001232,200.390201211,200.573681719,200.791693232,201.068426563,201.450722661,202.045532695,203.166522817,206.313751515	6	tan	0	308000
309789	0,1,2,3,4,5,6,7,8,9,10,11,12,13,14,15,16,17,18,19	193.686248485,196.833477183,197.954467305,198.549277339,198.931573437,199.208306768,199.426318281,199.609798789,199.772998768,199.925456243,200.074543757,200.227001232,200.390201211,200.573681719,200.791693232,201.068426563,201.450722661,202.045532695,203.166522817,206.313751515	6	tan	0	308000
309835	0,1,2,3,4,5,6,7,8,9,10,11,12,13,14,15,16,17,18,19	193.686248485,196.833477183,197.954467305,198.549277339,198.931573437,199.208306768,199.426318281,199.609798789,199.772998768,199.925456243,200.074543757,200.227001232,200.390201211,200.573681719,200.791693232,201.068426563,201.450722661,202.045532695,203.166522817,206.313751515	6	tan	0	308000
308104	0,1,2,3,4,5,6,7,8,9,10,11,12,13,14,15,16,17,18,19	193.686248485,196.833477183,197.954467305,198.549277339,198.931573437,199.208306768,199.426318281,199.609798789,199.772998768,199.925456243,200.074543757,200.227001232,200.390201211,200.573681719,200.791693232,201.068426563,201.450722661,202.045532695,203.166522817,206.313751515	6	tan	0	308000
311062	0,1,2,3,4,5,6,7,8,9,10,11,12,13,14,15,16,17,18,19	193.686248485,196.833477183,197.954467305,198.549277339,198.931573437,199.208306768,199.426318281,199.609798789,199.772998768,199.925456243,200.074543757,200.227001232,200.390201211,200.573681719,200.791693232,201.068426563,201.450722661,202.045532695,203.166522817,206.313751515	6	tan	0	308000
309181	0,1,2,3,4,5,6,7,8,9,10,11,12,13,14,15,16,17,18,19	193.686248485,196.833477183,197.954467305,198.549277339,198.931573437,199.208306768,199.426318281,199.609798789,199.772998768,199.925456243,200.074543757,200.227001232,200.390201211,200.573681719,200.791693232,201.068426563,201.450722661,202.045532695,203.166522817,206.313751515	6	tan	0	308000
309423	0,1,2,3,4,5,6,7,8,9,10,11,12,13,14,15,16,17,18,19	193.686248485,196.833477183,197.954467305,198.549277339,198.931573437,199.208306768,199.426318281,199.609798789,199.772998768,199.925456243,200.074543757,200.227001232,200.390201211,200.573681719,200.791693232,201.068426563,201.450722661,202.045532695,203.166522817,206.313751515	6	tan	0	308000
310794	0,1,2,3,4,5,6,7,8,9,10,11,12,13,14,15,16,17,18,19	193.686248485,196.833477183,197.954467305,198.549277339,198.931573437,199.208306768,199.426318281,199.609798789,199.772998768,199.925456243,200.074543757,200.227001232,200.390201211,200.573681719,200.791693232,201.068426563,201.450722661,202.045532695,203.166522817,206.313751515	6	tan	0	308000
309363	0,1,2,3,4,5,6,7,8,9,10,11,12,13,14,15,16,17,18,19	193.686248485,196.833477183,197.954467305,198.549277339,198.931573437,199.208306768,199.426318281,199.609798789,199.772998768,199.925456243,200.074543757,200.227001232,200.390201211,200.573681719,200.791693232,201.068426563,201.450722661,202.045532695,203.166522817,206.313751515	6	tan	0	308000
311145	0,1,2,3,4,5,6,7,8,9,10,11,12,13,14,15,16,17,18,19	193.686248485,196.833477183,197.954467305,198.549277339,198.931573437,199.208306768,199.426318281,199.609798789,199.772998768,199.925456243,200.074543757,200.227001232,200.390201211,200.573681719,200.791693232,201.068426563,201.450722661,202.045532695,203.166522817,206.313751515	6	tan	0	308000
311735	0,1,2,3,4,5,6,7,8,9,10,11,12,13,14,15,16,17,18,19	193.686248485,196.833477183,197.954467305,198.549277339,198.931573437,199.208306768,199.426318281,199.609798789,199.772998768,199.925456243,200.074543757,200.227001232,200.390201211,200.573681719,200.791693232,201.068426563,201.450722661,202.045532695,203.166522817,206.313751515	6	tan	0	308000
308424	0,1,2,3,4,5,6,7,8,9,10,11,12,13,14,15,16,17,18,19	193.686248485,196.833477183,197.954467305,198.549277339,198.931573437,199.208306768,199.426318281,199.609798789,199.772998768,199.925456243,200.074543757,200.227001232,200.390201211,200.573681719,200.791693232,201.068426563,201.450722661,202.045532695,203.166522817,206.313751515	6	tan	0	308000
311054	0,1,2,3,4,5,6,7,8,9,10,11,12,13,14,15,16,17,18,19	193.686248485,196.833477183,197.954467305,198.549277339,198.931573437,199.208306768,199.426318281,199.609798789,199.772998768,199.925456243,200.074543757,200.227001232,200.390201211,200.573681719,200.791693232,201.068426563,201.450722661,202.045532695,203.166522817,206.313751515	6	tan	0	308000
308642	0,1,2,3,4,5,6,7,8,9,10,11,12,13,14,15,16,17,18,19	193.686248485,196.833477183,197.954467305,198.549277339,198.931573437,199.208306768,199.426318281,199.609798789,199.772998768,199.925456243,200.074543757,200.227001232,200.390201211,200.573681719,200.791693232,201.068426563,201.450722661,202.045532695,203.166522817,206.313751515	6	tan	0	308000
310178	0,1,2,3,4,5,6,7,8,9,10,11,12,13,14,15,16,17,18,19	193.686248485,196.833477183,197.954467305,198.549277339,198.931573437,199.208306768,199.426318281,199.609798789,199.772998768,199.925456243,200.074543757,200.227001232,200.390201211,200.573681719,200.791693232,201.068426563,201.450722661,202.045532695,203.166522817,206.313751515	6	tan	0	308000
310491	0,1,2,3,4,5,6,7,8,9,10,11,12,13,14,15,16,17,18,19	193.686248485,196.833477183,197.954467305,198.549277339,198.931573437,199.208306768,199.426318281,199.609798789,199.772998768,199.925456243,200.074543757,200.227001232,200.390201211,200.573681719,200.791693232,201.068426563,201.450722661,202.045532695,203.166522817,206.313751515	6	tan	0	308000
310791	0,1,2,3,4,5,6,7,8,9,10,11,12,13,14,15,16,17,18,19	193.686248485,196.833477183,197.954467305,198.549277339,198.931573437,199.208306768,199.426318281,199.609798789,199.772998768,199.925456243,200.074543757,200.227001232,200.390201211,200.573681719,200.791693232,201.068426563,201.450722661,202.045532695,203.166522817,206.313751515	6	tan	0	308000
310694	0,1,2,3,4,5,6,7,8,9,10,11,12,13,14,15,16,17,18,19	193.686248485,196.833477183,197.954467305,198.549277339,198.931573437,199.208306768,199.426318281,199.609798789,199.772998768,199.925456243,200.074543757,200.227001232,200.390201211,200.573681719,200.791693232,201.068426563,201.450722661,202.045532695,203.166522817,206.313751515	6	tan	0	308000
309213	0,1,2,3,4,5,6,7,8,9,10,11,12,13,14,15,16,17,18,19	193.686248485,196.833477183,197.954467305,198.549277339,198.931573437,199.208306768,199.426318281,199.609798789,199.772998768,199.925456243,200.074543757,200.227001232,200.390201211,200.573681719,200.791693232,201.068426563,201.450722661,202.045532695,203.166522817,206.313751515	6	tan	0	308000
308228	0,1,2,3,4,5,6,7,8,9,10,11,12,13,14,15,16,17,18,19	193.686248485,196.833477183,197.954467305,198.549277339,198.931573437,199.208306768,199.426318281,199.609798789,199.772998768,199.925456243,200.074543757,200.227001232,200.390201211,200.573681719,200.791693232,201.068426563,201.450722661,202.045532695,203.166522817,206.313751515	6	tan	0	308000
311247	0,1,2,3,4,5,6,7,8,9,10,11,12,13,14,15,16,17,18,19	193.686248485,196.833477183,197.954467305,198.549277339,198.931573437,199.208306768,199.426318281,199.609798789,199.772998768,199.925456243,200.074543757,200.227001232,200.390201211,200.573681719,200.791693232,201.068426563,201.450722661,202.045532695,203.166522817,206.313751515	6	tan	0	308000
309905	0,1,2,3,4,5,6,7,8,9,10,11,12,13,14,15,16,17,18,19	193.686248485,196.833477183,197.954467305,198.549277339,198.931573437,199.208306768,199.426318281,199.609798789,199.772998768,199.925456243,200.074543757,200.227001232,200.390201211,200.573681719,200.791693232,201.068426563,201.450722661,202.045532695,203.166522817,206.313751515	6	tan	0	308000
310659	0,1,2,3,4,5,6,7,8,9,10,11,12,13,14,15,16,17,18,19	193.686248485,196.833477183,197.954467305,198.549277339,198.931573437,199.208306768,199.426318281,199.609798789,199.772998768,199.925456243,200.074543757,200.227001232,200.390201211,200.573681719,200.791693232,201.068426563,201.450722661,202.045532695,203.166522817,206.313751515	6	tan	0	308000
310834	0,1,2,3,4,5,6,7,8,9,10,11,12,13,14,15,16,17,18,19	193.686248485,196.833477183,197.954467305,198.549277339,198.931573437,199.208306768,199.426318281,199.609798789,199.772998768,199.925456243,200.074543757,200.227001232,200.390201211,200.573681719,200.791693232,201.068426563,201.450722661,202.045532695,203.166522817,206.313751515	6	tan	0	308000
310329	0,1,2,3,4,5,6,7,8,9,10,11,12,13,14,15,16,17,18,19	193.686248485,196.833477183,197.954467305,198.549277339,198.931573437,199.208306768,199.426318281,199.609798789,199.772998768,199.925456243,200.074543757,200.227001232,200.390201211,200.573681719,200.791693232,201.068426563,201.450722661,202.045532695,203.166522817,206.313751515	6	tan	0	308000
310611	0,1,2,3,4,5,6,7,8,9,10,11,12,13,14,15,16,17,18,19	193.686248485,196.833477183,197.954467305,198.549277339,198.931573437,199.208306768,199.426318281,199.609798789,199.772998768,199.925456243,200.074543757,200.227001232,200.390201211,200.573681719,200.791693232,201.068426563,201.450722661,202.045532695,203.166522817,206.313751515	6	tan	0	308000
311934	0,1,2,3,4,5,6,7,8,9,10,11,12,13,14,15,16,17,18,19	193.686248485,196.833477183,197.954467305,198.549277339,198.931573437,199.208306768,199.426318281,199.609798789,199.772998768,199.925456243,200.074543757,200.227001232,200.390201211,200.573681719,200.791693232,201.068426563,201.450722661,202.045532695,203.166522817,206.313751515	6	tan	0	308000
308826	0,1,2,3,4,5,6,7,8,9,10,11,12,13,14,15,16,17,18,19	193.686248485,196.833477183,197.954467305,198.549277339,198.931573437,199.208306768,199.426318281,199.609798789,199.772998768,199.925456243,200.074543757,200.227001232,200.390201211,200.573681719,200.791693232,201.068426563,201.450722661,202.045532695,203.166522817,206.313751515	6	tan	0	308000
309335	0,1,2,3,4,5,6,7,8,9,10,11,12,13,14,15,16,17,18,19	193.686248485,196.833477183,197.954467305,198.549277339,198.931573437,199.208306768,199.426318281,199.609798789,199.772998768,199.925456243,200.074543757,200.227001232,200.390201211,200.573681719,200.791693232,201.068426563,201.450722661,202.045532695,203.166522817,206.313751515	6	tan	0	308000
310590	0,1,2,3,4,5,6,7,8,9,10,11,12,13,14,15,16,17,18,19	193.686248485,196.833477183,197.954467305,198.549277339,198.931573437,199.208306768,199.426318281,199.609798789,199.772998768,199.925456243,200.074543757,200.227001232,200.390201211,200.573681719,200.791693232,201.068426563,201.450722661,202.045532695,203.166522817,206.313751515	6	tan	0	308000
311777	0,1,2,3,4,5,6,7,8,9,10,11,12,13,14,15,16,17,18,19	193.686248485,196.833477183,197.954467305,198.549277339,198.931573437,199.208306768,199.426318281,199.609798789,199.772998768,199.925456243,200.074543757,200.227001232,200.390201211,200.573681719,200.791693232,201.068426563,201.450722661,202.045532695,203.166522817,206.313751515	6	tan	0	308000
311366	0,1,2,3,4,5,6,7,8,9,10,11,12,13,14,15,16,17,18,19	193.686248485,196.833477183,197.954467305,198.549277339,198.931573437,199.208306768,199.426318281,199.609798789,199.772998768,199.925456243,200.074543757,200.227001232,200.390201211,200.573681719,200.791693232,201.068426563,201.450722661,202.045532695,203.166522817,206.313751515	6	tan	0	308000
311607	0,1,2,3,4,5,6,7,8,9,10,11,12,13,14,15,16,17,18,19	193.686248485,196.833477183,197.954467305,198.549277339,198.931573437,199.208306768,199.426318281,199.609798789,199.772998768,199.925456243,200.074543757,200.227001232,200.390201211,200.573681719,200.791693232,201.068426563,201.450722661,202.045532695,203.166522817,206.313751515	6	tan	0	308000
310838	0,1,2,3,4,5,6,7,8,9,10,11,12,13,14,15,16,17,18,19	193.686248485,196.833477183,197.954467305,198.549277339,198.931573437,199.208306768,199.426318281,199.609798789,199.772998768,199.925456243,200.074543757,200.227001232,200.390201211,200.573681719,200.791693232,201.068426563,201.450722661,202.045532695,203.166522817,206.313751515	6	tan	0	308000
310450	0,1,2,3,4,5,6,7,8,9,10,11,12,13,14,15,16,17,18,19	193.686248485,196.833477183,197.954467305,198.549277339,198.931573437,199.208306768,199.426318281,199.609798789,199.772998768,199.925456243,200.074543757,200.227001232,200.390201211,200.573681719,200.791693232,201.068426563,201.450722661,202.045532695,203.166522817,206.313751515	6	tan	0	308000
310980	0,1,2,3,4,5,6,7,8,9,10,11,12,13,14,15,16,17,18,19	193.686248485,196.833477183,197.954467305,198.549277339,198.931573437,199.208306768,199.426318281,199.609798789,199.772998768,199.925456243,200.074543757,200.227001232,200.390201211,200.573681719,200.791693232,201.068426563,201.450722661,202.045532695,203.166522817,206.313751515	6	tan	0	308000
310369	0,1,2,3,4,5,6,7,8,9,10,11,12,13,14,15,16,17,18,19	193.686248485,196.833477183,197.954467305,198.549277339,198.931573437,199.208306768,199.426318281,199.609798789,199.772998768,199.925456243,200.074543757,200.227001232,200.390201211,200.573681719,200.791693232,201.068426563,201.450722661,202.045532695,203.166522817,206.313751515	6	tan	0	308000
309435	0,1,2,3,4,5,6,7,8,9,10,11,12,13,14,15,16,17,18,19	193.686248485,196.833477183,197.954467305,198.549277339,198.931573437,199.208306768,199.426318281,199.609798789,199.772998768,199.925456243,200.074543757,200.227001232,200.390201211,200.573681719,200.791693232,201.068426563,201.450722661,202.045532695,203.166522817,206.313751515	6	tan	0	308000
310131	0,1,2,3,4,5,6,7,8,9,10,11,12,13,14,15,16,17,18,19	193.686248485,196.833477183,197.954467305,198.549277339,198.931573437,199.208306768,199.426318281,199.609798789,199.772998768,199.925456243,200.074543757,200.227001232,200.390201211,200.573681719,200.791693232,201.068426563,201.450722661,202.045532695,203.166522817,206.313751515	6	tan	0	308000
308857	0,1,2,3,4,5,6,7,8,9,10,11,12,13,14,15,16,17,18,19	193.686248485,196.833477183,197.954467305,198.549277339,198.931573437,199.208306768,199.426318281,199.609798789,199.772998768,199.925456243,200.074543757,200.227001232,200.390201211,200.573681719,200.791693232,201.068426563,201.450722661,202.045532695,203.166522817,206.313751515	6	tan	0	308000
310584	0,1,2,3,4,5,6,7,8,9,10,11,12,13,14,15,16,17,18,19	193.686248485,196.833477183,197.954467305,198.549277339,198.931573437,199.208306768,199.426318281,199.609798789,199.772998768,199.925456243,200.074543757,200.227001232,200.390201211,200.573681719,200.791693232,201.068426563,201.450722661,202.045532695,203.166522817,206.313751515	6	tan	0	308000
311996	0,1,2,3,4,5,6,7,8,9,10,11,12,13,14,15,16,17,18,19	193.686248485,196.833477183,197.954467305,198.549277339,198.931573437,199.208306768,199.426318281,199.609798789,199.772998768,199.925456243,200.074543757,200.227001232,200.390201211,200.573681719,200.791693232,201.068426563,201.450722661,202.045532695,203.166522817,206.313751515	6	tan	0	308000
308090	0,1,2,3,4,5,6,7,8,9,10,11,12,13,14,15,16,17,18,19	193.686248485,196.833477183,197.954467305,198.549277339,198.931573437,199.208306768,199.426318281,199.609798789,199.772998768,199.925456243,200.074543757,200.227001232,200.390201211,200.573681719,200.791693232,201.068426563,201.450722661,202.045532695,203.166522817,206.313751515	6	tan	0	308000
309657	0,1,2,3,4,5,6,7,8,9,10,11,12,13,14,15,16,17,18,19	193.686248485,196.833477183,197.954467305,198.549277339,198.931573437,199.208306768,199.426318281,199.609798789,199.772998768,199.925456243,200.074543757,200.227001232,200.390201211,200.573681719,200.791693232,201.068426563,201.450722661,202.045532695,203.166522817,206.313751515	6	tan	0	308000
308843	0,1,2,3,4,5,6,7,8,9,10,11,12,13,14,15,16,17,18,19	193.686248485,196.833477183,197.954467305,198.549277339,198.931573437,199.208306768,199.426318281,199.609798789,199.772998768,199.925456243,200.074543757,200.227001232,200.390201211,200.573681719,200.791693232,201.068426563,201.450722661,202.045532695,203.166522817,206.313751515	6	tan	0	308000
308009	0,1,2,3,4,5,6,7,8,9,10,11,12,13,14,15,16,17,18,19	193.686248485,196.833477183,197.954467305,198.549277339,198.931573437,199.208306768,199.426318281,199.609798789,199.772998768,199.925456243,200.074543757,200.227001232,200.390201211,200.573681719,200.791693232,201.068426563,201.450722661,202.045532695,203.166522817,206.313751515	6	tan	0	308000
308754	0,1,2,3,4,5,6,7,8,9,10,11,12,13,14,15,16,17,18,19	193.686248485,196.833477183,197.954467305,198.549277339,198.931573437,199.208306768,199.426318281,199.609798789,199.772998768,199.925456243,200.074543757,200.227001232,200.390201211,200.573681719,200.791693232,201.068426563,201.450722661,202.045532695,203.166522817,206.313751515	6	tan	0	308000
308490	0,1,2,3,4,5,6,7,8,9,10,11,12,13,14,15,16,17,18,19	193.686248485,196.833477183,197.954467305,198.549277339,198.931573437,199.208306768,199.426318281,199.609798789,199.772998768,199.925456243,200.074543757,200.227001232,200.390201211,200.573681719,200.791693232,201.068426563,201.450722661,202.045532695,203.166522817,206.313751515	6	tan	0	308000
310469	0,1,2,3,4,5,6,7,8,9,10,11,12,13,14,15,16,17,18,19	193.686248485,196.833477183,197.954467305,198.549277339,198.931573437,199.208306768,199.426318281,199.609798789,199.772998768,199.925456243,200.074543757,200.227001232,200.390201211,200.573681719,200.791693232,201.068426563,201.450722661,202.045532695,203.166522817,206.313751515	6	tan	0	308000
310113	0,1,2,3,4,5,6,7,8,9,10,11,12,13,14,15,16,17,18,19	193.686248485,196.833477183,197.954467305,198.549277339,198.931573437,199.208306768,199.426318281,199.609798789,199.772998768,199.925456243,200.074543757,200.227001232,200.390201211,200.573681719,200.791693232,201.068426563,201.450722661,202.045532695,203.166522817,206.313751515	6	tan	0	308000
309479	0,1,2,3,4,5,6,7,8,9,10,11,12,13,14,15,16,17,18,19	193.686248485,196.833477183,197.954467305,198.549277339,198.931573437,199.208306768,199.426318281,199.609798789,199.772998768,199.925456243,200.074543757,200.227001232,200.390201211,200.573681719,200.791693232,201.068426563,201.450722661,202.045532695,203.166522817,206.313751515	6	tan	0	308000
308776	0,1,2,3,4,5,6,7,8,9,10,11,12,13,14,15,16,17,18,19	193.686248485,196.833477183,197.954467305,198.549277339,198.931573437,199.208306768,199.426318281,199.609798789,199.772998768,199.925456243,200.074543757,200.227001232,200.390201211,200.573681719,200.791693232,201.068426563,201.450722661,202.045532695,203.166522817,206.313751515	6	tan	0	308000
310480	0,1,2,3,4,5,6,7,8,9,10,11,12,13,14,15,16,17,18,19	193.686248485,196.833477183,197.954467305,198.549277339,198.931573437,199.208306768,199.426318281,199.609798789,199.772998768,199.925456243,200.074543757,200.227001232,200.390201211,200.573681719,200.791693232,201.068426563,201.450722661,202.045532695,203.166522817,206.313751515	6	tan	0	308000
311845	0,1,2,3,4,5,6,7,8,9,10,11,12,13,14,15,16,17,18,19	193.686248485,196.833477183,197.954467305,198.549277339,198.931573437,199.208306768,199.426318281,199.609798789,199.772998768,199.925456243,200.074543757,200.227001232,200.390201211,200.573681719,200.791693232,201.068426563,201.450722661,202.045532695,203.166522817,206.313751515	6	tan	0	308000
309382	0,1,2,3,4,5,6,7,8,9,10,11,12,13,14,15,16,17,18,19	193.686248485,196.833477183,197.954467305,198.549277339,198.931573437,199.208306768,199.426318281,199.609798789,199.772998768,199.925456243,200.074543757,200.227001232,200.390201211,200.573681719,200.791693232,201.068426563,201.450722661,202.045532695,203.166522817,206.313751515	6	tan	0	308000
309260	0,1,2,3,4,5,6,7,8,9,10,11,12,13,14,15,16,17,18,19	193.686248485,196.833477183,197.954467305,198.549277339,198.931573437,199.208306768,199.426318281,199.609798789,199.772998768,199.925456243,200.074543757,200.227001232,200.390201211,200.573681719,200.791693232,201.068426563,201.450722661,202.045532695,203.166522817,206.313751515	6	tan	0	308000
308307	0,1,2,3,4,5,6,7,8,9,10,11,12,13,14,15,16,17,18,19	193.686248485,196.833477183,197.954467305,198.549277339,198.931573437,199.208306768,199.426318281,199.609798789,199.772998768,199.925456243,200.074543757,200.227001232,200.390201211,200.573681719,200.791693232,201.068426563,201.450722661,202.045532695,203.166522817,206.313751515	6	tan	0	308000
308066	0,1,2,3,4,5,6,7,8,9,10,11,12,13,14,15,16,17,18,19	193.686248485,196.833477183,197.954467305,198.549277339,198.931573437,199.208306768,199.426318281,199.609798789,199.772998768,199.925456243,200.074543757,200.227001232,200.390201211,200.573681719,200.791693232,201.068426563,201.450722661,202.045532695,203.166522817,206.313751515	6	tan	0	308000
311223	0,1,2,3,4,5,6,7,8,9,10,11,12,13,14,15,16,17,18,19	193.686248485,196.833477183,197.954467305,198.549277339,198.931573437,199.208306768,199.426318281,199.609798789,199.772998768,199.925456243,200.074543757,200.227001232,200.390201211,200.573681719,200.791693232,201.068426563,201.450722661,202.045532695,203.166522817,206.313751515	6	tan	0	308000
309101	0,1,2,3,4,5,6,7,8,9,10,11,12,13,14,15,16,17,18,19	193.686248485,196.833477183,197.954467305,198.549277339,198.931573437,199.208306768,199.426318281,199.609798789,199.772998768,199.925456243,200.074543757,200.227001232,200.390201211,200.573681719,200.791693232,201.068426563,201.450722661,202.045532695,203.166522817,206.313751515	6	tan	0	308000
311165	0,1,2,3,4,5,6,7,8,9,10,11,12,13,14,15,16,17,18,19	193.686248485,196.833477183,197.954467305,198.549277339,198.931573437,199.208306768,199.426318281,199.609798789,199.772998768,199.925456243,200.074543757,200.227001232,200.390201211,200.573681719,200.791693232,201.068426563,201.450722661,202.045532695,203.166522817,206.313751515	6	tan	0	308000
309151	0,1,2,3,4,5,6,7,8,9,10,11,12,13,14,15,16,17,18,19	193.686248485,196.833477183,197.954467305,198.549277339,198.931573437,199.208306768,199.426318281,199.609798789,199.772998768,199.925456243,200.074543757,200.227001232,200.390201211,200.573681719,200.791693232,201.068426563,201.450722661,202.045532695,203.166522817,206.313751515	6	tan	0	308000
309224	0,1,2,3,4,5,6,7,8,9,10,11,12,13,14,15,16,17,18,19	193.686248485,196.833477183,197.954467305,198.549277339,198.931573437,199.208306768,199.426318281,199.609798789,199.772998768,199.925456243,200.074543757,200.227001232,200.390201211,200.573681719,200.791693232,201.068426563,201.450722661,202.045532695,203.166522817,206.313751515	6	tan	0	308000
310956	0,1,2,3,4,5,6,7,8,9,10,11,12,13,14,15,16,17,18,19	193.686248485,196.833477183,197.954467305,198.549277339,198.931573437,199.208306768,199.426318281,199.609798789,199.772998768,199.925456243,200.074543757,200.227001232,200.390201211,200.573681719,200.791693232,201.068426563,201.450722661,202.045532695,203.166522817,206.313751515	6	tan	0	308000
308675	0,1,2,3,4,5,6,7,8,9,10,11,12,13,14,15,16,17,18,19	193.686248485,196.833477183,197.954467305,198.549277339,198.931573437,199.208306768,199.426318281,199.609798789,199.772998768,199.925456243,200.074543757,200.227001232,200.390201211,200.573681719,200.791693232,201.068426563,201.450722661,202.045532695,203.166522817,206.313751515	6	tan	0	308000
308484	0,1,2,3,4,5,6,7,8,9,10,11,12,13,14,15,16,17,18,19	193.686248485,196.833477183,197.954467305,198.549277339,198.931573437,199.208306768,199.426318281,199.609798789,199.772998768,199.925456243,200.074543757,200.227001232,200.390201211,200.573681719,200.791693232,201.068426563,201.450722661,202.045532695,203.166522817,206.313751515	6	tan	0	308000
310847	0,1,2,3,4,5,6,7,8,9,10,11,12,13,14,15,16,17,18,19	193.686248485,196.833477183,197.954467305,198.549277339,198.931573437,199.208306768,199.426318281,199.609798789,199.772998768,199.925456243,200.074543757,200.227001232,200.390201211,200.573681719,200.791693232,201.068426563,201.450722661,202.045532695,203.166522817,206.313751515	6	tan	0	308000
309644	0,1,2,3,4,5,6,7,8,9,10,11,12,13,14,15,16,17,18,19	193.686248485,196.833477183,197.954467305,198.549277339,198.931573437,199.208306768,199.426318281,199.609798789,199.772998768,199.925456243,200.074543757,200.227001232,200.390201211,200.573681719,200.791693232,201.068426563,201.450722661,202.045532695,203.166522817,206.313751515	6	tan	0	308000
309787	0,1,2,3,4,5,6,7,8,9,10,11,12,13,14,15,16,17,18,19	193.686248485,196.833477183,197.954467305,198.549277339,198.931573437,199.208306768,199.426318281,199.609798789,199.772998768,199.925456243,200.074543757,200.227001232,200.390201211,200.573681719,200.791693232,201.068426563,201.450722661,202.045532695,203.166522817,206.313751515	6	tan	0	308000
311264	0,1,2,3,4,5,6,7,8,9,10,11,12,13,14,15,16,17,18,19	193.686248485,196.833477183,197.954467305,198.549277339,198.931573437,199.208306768,199.426318281,199.609798789,199.772998768,199.925456243,200.074543757,200.227001232,200.390201211,200.573681719,200.791693232,201.068426563,201.450722661,202.045532695,203.166522817,206.313751515	6	tan	0	308000
311808	0,1,2,3,4,5,6,7,8,9,10,11,12,13,14,15,16,17,18,19	193.686248485,196.833477183,197.954467305,198.549277339,198.931573437,199.208306768,199.426318281,199.609798789,199.772998768,199.925456243,200.074543757,200.227001232,200.390201211,200.573681719,200.791693232,201.068426563,201.450722661,202.045532695,203.166522817,206.313751515	6	tan	0	308000
308893	0,1,2,3,4,5,6,7,8,9,10,11,12,13,14,15,16,17,18,19	193.686248485,196.833477183,197.954467305,198.549277339,198.931573437,199.208306768,199.426318281,199.609798789,199.772998768,199.925456243,200.074543757,200.227001232,200.390201211,200.573681719,200.791693232,201.068426563,201.450722661,202.045532695,203.166522817,206.313751515	6	tan	0	308000
311360	0,1,2,3,4,5,6,7,8,9,10,11,12,13,14,15,16,17,18,19	193.686248485,196.833477183,197.954467305,198.549277339,198.931573437,199.208306768,199.426318281,199.609798789,199.772998768,199.925456243,200.074543757,200.227001232,200.390201211,200.573681719,200.791693232,201.068426563,201.450722661,202.045532695,203.166522817,206.313751515	6	tan	0	308000
309294	0,1,2,3,4,5,6,7,8,9,10,11,12,13,14,15,16,17,18,19	193.686248485,196.833477183,197.954467305,198.549277339,198.931573437,199.208306768,199.426318281,199.609798789,199.772998768,199.925456243,200.074543757,200.227001232,200.390201211,200.573681719,200.791693232,201.068426563,201.450722661,202.045532695,203.166522817,206.313751515	6	tan	0	308000
310190	0,1,2,3,4,5,6,7,8,9,10,11,12,13,14,15,16,17,18,19	193.686248485,196.833477183,197.954467305,198.549277339,198.931573437,199.208306768,199.426318281,199.609798789,199.772998768,199.925456243,200.074543757,200.227001232,200.390201211,200.573681719,200.791693232,201.068426563,201.450722661,202.045532695,203.166522817,206.313751515	6	tan	0	308000
309548	0,1,2,3,4,5,6,7,8,9,10,11,12,13,14,15,16,17,18,19	193.686248485,196.833477183,197.954467305,198.549277339,198.931573437,199.208306768,199.426318281,199.609798789,199.772998768,199.925456243,200.074543757,200.227001232,200.390201211,200.573681719,200.791693232,201.068426563,201.450722661,202.045532695,203.166522817,206.313751515	6	tan	0	308000
309756	0,1,2,3,4,5,6,7,8,9,10,11,12,13,14,15,16,17,18,19	193.686248485,196.833477183,197.954467305,198.549277339,198.931573437,199.208306768,199.426318281,199.609798789,199.772998768,199.925456243,200.074543757,200.227001232,200.390201211,200.573681719,200.791693232,201.068426563,201.450722661,202.045532695,203.166522817,206.313751515	6	tan	0	308000
308933	0,1,2,3,4,5,6,7,8,9,10,11,12,13,14,15,16,17,18,19	193.686248485,196.833477183,197.954467305,198.549277339,198.931573437,199.208306768,199.426318281,199.609798789,199.772998768,199.925456243,200.074543757,200.227001232,200.390201211,200.573681719,200.791693232,201.068426563,201.450722661,202.045532695,203.166522817,206.313751515	6	tan	0	308000
308060	0,1,2,3,4,5,6,7,8,9,10,11,12,13,14,15,16,17,18,19	193.686248485,196.833477183,197.954467305,198.549277339,198.931573437,199.208306768,199.426318281,199.609798789,199.772998768,199.925456243,200.074543757,200.227001232,200.390201211,200.573681719,200.791693232,201.068426563,201.450722661,202.045532695,203.166522817,206.313751515	6	tan	0	308000
311579	0,1,2,3,4,5,6,7,8,9,10,11,12,13,14,15,16,17,18,19	193.686248485,196.833477183,197.954467305,198.549277339,198.931573437,199.208306768,199.426318281,199.609798789,199.772998768,199.925456243,200.074543757,200.227001232,200.390201211,200.573681719,200.791693232,201.068426563,201.450722661,202.045532695,203.166522817,206.313751515	6	tan	0	308000
310932	0,1,2,3,4,5,6,7,8,9,10,11,12,13,14,15,16,17,18,19	193.686248485,196.833477183,197.954467305,198.549277339,198.931573437,199.208306768,199.426318281,199.609798789,199.772998768,199.925456243,200.074543757,200.227001232,200.390201211,200.573681719,200.791693232,201.068426563,201.450722661,202.045532695,203.166522817,206.313751515	6	tan	0	308000
308185	0,1,2,3,4,5,6,7,8,9,10,11,12,13,14,15,16,17,18,19	193.686248485,196.833477183,197.954467305,198.549277339,198.931573437,199.208306768,199.426318281,199.609798789,199.772998768,199.925456243,200.074543757,200.227001232,200.390201211,200.573681719,200.791693232,201.068426563,201.450722661,202.045532695,203.166522817,206.313751515	6	tan	0	308000
311966	0,1,2,3,4,5,6,7,8,9,10,11,12,13,14,15,16,17,18,19	193.686248485,196.833477183,197.954467305,198.549277339,198.931573437,199.208306768,199.426318281,199.609798789,199.772998768,199.925456243,200.074543757,200.227001232,200.390201211,200.573681719,200.791693232,201.068426563,201.450722661,202.045532695,203.166522817,206.313751515	6	tan	0	308000
310247	0,1,2,3,4,5,6,7,8,9,10,11,12,13,14,15,16,17,18,19	193.686248485,196.833477183,197.954467305,198.549277339,198.931573437,199.208306768,199.426318281,199.609798789,199.772998768,199.925456243,200.074543757,200.227001232,200.390201211,200.573681719,200.791693232,201.068426563,201.450722661,202.045532695,203.166522817,206.313751515	6	tan	0	308000
310333	0,1,2,3,4,5,6,7,8,9,10,11,12,13,14,15,16,17,18,19	193.686248485,196.833477183,197.954467305,198.549277339,198.931573437,199.208306768,199.426318281,199.609798789,199.772998768,199.925456243,200.074543757,200.227001232,200.390201211,200.573681719,200.791693232,201.068426563,201.450722661,202.045532695,203.166522817,206.313751515	6	tan	0	308000
309567	0,1,2,3,4,5,6,7,8,9,10,11,12,13,14,15,16,17,18,19	193.686248485,196.833477183,197.954467305,198.549277339,198.931573437,199.208306768,199.426318281,199.609798789,199.772998768,199.925456243,200.074543757,200.227001232,200.390201211,200.573681719,200.791693232,201.068426563,201.450722661,202.045532695,203.166522817,206.313751515	6	tan	0	308000
308080	0,1,2,3,4,5,6,7,8,9,10,11,12,13,14,15,16,17,18,19	193.686248485,196.833477183,197.954467305,198.549277339,198.931573437,199.208306768,199.426318281,199.609798789,199.772998768,199.925456243,200.074543757,200.227001232,200.390201211,200.573681719,200.791693232,201.068426563,201.450722661,202.045532695,203.166522817,206.313751515	6	tan	0	308000
308500	0,1,2,3,4,5,6,7,8,9,10,11,12,13,14,15,16,17,18,19	193.686248485,196.833477183,197.954467305,198.549277339,198.931573437,199.208306768,199.426318281,199.609798789,199.772998768,199.925456243,200.074543757,200.227001232,200.390201211,200.573681719,200.791693232,201.068426563,201.450722661,202.045532695,203.166522817,206.313751515	6	tan	0	308000
308215	0,1,2,3,4,5,6,7,8,9,10,11,12,13,14,15,16,17,18,19	193.686248485,196.833477183,197.954467305,198.549277339,198.931573437,199.208306768,199.426318281,199.609798789,199.772998768,199.925456243,200.074543757,200.227001232,200.390201211,200.573681719,200.791693232,201.068426563,201.450722661,202.045532695,203.166522817,206.313751515	6	tan	0	308000
308595	0,1,2,3,4,5,6,7,8,9,10,11,12,13,14,15,16,17,18,19	193.686248485,196.833477183,197.954467305,198.549277339,198.931573437,199.208306768,199.426318281,199.609798789,199.772998768,199.925456243,200.074543757,200.227001232,200.390201211,200.573681719,200.791693232,201.068426563,201.450722661,202.045532695,203.166522817,206.313751515	6	tan	0	308000
311320	0,1,2,3,4,5,6,7,8,9,10,11,12,13,14,15,16,17,18,19	193.686248485,196.833477183,197.954467305,198.549277339,198.931573437,199.208306768,199.426318281,199.609798789,199.772998768,199.925456243,200.074543757,200.227001232,200.390201211,200.573681719,200.791693232,201.068426563,201.450722661,202.045532695,203.166522817,206.313751515	6	tan	0	308000
310355	0,1,2,3,4,5,6,7,8,9,10,11,12,13,14,15,16,17,18,19	193.686248485,196.833477183,197.954467305,198.549277339,198.931573437,199.208306768,199.426318281,199.609798789,199.772998768,199.925456243,200.074543757,200.227001232,200.390201211,200.573681719,200.791693232,201.068426563,201.450722661,202.045532695,203.166522817,206.313751515	6	tan	0	308000
311560	0,1,2,3,4,5,6,7,8,9,10,11,12,13,14,15,16,17,18,19	193.686248485,196.833477183,197.954467305,198.549277339,198.931573437,199.208306768,199.426318281,199.609798789,199.772998768,199.925456243,200.074543757,200.227001232,200.390201211,200.573681719,200.791693232,201.068426563,201.450722661,202.045532695,203.166522817,206.313751515	6	tan	0	308000
309416	0,1,2,3,4,5,6,7,8,9,10,11,12,13,14,15,16,17,18,19	193.686248485,196.833477183,197.954467305,198.549277339,198.931573437,199.208306768,199.426318281,199.609798789,199.772998768,199.925456243,200.074543757,200.227001232,200.390201211,200.573681719,200.791693232,201.068426563,201.450722661,202.045532695,203.166522817,206.313751515	6	tan	0	308000
309361	0,1,2,3,4,5,6,7,8,9,10,11,12,13,14,15,16,17,18,19	193.686248485,196.833477183,197.954467305,198.549277339,198.931573437,199.208306768,199.426318281,199.609798789,199.772998768,199.925456243,200.074543757,200.227001232,200.390201211,200.573681719,200.791693232,201.068426563,201.450722661,202.045532695,203.166522817,206.313751515	6	tan	0	308000
311982	0,1,2,3,4,5,6,7,8,9,10,11,12,13,14,15,16,17,18,19	193.686248485,196.833477183,197.954467305,198.549277339,198.931573437,199.208306768,199.426318281,199.609798789,199.772998768,199.925456243,200.074543757,200.227001232,200.390201211,200.573681719,200.791693232,201.068426563,201.450722661,202.045532695,203.166522817,206.313751515	6	tan	0	308000
308923	0,1,2,3,4,5,6,7,8,9,10,11,12,13,14,15,16,17,18,19	193.686248485,196.833477183,197.954467305,198.549277339,198.931573437,199.208306768,199.426318281,199.609798789,199.772998768,199.925456243,200.074543757,200.227001232,200.390201211,200.573681719,200.791693232,201.068426563,201.450722661,202.045532695,203.166522817,206.313751515	6	tan	0	308000
310890	0,1,2,3,4,5,6,7,8,9,10,11,12,13,14,15,16,17,18,19	193.686248485,196.833477183,197.954467305,198.549277339,198.931573437,199.208306768,199.426318281,199.609798789,199.772998768,199.925456243,200.074543757,200.227001232,200.390201211,200.573681719,200.791693232,201.068426563,201.450722661,202.045532695,203.166522817,206.313751515	6	tan	0	308000
311080	0,1,2,3,4,5,6,7,8,9,10,11,12,13,14,15,16,17,18,19	193.686248485,196.833477183,197.954467305,198.549277339,198.931573437,199.208306768,199.426318281,199.609798789,199.772998768,199.925456243,200.074543757,200.227001232,200.390201211,200.573681719,200.791693232,201.068426563,201.450722661,202.045532695,203.166522817,206.313751515	6	tan	0	308000
310808	0,1,2,3,4,5,6,7,8,9,10,11,12,13,14,15,16,17,18,19	193.686248485,196.833477183,197.954467305,198.549277339,198.931573437,199.208306768,199.426318281,199.609798789,199.772998768,199.925456243,200.074543757,200.227001232,200.390201211,200.573681719,200.791693232,201.068426563,201.450722661,202.045532695,203.166522817,206.313751515	6	tan	0	308000
309665	0,1,2,3,4,5,6,7,8,9,10,11,12,13,14,15,16,17,18,19	193.686248485,196.833477183,197.954467305,198.549277339,198.931573437,199.208306768,199.426318281,199.609798789,199.772998768,199.925456243,200.074543757,200.227001232,200.390201211,200.573681719,200.791693232,201.068426563,201.450722661,202.045532695,203.166522817,206.313751515	6	tan	0	308000
309518	0,1,2,3,4,5,6,7,8,9,10,11,12,13,14,15,16,17,18,19	193.686248485,196.833477183,197.954467305,198.549277339,198.931573437,199.208306768,199.426318281,199.609798789,199.772998768,199.925456243,200.074543757,200.227001232,200.390201211,200.573681719,200.791693232,201.068426563,201.450722661,202.045532695,203.166522817,206.313751515	6	tan	0	308000
308028	0,1,2,3,4,5,6,7,8,9,10,11,12,13,14,15,16,17,18,19	193.686248485,196.833477183,197.954467305,198.549277339,198.931573437,199.208306768,199.426318281,199.609798789,199.772998768,199.925456243,200.074543757,200.227001232,200.390201211,200.573681719,200.791693232,201.068426563,201.450722661,202.045532695,203.166522817,206.313751515	6	tan	0	308000
311805	0,1,2,3,4,5,6,7,8,9,10,11,12,13,14,15,16,17,18,19	193.686248485,196.833477183,197.954467305,198.549277339,198.931573437,199.208306768,199.426318281,199.609798789,199.772998768,199.925456243,200.074543757,200.227001232,200.390201211,200.573681719,200.791693232,201.068426563,201.450722661,202.045532695,203.166522817,206.313751515	6	tan	0	308000
311749	0,1,2,3,4,5,6,7,8,9,10,11,12,13,14,15,16,17,18,19	193.686248485,196.833477183,197.954467305,198.549277339,198.931573437,199.208306768,199.426318281,199.609798789,199.772998768,199.925456243,200.074543757,200.227001232,200.390201211,200.573681719,200.791693232,201.068426563,201.450722661,202.045532695,203.166522817,206.313751515	6	tan	0	308000
311766	0,1,2,3,4,5,6,7,8,9,10,11,12,13,14,15,16,17,18,19	193.686248485,196.833477183,197.954467305,198.549277339,198.931573437,199.208306768,199.426318281,199.609798789,199.772998768,199.925456243,200.074543757,200.227001232,200.390201211,200.573681719,200.791693232,201.068426563,201.450722661,202.045532695,203.166522817,206.313751515	6	tan	0	308000
310640	0,1,2,3,4,5,6,7,8,9,10,11,12,13,14,15,16,17,18,19	193.686248485,196.833477183,197.954467305,198.549277339,198.931573437,199.208306768,199.426318281,199.609798789,199.772998768,199.925456243,200.074543757,200.227001232,200.390201211,200.573681719,200.791693232,201.068426563,201.450722661,202.045532695,203.166522817,206.313751515	6	tan	0	308000
309800	0,1,2,3,4,5,6,7,8,9,10,11,12,13,14,15,16,17,18,19	193.686248485,196.833477183,197.954467305,198.549277339,198.931573437,199.208306768,199.426318281,199.609798789,199.772998768,199.925456243,200.074543757,200.227001232,200.390201211,200.573681719,200.791693232,201.068426563,201.450722661,202.045532695,203.166522817,206.313751515	6	tan	0	308000
310392	0,1,2,3,4,5,6,7,8,9,10,11,12,13,14,15,16,17,18,19	193.686248485,196.833477183,197.954467305,198.549277339,198.931573437,199.208306768,199.426318281,199.609798789,199.772998768,199.925456243,200.074543757,200.227001232,200.390201211,200.573681719,200.791693232,201.068426563,201.450722661,202.045532695,203.166522817,206.313751515	6	tan	0	308000
311211	0,1,2,3,4,5,6,7,8,9,10,11,12,13,14,15,16,17,18,19	193.686248485,196.833477183,197.954467305,198.549277339,198.931573437,199.208306768,199.426318281,199.609798789,199.772998768,199.925456243,200.074543757,200.227001232,200.390201211,200.573681719,200.791693232,201.068426563,201.450722661,202.045532695,203.166522817,206.313751515	6	tan	0	308000
309362	0,1,2,3,4,5,6,7,8,9,10,11,12,13,14,15,16,17,18,19	193.686248485,196.833477183,197.954467305,198.549277339,198.931573437,199.208306768,199.426318281,199.609798789,199.772998768,199.925456243,200.074543757,200.227001232,200.390201211,200.573681719,200.791693232,201.068426563,201.450722661,202.045532695,203.166522817,206.313751515	6	tan	0	308000
311904	0,1,2,3,4,5,6,7,8,9,10,11,12,13,14,15,16,17,18,19	193.686248485,196.833477183,197.954467305,198.549277339,198.931573437,199.208306768,199.426318281,199.609798789,199.772998768,199.925456243,200.074543757,200.227001232,200.390201211,200.573681719,200.791693232,201.068426563,201.450722661,202.045532695,203.166522817,206.313751515	6	tan	0	308000
310731	0,1,2,3,4,5,6,7,8,9,10,11,12,13,14,15,16,17,18,19	193.686248485,196.833477183,197.954467305,198.549277339,198.931573437,199.208306768,199.426318281,199.609798789,199.772998768,199.925456243,200.074543757,200.227001232,200.390201211,200.573681719,200.791693232,201.068426563,201.450722661,202.045532695,203.166522817,206.313751515	6	tan	0	308000
310172	0,1,2,3,4,5,6,7,8,9,10,11,12,13,14,15,16,17,18,19	193.686248485,196.833477183,197.954467305,198.549277339,198.931573437,199.208306768,199.426318281,199.609798789,199.772998768,199.925456243,200.074543757,200.227001232,200.390201211,200.573681719,200.791693232,201.068426563,201.450722661,202.045532695,203.166522817,206.313751515	6	tan	0	308000
309927	0,1,2,3,4,5,6,7,8,9,10,11,12,13,14,15,16,17,18,19	193.686248485,196.833477183,197.954467305,198.549277339,198.931573437,199.208306768,199.426318281,199.609798789,199.772998768,199.925456243,200.074543757,200.227001232,200.390201211,200.573681719,200.791693232,201.068426563,201.450722661,202.045532695,203.166522817,206.313751515	6	tan	0	308000
310477	0,1,2,3,4,5,6,7,8,9,10,11,12,13,14,15,16,17,18,19	193.686248485,196.833477183,197.954467305,198.549277339,198.931573437,199.208306768,199.426318281,199.609798789,199.772998768,199.925456243,200.074543757,200.227001232,200.390201211,200.573681719,200.791693232,201.068426563,201.450722661,202.045532695,203.166522817,206.313751515	6	tan	0	308000
310806	0,1,2,3,4,5,6,7,8,9,10,11,12,13,14,15,16,17,18,19	193.686248485,196.833477183,197.954467305,198.549277339,198.931573437,199.208306768,199.426318281,199.609798789,199.772998768,199.925456243,200.074543757,200.227001232,200.390201211,200.573681719,200.791693232,201.068426563,201.450722661,202.045532695,203.166522817,206.313751515	6	tan	0	308000
308439	0,1,2,3,4,5,6,7,8,9,10,11,12,13,14,15,16,17,18,19	193.686248485,196.833477183,197.954467305,198.549277339,198.931573437,199.208306768,199.426318281,199.609798789,199.772998768,199.925456243,200.074543757,200.227001232,200.390201211,200.573681719,200.791693232,201.068426563,201.450722661,202.045532695,203.166522817,206.313751515	6	tan	0	308000
309290	0,1,2,3,4,5,6,7,8,9,10,11,12,13,14,15,16,17,18,19	193.686248485,196.833477183,197.954467305,198.549277339,198.931573437,199.208306768,199.426318281,199.609798789,199.772998768,199.925456243,200.074543757,200.227001232,200.390201211,200.573681719,200.791693232,201.068426563,201.450722661,202.045532695,203.166522817,206.313751515	6	tan	0	308000
308660	0,1,2,3,4,5,6,7,8,9,10,11,12,13,14,15,16,17,18,19	193.686248485,196.833477183,197.954467305,198.549277339,198.931573437,199.208306768,199.426318281,199.609798789,199.772998768,199.925456243,200.074543757,200.227001232,200.390201211,200.573681719,200.791693232,201.068426563,201.450722661,202.045532695,203.166522817,206.313751515	6	tan	0	308000
308153	0,1,2,3,4,5,6,7,8,9,10,11,12,13,14,15,16,17,18,19	193.686248485,196.833477183,197.954467305,198.549277339,198.931573437,199.208306768,199.426318281,199.609798789,199.772998768,199.925456243,200.074543757,200.227001232,200.390201211,200.573681719,200.791693232,201.068426563,201.450722661,202.045532695,203.166522817,206.313751515	6	tan	0	308000
310892	0,1,2,3,4,5,6,7,8,9,10,11,12,13,14,15,16,17,18,19	193.686248485,196.833477183,197.954467305,198.549277339,198.931573437,199.208306768,199.426318281,199.609798789,199.772998768,199.925456243,200.074543757,200.227001232,200.390201211,200.573681719,200.791693232,201.068426563,201.450722661,202.045532695,203.166522817,206.313751515	6	tan	0	308000
311198	0,1,2,3,4,5,6,7,8,9,10,11,12,13,14,15,16,17,18,19	193.686248485,196.833477183,197.954467305,198.549277339,198.931573437,199.208306768,199.426318281,199.609798789,199.772998768,199.925456243,200.074543757,200.227001232,200.390201211,200.573681719,200.791693232,201.068426563,201.450722661,202.045532695,203.166522817,206.313751515	6	tan	0	308000
309513	0,1,2,3,4,5,6,7,8,9,10,11,12,13,14,15,16,17,18,19	193.686248485,196.833477183,197.954467305,198.549277339,198.931573437,199.208306768,199.426318281,199.609798789,199.772998768,199.925456243,200.074543757,200.227001232,200.390201211,200.573681719,200.791693232,201.068426563,201.450722661,202.045532695,203.166522817,206.313751515	6	tan	0	308000
311089	0,1,2,3,4,5,6,7,8,9,10,11,12,13,14,15,16,17,18,19	193.686248485,196.833477183,197.954467305,198.549277339,198.931573437,199.208306768,199.426318281,199.609798789,199.772998768,199.925456243,200.074543757,200.227001232,200.390201211,200.573681719,200.791693232,201.068426563,201.450722661,202.045532695,203.166522817,206.313751515	6	tan	0	308000
310239	0,1,2,3,4,5,6,7,8,9,10,11,12,13,14,15,16,17,18,19	193.686248485,196.833477183,197.954467305,198.549277339,198.931573437,199.208306768,199.426318281,199.609798789,199.772998768,199.925456243,200.074543757,200.227001232,200.390201211,200.573681719,200.791693232,201.068426563,201.450722661,202.045532695,203.166522817,206.313751515	6	tan	0	308000
308213	0,1,2,3,4,5,6,7,8,9,10,11,12,13,14,15,16,17,18,19	193.686248485,196.833477183,197.954467305,198.549277339,198.931573437,199.208306768,199.426318281,199.609798789,199.772998768,199.925456243,200.074543757,200.227001232,200.390201211,200.573681719,200.791693232,201.068426563,201.450722661,202.045532695,203.166522817,206.313751515	6	tan	0	308000
308842	0,1,2,3,4,5,6,7,8,9,10,11,12,13,14,15,16,17,18,19	193.686248485,196.833477183,197.954467305,198.549277339,198.931573437,199.208306768,199.426318281,199.609798789,199.772998768,199.925456243,200.074543757,200.227001232,200.390201211,200.573681719,200.791693232,201.068426563,201.450722661,202.045532695,203.166522817,206.313751515	6	tan	0	308000
310916	0,1,2,3,4,5,6,7,8,9,10,11,12,13,14,15,16,17,18,19	193.686248485,196.833477183,197.954467305,198.549277339,198.931573437,199.208306768,199.426318281,199.609798789,199.772998768,199.925456243,200.074543757,200.227001232,200.390201211,200.573681719,200.791693232,201.068426563,201.450722661,202.045532695,203.166522817,206.313751515	6	tan	0	308000
308441	0,1,2,3,4,5,6,7,8,9,10,11,12,13,14,15,16,17,18,19	193.686248485,196.833477183,197.954467305,198.549277339,198.931573437,199.208306768,199.426318281,199.609798789,199.772998768,199.925456243,200.074543757,200.227001232,200.390201211,200.573681719,200.791693232,201.068426563,201.450722661,202.045532695,203.166522817,206.313751515	6	tan	0	308000
310117	0,1,2,3,4,5,6,7,8,9,10,11,12,13,14,15,16,17,18,19	193.686248485,196.833477183,197.954467305,198.549277339,198.931573437,199.208306768,199.426318281,199.609798789,199.772998768,199.925456243,200.074543757,200.227001232,200.390201211,200.573681719,200.791693232,201.068426563,201.450722661,202.045532695,203.166522817,206.313751515	6	tan	0	308000
309732	0,1,2,3,4,5,6,7,8,9,10,11,12,13,14,15,16,17,18,19	193.686248485,196.833477183,197.954467305,198.549277339,198.931573437,199.208306768,199.426318281,199.609798789,199.772998768,199.925456243,200.074543757,200.227001232,200.390201211,200.573681719,200.791693232,201.068426563,201.450722661,202.045532695,203.166522817,206.313751515	6	tan	0	308000
310123	0,1,2,3,4,5,6,7,8,9,10,11,12,13,14,15,16,17,18,19	193.686248485,196.833477183,197.954467305,198.549277339,198.931573437,199.208306768,199.426318281,199.609798789,199.772998768,199.925456243,200.074543757,200.227001232,200.390201211,200.573681719,200.791693232,201.068426563,201.450722661,202.045532695,203.166522817,206.313751515	6	tan	0	308000
308341	0,1,2,3,4,5,6,7,8,9,10,11,12,13,14,15,16,17,18,19	193.686248485,196.833477183,197.954467305,198.549277339,198.931573437,199.208306768,199.426318281,199.609798789,199.772998768,199.925456243,200.074543757,200.227001232,200.390201211,200.573681719,200.791693232,201.068426563,201.450722661,202.045532695,203.166522817,206.313751515	6	tan	0	308000
309186	0,1,2,3,4,5,6,7,8,9,10,11,12,13,14,15,16,17,18,19	193.686248485,196.833477183,197.954467305,198.549277339,198.931573437,199.208306768,199.426318281,199.609798789,199.772998768,199.925456243,200.074543757,200.227001232,200.390201211,200.573681719,200.791693232,201.068426563,201.450722661,202.045532695,203.166522817,206.313751515	6	tan	0	308000
309492	0,1,2,3,4,5,6,7,8,9,10,11,12,13,14,15,16,17,18,19	193.686248485,196.833477183,197.954467305,198.549277339,198.931573437,199.208306768,199.426318281,199.609798789,199.772998768,199.925456243,200.074543757,200.227001232,200.390201211,200.573681719,200.791693232,201.068426563,201.450722661,202.045532695,203.166522817,206.313751515	6	tan	0	308000
311207	0,1,2,3,4,5,6,7,8,9,10,11,12,13,14,15,16,17,18,19	193.686248485,196.833477183,197.954467305,198.549277339,198.931573437,199.208306768,199.426318281,199.609798789,199.772998768,199.925456243,200.074543757,200.227001232,200.390201211,200.573681719,200.791693232,201.068426563,201.450722661,202.045532695,203.166522817,206.313751515	6	tan	0	308000
309338	0,1,2,3,4,5,6,7,8,9,10,11,12,13,14,15,16,17,18,19	193.686248485,196.833477183,197.954467305,198.549277339,198.931573437,199.208306768,199.426318281,199.609798789,199.772998768,199.925456243,200.074543757,200.227001232,200.390201211,200.573681719,200.791693232,201.068426563,201.450722661,202.045532695,203.166522817,206.313751515	6	tan	0	308000
310395	0,1,2,3,4,5,6,7,8,9,10,11,12,13,14,15,16,17,18,19	193.686248485,196.833477183,197.954467305,198.549277339,198.931573437,199.208306768,199.426318281,199.609798789,199.772998768,199.925456243,200.074543757,200.227001232,200.390201211,200.573681719,200.791693232,201.068426563,201.450722661,202.045532695,203.166522817,206.313751515	6	tan	0	308000
311044	0,1,2,3,4,5,6,7,8,9,10,11,12,13,14,15,16,17,18,19	193.686248485,196.833477183,197.954467305,198.549277339,198.931573437,199.208306768,199.426318281,199.609798789,199.772998768,199.925456243,200.074543757,200.227001232,200.390201211,200.573681719,200.791693232,201.068426563,201.450722661,202.045532695,203.166522817,206.313751515	6	tan	0	308000
311662	0,1,2,3,4,5,6,7,8,9,10,11,12,13,14,15,16,17,18,19	193.686248485,196.833477183,197.954467305,198.549277339,198.931573437,199.208306768,199.426318281,199.609798789,199.772998768,199.925456243,200.074543757,200.227001232,200.390201211,200.573681719,200.791693232,201.068426563,201.450722661,202.045532695,203.166522817,206.313751515	6	tan	0	308000
310133	0,1,2,3,4,5,6,7,8,9,10,11,12,13,14,15,16,17,18,19	193.686248485,196.833477183,197.954467305,198.549277339,198.931573437,199.208306768,199.426318281,199.609798789,199.772998768,199.925456243,200.074543757,200.227001232,200.390201211,200.573681719,200.791693232,201.068426563,201.450722661,202.045532695,203.166522817,206.313751515	6	tan	0	308000
310299	0,1,2,3,4,5,6,7,8,9,10,11,12,13,14,15,16,17,18,19	193.686248485,196.833477183,197.954467305,198.549277339,198.931573437,199.208306768,199.426318281,199.609798789,199.772998768,199.925456243,200.074543757,200.227001232,200.390201211,200.573681719,200.791693232,201.068426563,201.450722661,202.045532695,203.166522817,206.313751515	6	tan	0	308000
308633	0,1,2,3,4,5,6,7,8,9,10,11,12,13,14,15,16,17,18,19	193.686248485,196.833477183,197.954467305,198.549277339,198.931573437,199.208306768,199.426318281,199.609798789,199.772998768,199.925456243,200.074543757,200.227001232,200.390201211,200.573681719,200.791693232,201.068426563,201.450722661,202.045532695,203.166522817,206.313751515	6	tan	0	308000
308510	0,1,2,3,4,5,6,7,8,9,10,11,12,13,14,15,16,17,18,19	193.686248485,196.833477183,197.954467305,198.549277339,198.931573437,199.208306768,199.426318281,199.609798789,199.772998768,199.925456243,200.074543757,200.227001232,200.390201211,200.573681719,200.791693232,201.068426563,201.450722661,202.045532695,203.166522817,206.313751515	6	tan	0	308000
264479	0,1,2,3,4,5,6,7,8,9,10,11,12,13,14,15,16,17,18,19	0.0771139498146,0.221592420597,0.56979930119,1.31109445469,2.69954832566,4.97385693964,8.2005037338,12.098536226,15.9724002761,18.8691613846,19.9471140201,18.8691613846,15.9724002761,12.098536226,8.2005037338,4.97385693964,2.69954832566,1.31109445469,0.56979930119,0.221592420597	4	norm	0	264000
266326	0,1,2,3,4,5,6,7,8,9,10,11,12,13,14,15,16,17,18,19	0.0771139498146,0.221592420597,0.56979930119,1.31109445469,2.69954832566,4.97385693964,8.2005037338,12.098536226,15.9724002761,18.8691613846,19.9471140201,18.8691613846,15.9724002761,12.098536226,8.2005037338,4.97385693964,2.69954832566,1.31109445469,0.56979930119,0.221592420597	4	norm	0	264000
267550	0,1,2,3,4,5,6,7,8,9,10,11,12,13,14,15,16,17,18,19	0.0771139498146,0.221592420597,0.56979930119,1.31109445469,2.69954832566,4.97385693964,8.2005037338,12.098536226,15.9724002761,18.8691613846,19.9471140201,18.8691613846,15.9724002761,12.098536226,8.2005037338,4.97385693964,2.69954832566,1.31109445469,0.56979930119,0.221592420597	4	norm	0	264000
266919	0,1,2,3,4,5,6,7,8,9,10,11,12,13,14,15,16,17,18,19	0.0771139498146,0.221592420597,0.56979930119,1.31109445469,2.69954832566,4.97385693964,8.2005037338,12.098536226,15.9724002761,18.8691613846,19.9471140201,18.8691613846,15.9724002761,12.098536226,8.2005037338,4.97385693964,2.69954832566,1.31109445469,0.56979930119,0.221592420597	4	norm	0	264000
266339	0,1,2,3,4,5,6,7,8,9,10,11,12,13,14,15,16,17,18,19	0.0771139498146,0.221592420597,0.56979930119,1.31109445469,2.69954832566,4.97385693964,8.2005037338,12.098536226,15.9724002761,18.8691613846,19.9471140201,18.8691613846,15.9724002761,12.098536226,8.2005037338,4.97385693964,2.69954832566,1.31109445469,0.56979930119,0.221592420597	4	norm	0	264000
265268	0,1,2,3,4,5,6,7,8,9,10,11,12,13,14,15,16,17,18,19	0.0771139498146,0.221592420597,0.56979930119,1.31109445469,2.69954832566,4.97385693964,8.2005037338,12.098536226,15.9724002761,18.8691613846,19.9471140201,18.8691613846,15.9724002761,12.098536226,8.2005037338,4.97385693964,2.69954832566,1.31109445469,0.56979930119,0.221592420597	4	norm	0	264000
265687	0,1,2,3,4,5,6,7,8,9,10,11,12,13,14,15,16,17,18,19	0.0771139498146,0.221592420597,0.56979930119,1.31109445469,2.69954832566,4.97385693964,8.2005037338,12.098536226,15.9724002761,18.8691613846,19.9471140201,18.8691613846,15.9724002761,12.098536226,8.2005037338,4.97385693964,2.69954832566,1.31109445469,0.56979930119,0.221592420597	4	norm	0	264000
266576	0,1,2,3,4,5,6,7,8,9,10,11,12,13,14,15,16,17,18,19	0.0771139498146,0.221592420597,0.56979930119,1.31109445469,2.69954832566,4.97385693964,8.2005037338,12.098536226,15.9724002761,18.8691613846,19.9471140201,18.8691613846,15.9724002761,12.098536226,8.2005037338,4.97385693964,2.69954832566,1.31109445469,0.56979930119,0.221592420597	4	norm	0	264000
265457	0,1,2,3,4,5,6,7,8,9,10,11,12,13,14,15,16,17,18,19	0.0771139498146,0.221592420597,0.56979930119,1.31109445469,2.69954832566,4.97385693964,8.2005037338,12.098536226,15.9724002761,18.8691613846,19.9471140201,18.8691613846,15.9724002761,12.098536226,8.2005037338,4.97385693964,2.69954832566,1.31109445469,0.56979930119,0.221592420597	4	norm	0	264000
264014	0,1,2,3,4,5,6,7,8,9,10,11,12,13,14,15,16,17,18,19	0.0771139498146,0.221592420597,0.56979930119,1.31109445469,2.69954832566,4.97385693964,8.2005037338,12.098536226,15.9724002761,18.8691613846,19.9471140201,18.8691613846,15.9724002761,12.098536226,8.2005037338,4.97385693964,2.69954832566,1.31109445469,0.56979930119,0.221592420597	4	norm	0	264000
266869	0,1,2,3,4,5,6,7,8,9,10,11,12,13,14,15,16,17,18,19	0.0771139498146,0.221592420597,0.56979930119,1.31109445469,2.69954832566,4.97385693964,8.2005037338,12.098536226,15.9724002761,18.8691613846,19.9471140201,18.8691613846,15.9724002761,12.098536226,8.2005037338,4.97385693964,2.69954832566,1.31109445469,0.56979930119,0.221592420597	4	norm	0	264000
265462	0,1,2,3,4,5,6,7,8,9,10,11,12,13,14,15,16,17,18,19	0.0771139498146,0.221592420597,0.56979930119,1.31109445469,2.69954832566,4.97385693964,8.2005037338,12.098536226,15.9724002761,18.8691613846,19.9471140201,18.8691613846,15.9724002761,12.098536226,8.2005037338,4.97385693964,2.69954832566,1.31109445469,0.56979930119,0.221592420597	4	norm	0	264000
267285	0,1,2,3,4,5,6,7,8,9,10,11,12,13,14,15,16,17,18,19	0.0771139498146,0.221592420597,0.56979930119,1.31109445469,2.69954832566,4.97385693964,8.2005037338,12.098536226,15.9724002761,18.8691613846,19.9471140201,18.8691613846,15.9724002761,12.098536226,8.2005037338,4.97385693964,2.69954832566,1.31109445469,0.56979930119,0.221592420597	4	norm	0	264000
266916	0,1,2,3,4,5,6,7,8,9,10,11,12,13,14,15,16,17,18,19	0.0771139498146,0.221592420597,0.56979930119,1.31109445469,2.69954832566,4.97385693964,8.2005037338,12.098536226,15.9724002761,18.8691613846,19.9471140201,18.8691613846,15.9724002761,12.098536226,8.2005037338,4.97385693964,2.69954832566,1.31109445469,0.56979930119,0.221592420597	4	norm	0	264000
266775	0,1,2,3,4,5,6,7,8,9,10,11,12,13,14,15,16,17,18,19	0.0771139498146,0.221592420597,0.56979930119,1.31109445469,2.69954832566,4.97385693964,8.2005037338,12.098536226,15.9724002761,18.8691613846,19.9471140201,18.8691613846,15.9724002761,12.098536226,8.2005037338,4.97385693964,2.69954832566,1.31109445469,0.56979930119,0.221592420597	4	norm	0	264000
266032	0,1,2,3,4,5,6,7,8,9,10,11,12,13,14,15,16,17,18,19	0.0771139498146,0.221592420597,0.56979930119,1.31109445469,2.69954832566,4.97385693964,8.2005037338,12.098536226,15.9724002761,18.8691613846,19.9471140201,18.8691613846,15.9724002761,12.098536226,8.2005037338,4.97385693964,2.69954832566,1.31109445469,0.56979930119,0.221592420597	4	norm	0	264000
266130	0,1,2,3,4,5,6,7,8,9,10,11,12,13,14,15,16,17,18,19	0.0771139498146,0.221592420597,0.56979930119,1.31109445469,2.69954832566,4.97385693964,8.2005037338,12.098536226,15.9724002761,18.8691613846,19.9471140201,18.8691613846,15.9724002761,12.098536226,8.2005037338,4.97385693964,2.69954832566,1.31109445469,0.56979930119,0.221592420597	4	norm	0	264000
265928	0,1,2,3,4,5,6,7,8,9,10,11,12,13,14,15,16,17,18,19	0.0771139498146,0.221592420597,0.56979930119,1.31109445469,2.69954832566,4.97385693964,8.2005037338,12.098536226,15.9724002761,18.8691613846,19.9471140201,18.8691613846,15.9724002761,12.098536226,8.2005037338,4.97385693964,2.69954832566,1.31109445469,0.56979930119,0.221592420597	4	norm	0	264000
267871	0,1,2,3,4,5,6,7,8,9,10,11,12,13,14,15,16,17,18,19	0.0771139498146,0.221592420597,0.56979930119,1.31109445469,2.69954832566,4.97385693964,8.2005037338,12.098536226,15.9724002761,18.8691613846,19.9471140201,18.8691613846,15.9724002761,12.098536226,8.2005037338,4.97385693964,2.69954832566,1.31109445469,0.56979930119,0.221592420597	4	norm	0	264000
266558	0,1,2,3,4,5,6,7,8,9,10,11,12,13,14,15,16,17,18,19	0.0771139498146,0.221592420597,0.56979930119,1.31109445469,2.69954832566,4.97385693964,8.2005037338,12.098536226,15.9724002761,18.8691613846,19.9471140201,18.8691613846,15.9724002761,12.098536226,8.2005037338,4.97385693964,2.69954832566,1.31109445469,0.56979930119,0.221592420597	4	norm	0	264000
265417	0,1,2,3,4,5,6,7,8,9,10,11,12,13,14,15,16,17,18,19	0.0771139498146,0.221592420597,0.56979930119,1.31109445469,2.69954832566,4.97385693964,8.2005037338,12.098536226,15.9724002761,18.8691613846,19.9471140201,18.8691613846,15.9724002761,12.098536226,8.2005037338,4.97385693964,2.69954832566,1.31109445469,0.56979930119,0.221592420597	4	norm	0	264000
267684	0,1,2,3,4,5,6,7,8,9,10,11,12,13,14,15,16,17,18,19	0.0771139498146,0.221592420597,0.56979930119,1.31109445469,2.69954832566,4.97385693964,8.2005037338,12.098536226,15.9724002761,18.8691613846,19.9471140201,18.8691613846,15.9724002761,12.098536226,8.2005037338,4.97385693964,2.69954832566,1.31109445469,0.56979930119,0.221592420597	4	norm	0	264000
264240	0,1,2,3,4,5,6,7,8,9,10,11,12,13,14,15,16,17,18,19	0.0771139498146,0.221592420597,0.56979930119,1.31109445469,2.69954832566,4.97385693964,8.2005037338,12.098536226,15.9724002761,18.8691613846,19.9471140201,18.8691613846,15.9724002761,12.098536226,8.2005037338,4.97385693964,2.69954832566,1.31109445469,0.56979930119,0.221592420597	4	norm	0	264000
264531	0,1,2,3,4,5,6,7,8,9,10,11,12,13,14,15,16,17,18,19	0.0771139498146,0.221592420597,0.56979930119,1.31109445469,2.69954832566,4.97385693964,8.2005037338,12.098536226,15.9724002761,18.8691613846,19.9471140201,18.8691613846,15.9724002761,12.098536226,8.2005037338,4.97385693964,2.69954832566,1.31109445469,0.56979930119,0.221592420597	4	norm	0	264000
266611	0,1,2,3,4,5,6,7,8,9,10,11,12,13,14,15,16,17,18,19	0.0771139498146,0.221592420597,0.56979930119,1.31109445469,2.69954832566,4.97385693964,8.2005037338,12.098536226,15.9724002761,18.8691613846,19.9471140201,18.8691613846,15.9724002761,12.098536226,8.2005037338,4.97385693964,2.69954832566,1.31109445469,0.56979930119,0.221592420597	4	norm	0	264000
267579	0,1,2,3,4,5,6,7,8,9,10,11,12,13,14,15,16,17,18,19	0.0771139498146,0.221592420597,0.56979930119,1.31109445469,2.69954832566,4.97385693964,8.2005037338,12.098536226,15.9724002761,18.8691613846,19.9471140201,18.8691613846,15.9724002761,12.098536226,8.2005037338,4.97385693964,2.69954832566,1.31109445469,0.56979930119,0.221592420597	4	norm	0	264000
267134	0,1,2,3,4,5,6,7,8,9,10,11,12,13,14,15,16,17,18,19	0.0771139498146,0.221592420597,0.56979930119,1.31109445469,2.69954832566,4.97385693964,8.2005037338,12.098536226,15.9724002761,18.8691613846,19.9471140201,18.8691613846,15.9724002761,12.098536226,8.2005037338,4.97385693964,2.69954832566,1.31109445469,0.56979930119,0.221592420597	4	norm	0	264000
264104	0,1,2,3,4,5,6,7,8,9,10,11,12,13,14,15,16,17,18,19	0.0771139498146,0.221592420597,0.56979930119,1.31109445469,2.69954832566,4.97385693964,8.2005037338,12.098536226,15.9724002761,18.8691613846,19.9471140201,18.8691613846,15.9724002761,12.098536226,8.2005037338,4.97385693964,2.69954832566,1.31109445469,0.56979930119,0.221592420597	4	norm	0	264000
264109	0,1,2,3,4,5,6,7,8,9,10,11,12,13,14,15,16,17,18,19	0.0771139498146,0.221592420597,0.56979930119,1.31109445469,2.69954832566,4.97385693964,8.2005037338,12.098536226,15.9724002761,18.8691613846,19.9471140201,18.8691613846,15.9724002761,12.098536226,8.2005037338,4.97385693964,2.69954832566,1.31109445469,0.56979930119,0.221592420597	4	norm	0	264000
264214	0,1,2,3,4,5,6,7,8,9,10,11,12,13,14,15,16,17,18,19	0.0771139498146,0.221592420597,0.56979930119,1.31109445469,2.69954832566,4.97385693964,8.2005037338,12.098536226,15.9724002761,18.8691613846,19.9471140201,18.8691613846,15.9724002761,12.098536226,8.2005037338,4.97385693964,2.69954832566,1.31109445469,0.56979930119,0.221592420597	4	norm	0	264000
267106	0,1,2,3,4,5,6,7,8,9,10,11,12,13,14,15,16,17,18,19	0.0771139498146,0.221592420597,0.56979930119,1.31109445469,2.69954832566,4.97385693964,8.2005037338,12.098536226,15.9724002761,18.8691613846,19.9471140201,18.8691613846,15.9724002761,12.098536226,8.2005037338,4.97385693964,2.69954832566,1.31109445469,0.56979930119,0.221592420597	4	norm	0	264000
265794	0,1,2,3,4,5,6,7,8,9,10,11,12,13,14,15,16,17,18,19	0.0771139498146,0.221592420597,0.56979930119,1.31109445469,2.69954832566,4.97385693964,8.2005037338,12.098536226,15.9724002761,18.8691613846,19.9471140201,18.8691613846,15.9724002761,12.098536226,8.2005037338,4.97385693964,2.69954832566,1.31109445469,0.56979930119,0.221592420597	4	norm	0	264000
265876	0,1,2,3,4,5,6,7,8,9,10,11,12,13,14,15,16,17,18,19	0.0771139498146,0.221592420597,0.56979930119,1.31109445469,2.69954832566,4.97385693964,8.2005037338,12.098536226,15.9724002761,18.8691613846,19.9471140201,18.8691613846,15.9724002761,12.098536226,8.2005037338,4.97385693964,2.69954832566,1.31109445469,0.56979930119,0.221592420597	4	norm	0	264000
266633	0,1,2,3,4,5,6,7,8,9,10,11,12,13,14,15,16,17,18,19	0.0771139498146,0.221592420597,0.56979930119,1.31109445469,2.69954832566,4.97385693964,8.2005037338,12.098536226,15.9724002761,18.8691613846,19.9471140201,18.8691613846,15.9724002761,12.098536226,8.2005037338,4.97385693964,2.69954832566,1.31109445469,0.56979930119,0.221592420597	4	norm	0	264000
265311	0,1,2,3,4,5,6,7,8,9,10,11,12,13,14,15,16,17,18,19	0.0771139498146,0.221592420597,0.56979930119,1.31109445469,2.69954832566,4.97385693964,8.2005037338,12.098536226,15.9724002761,18.8691613846,19.9471140201,18.8691613846,15.9724002761,12.098536226,8.2005037338,4.97385693964,2.69954832566,1.31109445469,0.56979930119,0.221592420597	4	norm	0	264000
264614	0,1,2,3,4,5,6,7,8,9,10,11,12,13,14,15,16,17,18,19	0.0771139498146,0.221592420597,0.56979930119,1.31109445469,2.69954832566,4.97385693964,8.2005037338,12.098536226,15.9724002761,18.8691613846,19.9471140201,18.8691613846,15.9724002761,12.098536226,8.2005037338,4.97385693964,2.69954832566,1.31109445469,0.56979930119,0.221592420597	4	norm	0	264000
266461	0,1,2,3,4,5,6,7,8,9,10,11,12,13,14,15,16,17,18,19	0.0771139498146,0.221592420597,0.56979930119,1.31109445469,2.69954832566,4.97385693964,8.2005037338,12.098536226,15.9724002761,18.8691613846,19.9471140201,18.8691613846,15.9724002761,12.098536226,8.2005037338,4.97385693964,2.69954832566,1.31109445469,0.56979930119,0.221592420597	4	norm	0	264000
264385	0,1,2,3,4,5,6,7,8,9,10,11,12,13,14,15,16,17,18,19	0.0771139498146,0.221592420597,0.56979930119,1.31109445469,2.69954832566,4.97385693964,8.2005037338,12.098536226,15.9724002761,18.8691613846,19.9471140201,18.8691613846,15.9724002761,12.098536226,8.2005037338,4.97385693964,2.69954832566,1.31109445469,0.56979930119,0.221592420597	4	norm	0	264000
267801	0,1,2,3,4,5,6,7,8,9,10,11,12,13,14,15,16,17,18,19	0.0771139498146,0.221592420597,0.56979930119,1.31109445469,2.69954832566,4.97385693964,8.2005037338,12.098536226,15.9724002761,18.8691613846,19.9471140201,18.8691613846,15.9724002761,12.098536226,8.2005037338,4.97385693964,2.69954832566,1.31109445469,0.56979930119,0.221592420597	4	norm	0	264000
264280	0,1,2,3,4,5,6,7,8,9,10,11,12,13,14,15,16,17,18,19	0.0771139498146,0.221592420597,0.56979930119,1.31109445469,2.69954832566,4.97385693964,8.2005037338,12.098536226,15.9724002761,18.8691613846,19.9471140201,18.8691613846,15.9724002761,12.098536226,8.2005037338,4.97385693964,2.69954832566,1.31109445469,0.56979930119,0.221592420597	4	norm	0	264000
264267	0,1,2,3,4,5,6,7,8,9,10,11,12,13,14,15,16,17,18,19	0.0771139498146,0.221592420597,0.56979930119,1.31109445469,2.69954832566,4.97385693964,8.2005037338,12.098536226,15.9724002761,18.8691613846,19.9471140201,18.8691613846,15.9724002761,12.098536226,8.2005037338,4.97385693964,2.69954832566,1.31109445469,0.56979930119,0.221592420597	4	norm	0	264000
265023	0,1,2,3,4,5,6,7,8,9,10,11,12,13,14,15,16,17,18,19	0.0771139498146,0.221592420597,0.56979930119,1.31109445469,2.69954832566,4.97385693964,8.2005037338,12.098536226,15.9724002761,18.8691613846,19.9471140201,18.8691613846,15.9724002761,12.098536226,8.2005037338,4.97385693964,2.69954832566,1.31109445469,0.56979930119,0.221592420597	4	norm	0	264000
266868	0,1,2,3,4,5,6,7,8,9,10,11,12,13,14,15,16,17,18,19	0.0771139498146,0.221592420597,0.56979930119,1.31109445469,2.69954832566,4.97385693964,8.2005037338,12.098536226,15.9724002761,18.8691613846,19.9471140201,18.8691613846,15.9724002761,12.098536226,8.2005037338,4.97385693964,2.69954832566,1.31109445469,0.56979930119,0.221592420597	4	norm	0	264000
266984	0,1,2,3,4,5,6,7,8,9,10,11,12,13,14,15,16,17,18,19	0.0771139498146,0.221592420597,0.56979930119,1.31109445469,2.69954832566,4.97385693964,8.2005037338,12.098536226,15.9724002761,18.8691613846,19.9471140201,18.8691613846,15.9724002761,12.098536226,8.2005037338,4.97385693964,2.69954832566,1.31109445469,0.56979930119,0.221592420597	4	norm	0	264000
266252	0,1,2,3,4,5,6,7,8,9,10,11,12,13,14,15,16,17,18,19	0.0771139498146,0.221592420597,0.56979930119,1.31109445469,2.69954832566,4.97385693964,8.2005037338,12.098536226,15.9724002761,18.8691613846,19.9471140201,18.8691613846,15.9724002761,12.098536226,8.2005037338,4.97385693964,2.69954832566,1.31109445469,0.56979930119,0.221592420597	4	norm	0	264000
266520	0,1,2,3,4,5,6,7,8,9,10,11,12,13,14,15,16,17,18,19	0.0771139498146,0.221592420597,0.56979930119,1.31109445469,2.69954832566,4.97385693964,8.2005037338,12.098536226,15.9724002761,18.8691613846,19.9471140201,18.8691613846,15.9724002761,12.098536226,8.2005037338,4.97385693964,2.69954832566,1.31109445469,0.56979930119,0.221592420597	4	norm	0	264000
265437	0,1,2,3,4,5,6,7,8,9,10,11,12,13,14,15,16,17,18,19	0.0771139498146,0.221592420597,0.56979930119,1.31109445469,2.69954832566,4.97385693964,8.2005037338,12.098536226,15.9724002761,18.8691613846,19.9471140201,18.8691613846,15.9724002761,12.098536226,8.2005037338,4.97385693964,2.69954832566,1.31109445469,0.56979930119,0.221592420597	4	norm	0	264000
265217	0,1,2,3,4,5,6,7,8,9,10,11,12,13,14,15,16,17,18,19	0.0771139498146,0.221592420597,0.56979930119,1.31109445469,2.69954832566,4.97385693964,8.2005037338,12.098536226,15.9724002761,18.8691613846,19.9471140201,18.8691613846,15.9724002761,12.098536226,8.2005037338,4.97385693964,2.69954832566,1.31109445469,0.56979930119,0.221592420597	4	norm	0	264000
264714	0,1,2,3,4,5,6,7,8,9,10,11,12,13,14,15,16,17,18,19	0.0771139498146,0.221592420597,0.56979930119,1.31109445469,2.69954832566,4.97385693964,8.2005037338,12.098536226,15.9724002761,18.8691613846,19.9471140201,18.8691613846,15.9724002761,12.098536226,8.2005037338,4.97385693964,2.69954832566,1.31109445469,0.56979930119,0.221592420597	4	norm	0	264000
265136	0,1,2,3,4,5,6,7,8,9,10,11,12,13,14,15,16,17,18,19	0.0771139498146,0.221592420597,0.56979930119,1.31109445469,2.69954832566,4.97385693964,8.2005037338,12.098536226,15.9724002761,18.8691613846,19.9471140201,18.8691613846,15.9724002761,12.098536226,8.2005037338,4.97385693964,2.69954832566,1.31109445469,0.56979930119,0.221592420597	4	norm	0	264000
267724	0,1,2,3,4,5,6,7,8,9,10,11,12,13,14,15,16,17,18,19	0.0771139498146,0.221592420597,0.56979930119,1.31109445469,2.69954832566,4.97385693964,8.2005037338,12.098536226,15.9724002761,18.8691613846,19.9471140201,18.8691613846,15.9724002761,12.098536226,8.2005037338,4.97385693964,2.69954832566,1.31109445469,0.56979930119,0.221592420597	4	norm	0	264000
265508	0,1,2,3,4,5,6,7,8,9,10,11,12,13,14,15,16,17,18,19	0.0771139498146,0.221592420597,0.56979930119,1.31109445469,2.69954832566,4.97385693964,8.2005037338,12.098536226,15.9724002761,18.8691613846,19.9471140201,18.8691613846,15.9724002761,12.098536226,8.2005037338,4.97385693964,2.69954832566,1.31109445469,0.56979930119,0.221592420597	4	norm	0	264000
266213	0,1,2,3,4,5,6,7,8,9,10,11,12,13,14,15,16,17,18,19	0.0771139498146,0.221592420597,0.56979930119,1.31109445469,2.69954832566,4.97385693964,8.2005037338,12.098536226,15.9724002761,18.8691613846,19.9471140201,18.8691613846,15.9724002761,12.098536226,8.2005037338,4.97385693964,2.69954832566,1.31109445469,0.56979930119,0.221592420597	4	norm	0	264000
267243	0,1,2,3,4,5,6,7,8,9,10,11,12,13,14,15,16,17,18,19	0.0771139498146,0.221592420597,0.56979930119,1.31109445469,2.69954832566,4.97385693964,8.2005037338,12.098536226,15.9724002761,18.8691613846,19.9471140201,18.8691613846,15.9724002761,12.098536226,8.2005037338,4.97385693964,2.69954832566,1.31109445469,0.56979930119,0.221592420597	4	norm	0	264000
265108	0,1,2,3,4,5,6,7,8,9,10,11,12,13,14,15,16,17,18,19	0.0771139498146,0.221592420597,0.56979930119,1.31109445469,2.69954832566,4.97385693964,8.2005037338,12.098536226,15.9724002761,18.8691613846,19.9471140201,18.8691613846,15.9724002761,12.098536226,8.2005037338,4.97385693964,2.69954832566,1.31109445469,0.56979930119,0.221592420597	4	norm	0	264000
267029	0,1,2,3,4,5,6,7,8,9,10,11,12,13,14,15,16,17,18,19	0.0771139498146,0.221592420597,0.56979930119,1.31109445469,2.69954832566,4.97385693964,8.2005037338,12.098536226,15.9724002761,18.8691613846,19.9471140201,18.8691613846,15.9724002761,12.098536226,8.2005037338,4.97385693964,2.69954832566,1.31109445469,0.56979930119,0.221592420597	4	norm	0	264000
264261	0,1,2,3,4,5,6,7,8,9,10,11,12,13,14,15,16,17,18,19	0.0771139498146,0.221592420597,0.56979930119,1.31109445469,2.69954832566,4.97385693964,8.2005037338,12.098536226,15.9724002761,18.8691613846,19.9471140201,18.8691613846,15.9724002761,12.098536226,8.2005037338,4.97385693964,2.69954832566,1.31109445469,0.56979930119,0.221592420597	4	norm	0	264000
267693	0,1,2,3,4,5,6,7,8,9,10,11,12,13,14,15,16,17,18,19	0.0771139498146,0.221592420597,0.56979930119,1.31109445469,2.69954832566,4.97385693964,8.2005037338,12.098536226,15.9724002761,18.8691613846,19.9471140201,18.8691613846,15.9724002761,12.098536226,8.2005037338,4.97385693964,2.69954832566,1.31109445469,0.56979930119,0.221592420597	4	norm	0	264000
267429	0,1,2,3,4,5,6,7,8,9,10,11,12,13,14,15,16,17,18,19	0.0771139498146,0.221592420597,0.56979930119,1.31109445469,2.69954832566,4.97385693964,8.2005037338,12.098536226,15.9724002761,18.8691613846,19.9471140201,18.8691613846,15.9724002761,12.098536226,8.2005037338,4.97385693964,2.69954832566,1.31109445469,0.56979930119,0.221592420597	4	norm	0	264000
266108	0,1,2,3,4,5,6,7,8,9,10,11,12,13,14,15,16,17,18,19	0.0771139498146,0.221592420597,0.56979930119,1.31109445469,2.69954832566,4.97385693964,8.2005037338,12.098536226,15.9724002761,18.8691613846,19.9471140201,18.8691613846,15.9724002761,12.098536226,8.2005037338,4.97385693964,2.69954832566,1.31109445469,0.56979930119,0.221592420597	4	norm	0	264000
265265	0,1,2,3,4,5,6,7,8,9,10,11,12,13,14,15,16,17,18,19	0.0771139498146,0.221592420597,0.56979930119,1.31109445469,2.69954832566,4.97385693964,8.2005037338,12.098536226,15.9724002761,18.8691613846,19.9471140201,18.8691613846,15.9724002761,12.098536226,8.2005037338,4.97385693964,2.69954832566,1.31109445469,0.56979930119,0.221592420597	4	norm	0	264000
267973	0,1,2,3,4,5,6,7,8,9,10,11,12,13,14,15,16,17,18,19	0.0771139498146,0.221592420597,0.56979930119,1.31109445469,2.69954832566,4.97385693964,8.2005037338,12.098536226,15.9724002761,18.8691613846,19.9471140201,18.8691613846,15.9724002761,12.098536226,8.2005037338,4.97385693964,2.69954832566,1.31109445469,0.56979930119,0.221592420597	4	norm	0	264000
267698	0,1,2,3,4,5,6,7,8,9,10,11,12,13,14,15,16,17,18,19	0.0771139498146,0.221592420597,0.56979930119,1.31109445469,2.69954832566,4.97385693964,8.2005037338,12.098536226,15.9724002761,18.8691613846,19.9471140201,18.8691613846,15.9724002761,12.098536226,8.2005037338,4.97385693964,2.69954832566,1.31109445469,0.56979930119,0.221592420597	4	norm	0	264000
264216	0,1,2,3,4,5,6,7,8,9,10,11,12,13,14,15,16,17,18,19	0.0771139498146,0.221592420597,0.56979930119,1.31109445469,2.69954832566,4.97385693964,8.2005037338,12.098536226,15.9724002761,18.8691613846,19.9471140201,18.8691613846,15.9724002761,12.098536226,8.2005037338,4.97385693964,2.69954832566,1.31109445469,0.56979930119,0.221592420597	4	norm	0	264000
264574	0,1,2,3,4,5,6,7,8,9,10,11,12,13,14,15,16,17,18,19	0.0771139498146,0.221592420597,0.56979930119,1.31109445469,2.69954832566,4.97385693964,8.2005037338,12.098536226,15.9724002761,18.8691613846,19.9471140201,18.8691613846,15.9724002761,12.098536226,8.2005037338,4.97385693964,2.69954832566,1.31109445469,0.56979930119,0.221592420597	4	norm	0	264000
266276	0,1,2,3,4,5,6,7,8,9,10,11,12,13,14,15,16,17,18,19	0.0771139498146,0.221592420597,0.56979930119,1.31109445469,2.69954832566,4.97385693964,8.2005037338,12.098536226,15.9724002761,18.8691613846,19.9471140201,18.8691613846,15.9724002761,12.098536226,8.2005037338,4.97385693964,2.69954832566,1.31109445469,0.56979930119,0.221592420597	4	norm	0	264000
267499	0,1,2,3,4,5,6,7,8,9,10,11,12,13,14,15,16,17,18,19	0.0771139498146,0.221592420597,0.56979930119,1.31109445469,2.69954832566,4.97385693964,8.2005037338,12.098536226,15.9724002761,18.8691613846,19.9471140201,18.8691613846,15.9724002761,12.098536226,8.2005037338,4.97385693964,2.69954832566,1.31109445469,0.56979930119,0.221592420597	4	norm	0	264000
264049	0,1,2,3,4,5,6,7,8,9,10,11,12,13,14,15,16,17,18,19	0.0771139498146,0.221592420597,0.56979930119,1.31109445469,2.69954832566,4.97385693964,8.2005037338,12.098536226,15.9724002761,18.8691613846,19.9471140201,18.8691613846,15.9724002761,12.098536226,8.2005037338,4.97385693964,2.69954832566,1.31109445469,0.56979930119,0.221592420597	4	norm	0	264000
264328	0,1,2,3,4,5,6,7,8,9,10,11,12,13,14,15,16,17,18,19	0.0771139498146,0.221592420597,0.56979930119,1.31109445469,2.69954832566,4.97385693964,8.2005037338,12.098536226,15.9724002761,18.8691613846,19.9471140201,18.8691613846,15.9724002761,12.098536226,8.2005037338,4.97385693964,2.69954832566,1.31109445469,0.56979930119,0.221592420597	4	norm	0	264000
265922	0,1,2,3,4,5,6,7,8,9,10,11,12,13,14,15,16,17,18,19	0.0771139498146,0.221592420597,0.56979930119,1.31109445469,2.69954832566,4.97385693964,8.2005037338,12.098536226,15.9724002761,18.8691613846,19.9471140201,18.8691613846,15.9724002761,12.098536226,8.2005037338,4.97385693964,2.69954832566,1.31109445469,0.56979930119,0.221592420597	4	norm	0	264000
266342	0,1,2,3,4,5,6,7,8,9,10,11,12,13,14,15,16,17,18,19	0.0771139498146,0.221592420597,0.56979930119,1.31109445469,2.69954832566,4.97385693964,8.2005037338,12.098536226,15.9724002761,18.8691613846,19.9471140201,18.8691613846,15.9724002761,12.098536226,8.2005037338,4.97385693964,2.69954832566,1.31109445469,0.56979930119,0.221592420597	4	norm	0	264000
267956	0,1,2,3,4,5,6,7,8,9,10,11,12,13,14,15,16,17,18,19	0.0771139498146,0.221592420597,0.56979930119,1.31109445469,2.69954832566,4.97385693964,8.2005037338,12.098536226,15.9724002761,18.8691613846,19.9471140201,18.8691613846,15.9724002761,12.098536226,8.2005037338,4.97385693964,2.69954832566,1.31109445469,0.56979930119,0.221592420597	4	norm	0	264000
267245	0,1,2,3,4,5,6,7,8,9,10,11,12,13,14,15,16,17,18,19	0.0771139498146,0.221592420597,0.56979930119,1.31109445469,2.69954832566,4.97385693964,8.2005037338,12.098536226,15.9724002761,18.8691613846,19.9471140201,18.8691613846,15.9724002761,12.098536226,8.2005037338,4.97385693964,2.69954832566,1.31109445469,0.56979930119,0.221592420597	4	norm	0	264000
264432	0,1,2,3,4,5,6,7,8,9,10,11,12,13,14,15,16,17,18,19	0.0771139498146,0.221592420597,0.56979930119,1.31109445469,2.69954832566,4.97385693964,8.2005037338,12.098536226,15.9724002761,18.8691613846,19.9471140201,18.8691613846,15.9724002761,12.098536226,8.2005037338,4.97385693964,2.69954832566,1.31109445469,0.56979930119,0.221592420597	4	norm	0	264000
265966	0,1,2,3,4,5,6,7,8,9,10,11,12,13,14,15,16,17,18,19	0.0771139498146,0.221592420597,0.56979930119,1.31109445469,2.69954832566,4.97385693964,8.2005037338,12.098536226,15.9724002761,18.8691613846,19.9471140201,18.8691613846,15.9724002761,12.098536226,8.2005037338,4.97385693964,2.69954832566,1.31109445469,0.56979930119,0.221592420597	4	norm	0	264000
266480	0,1,2,3,4,5,6,7,8,9,10,11,12,13,14,15,16,17,18,19	0.0771139498146,0.221592420597,0.56979930119,1.31109445469,2.69954832566,4.97385693964,8.2005037338,12.098536226,15.9724002761,18.8691613846,19.9471140201,18.8691613846,15.9724002761,12.098536226,8.2005037338,4.97385693964,2.69954832566,1.31109445469,0.56979930119,0.221592420597	4	norm	0	264000
267089	0,1,2,3,4,5,6,7,8,9,10,11,12,13,14,15,16,17,18,19	0.0771139498146,0.221592420597,0.56979930119,1.31109445469,2.69954832566,4.97385693964,8.2005037338,12.098536226,15.9724002761,18.8691613846,19.9471140201,18.8691613846,15.9724002761,12.098536226,8.2005037338,4.97385693964,2.69954832566,1.31109445469,0.56979930119,0.221592420597	4	norm	0	264000
267356	0,1,2,3,4,5,6,7,8,9,10,11,12,13,14,15,16,17,18,19	0.0771139498146,0.221592420597,0.56979930119,1.31109445469,2.69954832566,4.97385693964,8.2005037338,12.098536226,15.9724002761,18.8691613846,19.9471140201,18.8691613846,15.9724002761,12.098536226,8.2005037338,4.97385693964,2.69954832566,1.31109445469,0.56979930119,0.221592420597	4	norm	0	264000
266712	0,1,2,3,4,5,6,7,8,9,10,11,12,13,14,15,16,17,18,19	0.0771139498146,0.221592420597,0.56979930119,1.31109445469,2.69954832566,4.97385693964,8.2005037338,12.098536226,15.9724002761,18.8691613846,19.9471140201,18.8691613846,15.9724002761,12.098536226,8.2005037338,4.97385693964,2.69954832566,1.31109445469,0.56979930119,0.221592420597	4	norm	0	264000
267169	0,1,2,3,4,5,6,7,8,9,10,11,12,13,14,15,16,17,18,19	0.0771139498146,0.221592420597,0.56979930119,1.31109445469,2.69954832566,4.97385693964,8.2005037338,12.098536226,15.9724002761,18.8691613846,19.9471140201,18.8691613846,15.9724002761,12.098536226,8.2005037338,4.97385693964,2.69954832566,1.31109445469,0.56979930119,0.221592420597	4	norm	0	264000
265092	0,1,2,3,4,5,6,7,8,9,10,11,12,13,14,15,16,17,18,19	0.0771139498146,0.221592420597,0.56979930119,1.31109445469,2.69954832566,4.97385693964,8.2005037338,12.098536226,15.9724002761,18.8691613846,19.9471140201,18.8691613846,15.9724002761,12.098536226,8.2005037338,4.97385693964,2.69954832566,1.31109445469,0.56979930119,0.221592420597	4	norm	0	264000
267844	0,1,2,3,4,5,6,7,8,9,10,11,12,13,14,15,16,17,18,19	0.0771139498146,0.221592420597,0.56979930119,1.31109445469,2.69954832566,4.97385693964,8.2005037338,12.098536226,15.9724002761,18.8691613846,19.9471140201,18.8691613846,15.9724002761,12.098536226,8.2005037338,4.97385693964,2.69954832566,1.31109445469,0.56979930119,0.221592420597	4	norm	0	264000
267394	0,1,2,3,4,5,6,7,8,9,10,11,12,13,14,15,16,17,18,19	0.0771139498146,0.221592420597,0.56979930119,1.31109445469,2.69954832566,4.97385693964,8.2005037338,12.098536226,15.9724002761,18.8691613846,19.9471140201,18.8691613846,15.9724002761,12.098536226,8.2005037338,4.97385693964,2.69954832566,1.31109445469,0.56979930119,0.221592420597	4	norm	0	264000
266219	0,1,2,3,4,5,6,7,8,9,10,11,12,13,14,15,16,17,18,19	0.0771139498146,0.221592420597,0.56979930119,1.31109445469,2.69954832566,4.97385693964,8.2005037338,12.098536226,15.9724002761,18.8691613846,19.9471140201,18.8691613846,15.9724002761,12.098536226,8.2005037338,4.97385693964,2.69954832566,1.31109445469,0.56979930119,0.221592420597	4	norm	0	264000
266975	0,1,2,3,4,5,6,7,8,9,10,11,12,13,14,15,16,17,18,19	0.0771139498146,0.221592420597,0.56979930119,1.31109445469,2.69954832566,4.97385693964,8.2005037338,12.098536226,15.9724002761,18.8691613846,19.9471140201,18.8691613846,15.9724002761,12.098536226,8.2005037338,4.97385693964,2.69954832566,1.31109445469,0.56979930119,0.221592420597	4	norm	0	264000
265725	0,1,2,3,4,5,6,7,8,9,10,11,12,13,14,15,16,17,18,19	0.0771139498146,0.221592420597,0.56979930119,1.31109445469,2.69954832566,4.97385693964,8.2005037338,12.098536226,15.9724002761,18.8691613846,19.9471140201,18.8691613846,15.9724002761,12.098536226,8.2005037338,4.97385693964,2.69954832566,1.31109445469,0.56979930119,0.221592420597	4	norm	0	264000
266400	0,1,2,3,4,5,6,7,8,9,10,11,12,13,14,15,16,17,18,19	0.0771139498146,0.221592420597,0.56979930119,1.31109445469,2.69954832566,4.97385693964,8.2005037338,12.098536226,15.9724002761,18.8691613846,19.9471140201,18.8691613846,15.9724002761,12.098536226,8.2005037338,4.97385693964,2.69954832566,1.31109445469,0.56979930119,0.221592420597	4	norm	0	264000
264712	0,1,2,3,4,5,6,7,8,9,10,11,12,13,14,15,16,17,18,19	0.0771139498146,0.221592420597,0.56979930119,1.31109445469,2.69954832566,4.97385693964,8.2005037338,12.098536226,15.9724002761,18.8691613846,19.9471140201,18.8691613846,15.9724002761,12.098536226,8.2005037338,4.97385693964,2.69954832566,1.31109445469,0.56979930119,0.221592420597	4	norm	0	264000
264181	0,1,2,3,4,5,6,7,8,9,10,11,12,13,14,15,16,17,18,19	0.0771139498146,0.221592420597,0.56979930119,1.31109445469,2.69954832566,4.97385693964,8.2005037338,12.098536226,15.9724002761,18.8691613846,19.9471140201,18.8691613846,15.9724002761,12.098536226,8.2005037338,4.97385693964,2.69954832566,1.31109445469,0.56979930119,0.221592420597	4	norm	0	264000
267488	0,1,2,3,4,5,6,7,8,9,10,11,12,13,14,15,16,17,18,19	0.0771139498146,0.221592420597,0.56979930119,1.31109445469,2.69954832566,4.97385693964,8.2005037338,12.098536226,15.9724002761,18.8691613846,19.9471140201,18.8691613846,15.9724002761,12.098536226,8.2005037338,4.97385693964,2.69954832566,1.31109445469,0.56979930119,0.221592420597	4	norm	0	264000
266413	0,1,2,3,4,5,6,7,8,9,10,11,12,13,14,15,16,17,18,19	0.0771139498146,0.221592420597,0.56979930119,1.31109445469,2.69954832566,4.97385693964,8.2005037338,12.098536226,15.9724002761,18.8691613846,19.9471140201,18.8691613846,15.9724002761,12.098536226,8.2005037338,4.97385693964,2.69954832566,1.31109445469,0.56979930119,0.221592420597	4	norm	0	264000
265929	0,1,2,3,4,5,6,7,8,9,10,11,12,13,14,15,16,17,18,19	0.0771139498146,0.221592420597,0.56979930119,1.31109445469,2.69954832566,4.97385693964,8.2005037338,12.098536226,15.9724002761,18.8691613846,19.9471140201,18.8691613846,15.9724002761,12.098536226,8.2005037338,4.97385693964,2.69954832566,1.31109445469,0.56979930119,0.221592420597	4	norm	0	264000
264012	0,1,2,3,4,5,6,7,8,9,10,11,12,13,14,15,16,17,18,19	0.0771139498146,0.221592420597,0.56979930119,1.31109445469,2.69954832566,4.97385693964,8.2005037338,12.098536226,15.9724002761,18.8691613846,19.9471140201,18.8691613846,15.9724002761,12.098536226,8.2005037338,4.97385693964,2.69954832566,1.31109445469,0.56979930119,0.221592420597	4	norm	0	264000
267033	0,1,2,3,4,5,6,7,8,9,10,11,12,13,14,15,16,17,18,19	0.0771139498146,0.221592420597,0.56979930119,1.31109445469,2.69954832566,4.97385693964,8.2005037338,12.098536226,15.9724002761,18.8691613846,19.9471140201,18.8691613846,15.9724002761,12.098536226,8.2005037338,4.97385693964,2.69954832566,1.31109445469,0.56979930119,0.221592420597	4	norm	0	264000
266040	0,1,2,3,4,5,6,7,8,9,10,11,12,13,14,15,16,17,18,19	0.0771139498146,0.221592420597,0.56979930119,1.31109445469,2.69954832566,4.97385693964,8.2005037338,12.098536226,15.9724002761,18.8691613846,19.9471140201,18.8691613846,15.9724002761,12.098536226,8.2005037338,4.97385693964,2.69954832566,1.31109445469,0.56979930119,0.221592420597	4	norm	0	264000
264491	0,1,2,3,4,5,6,7,8,9,10,11,12,13,14,15,16,17,18,19	0.0771139498146,0.221592420597,0.56979930119,1.31109445469,2.69954832566,4.97385693964,8.2005037338,12.098536226,15.9724002761,18.8691613846,19.9471140201,18.8691613846,15.9724002761,12.098536226,8.2005037338,4.97385693964,2.69954832566,1.31109445469,0.56979930119,0.221592420597	4	norm	0	264000
267773	0,1,2,3,4,5,6,7,8,9,10,11,12,13,14,15,16,17,18,19	0.0771139498146,0.221592420597,0.56979930119,1.31109445469,2.69954832566,4.97385693964,8.2005037338,12.098536226,15.9724002761,18.8691613846,19.9471140201,18.8691613846,15.9724002761,12.098536226,8.2005037338,4.97385693964,2.69954832566,1.31109445469,0.56979930119,0.221592420597	4	norm	0	264000
266993	0,1,2,3,4,5,6,7,8,9,10,11,12,13,14,15,16,17,18,19	0.0771139498146,0.221592420597,0.56979930119,1.31109445469,2.69954832566,4.97385693964,8.2005037338,12.098536226,15.9724002761,18.8691613846,19.9471140201,18.8691613846,15.9724002761,12.098536226,8.2005037338,4.97385693964,2.69954832566,1.31109445469,0.56979930119,0.221592420597	4	norm	0	264000
265256	0,1,2,3,4,5,6,7,8,9,10,11,12,13,14,15,16,17,18,19	0.0771139498146,0.221592420597,0.56979930119,1.31109445469,2.69954832566,4.97385693964,8.2005037338,12.098536226,15.9724002761,18.8691613846,19.9471140201,18.8691613846,15.9724002761,12.098536226,8.2005037338,4.97385693964,2.69954832566,1.31109445469,0.56979930119,0.221592420597	4	norm	0	264000
264281	0,1,2,3,4,5,6,7,8,9,10,11,12,13,14,15,16,17,18,19	0.0771139498146,0.221592420597,0.56979930119,1.31109445469,2.69954832566,4.97385693964,8.2005037338,12.098536226,15.9724002761,18.8691613846,19.9471140201,18.8691613846,15.9724002761,12.098536226,8.2005037338,4.97385693964,2.69954832566,1.31109445469,0.56979930119,0.221592420597	4	norm	0	264000
266392	0,1,2,3,4,5,6,7,8,9,10,11,12,13,14,15,16,17,18,19	0.0771139498146,0.221592420597,0.56979930119,1.31109445469,2.69954832566,4.97385693964,8.2005037338,12.098536226,15.9724002761,18.8691613846,19.9471140201,18.8691613846,15.9724002761,12.098536226,8.2005037338,4.97385693964,2.69954832566,1.31109445469,0.56979930119,0.221592420597	4	norm	0	264000
264337	0,1,2,3,4,5,6,7,8,9,10,11,12,13,14,15,16,17,18,19	0.0771139498146,0.221592420597,0.56979930119,1.31109445469,2.69954832566,4.97385693964,8.2005037338,12.098536226,15.9724002761,18.8691613846,19.9471140201,18.8691613846,15.9724002761,12.098536226,8.2005037338,4.97385693964,2.69954832566,1.31109445469,0.56979930119,0.221592420597	4	norm	0	264000
267518	0,1,2,3,4,5,6,7,8,9,10,11,12,13,14,15,16,17,18,19	0.0771139498146,0.221592420597,0.56979930119,1.31109445469,2.69954832566,4.97385693964,8.2005037338,12.098536226,15.9724002761,18.8691613846,19.9471140201,18.8691613846,15.9724002761,12.098536226,8.2005037338,4.97385693964,2.69954832566,1.31109445469,0.56979930119,0.221592420597	4	norm	0	264000
267943	0,1,2,3,4,5,6,7,8,9,10,11,12,13,14,15,16,17,18,19	0.0771139498146,0.221592420597,0.56979930119,1.31109445469,2.69954832566,4.97385693964,8.2005037338,12.098536226,15.9724002761,18.8691613846,19.9471140201,18.8691613846,15.9724002761,12.098536226,8.2005037338,4.97385693964,2.69954832566,1.31109445469,0.56979930119,0.221592420597	4	norm	0	264000
264469	0,1,2,3,4,5,6,7,8,9,10,11,12,13,14,15,16,17,18,19	0.0771139498146,0.221592420597,0.56979930119,1.31109445469,2.69954832566,4.97385693964,8.2005037338,12.098536226,15.9724002761,18.8691613846,19.9471140201,18.8691613846,15.9724002761,12.098536226,8.2005037338,4.97385693964,2.69954832566,1.31109445469,0.56979930119,0.221592420597	4	norm	0	264000
264027	0,1,2,3,4,5,6,7,8,9,10,11,12,13,14,15,16,17,18,19	0.0771139498146,0.221592420597,0.56979930119,1.31109445469,2.69954832566,4.97385693964,8.2005037338,12.098536226,15.9724002761,18.8691613846,19.9471140201,18.8691613846,15.9724002761,12.098536226,8.2005037338,4.97385693964,2.69954832566,1.31109445469,0.56979930119,0.221592420597	4	norm	0	264000
265227	0,1,2,3,4,5,6,7,8,9,10,11,12,13,14,15,16,17,18,19	0.0771139498146,0.221592420597,0.56979930119,1.31109445469,2.69954832566,4.97385693964,8.2005037338,12.098536226,15.9724002761,18.8691613846,19.9471140201,18.8691613846,15.9724002761,12.098536226,8.2005037338,4.97385693964,2.69954832566,1.31109445469,0.56979930119,0.221592420597	4	norm	0	264000
266409	0,1,2,3,4,5,6,7,8,9,10,11,12,13,14,15,16,17,18,19	0.0771139498146,0.221592420597,0.56979930119,1.31109445469,2.69954832566,4.97385693964,8.2005037338,12.098536226,15.9724002761,18.8691613846,19.9471140201,18.8691613846,15.9724002761,12.098536226,8.2005037338,4.97385693964,2.69954832566,1.31109445469,0.56979930119,0.221592420597	4	norm	0	264000
267534	0,1,2,3,4,5,6,7,8,9,10,11,12,13,14,15,16,17,18,19	0.0771139498146,0.221592420597,0.56979930119,1.31109445469,2.69954832566,4.97385693964,8.2005037338,12.098536226,15.9724002761,18.8691613846,19.9471140201,18.8691613846,15.9724002761,12.098536226,8.2005037338,4.97385693964,2.69954832566,1.31109445469,0.56979930119,0.221592420597	4	norm	0	264000
264996	0,1,2,3,4,5,6,7,8,9,10,11,12,13,14,15,16,17,18,19	0.0771139498146,0.221592420597,0.56979930119,1.31109445469,2.69954832566,4.97385693964,8.2005037338,12.098536226,15.9724002761,18.8691613846,19.9471140201,18.8691613846,15.9724002761,12.098536226,8.2005037338,4.97385693964,2.69954832566,1.31109445469,0.56979930119,0.221592420597	4	norm	0	264000
267413	0,1,2,3,4,5,6,7,8,9,10,11,12,13,14,15,16,17,18,19	0.0771139498146,0.221592420597,0.56979930119,1.31109445469,2.69954832566,4.97385693964,8.2005037338,12.098536226,15.9724002761,18.8691613846,19.9471140201,18.8691613846,15.9724002761,12.098536226,8.2005037338,4.97385693964,2.69954832566,1.31109445469,0.56979930119,0.221592420597	4	norm	0	264000
266318	0,1,2,3,4,5,6,7,8,9,10,11,12,13,14,15,16,17,18,19	0.0771139498146,0.221592420597,0.56979930119,1.31109445469,2.69954832566,4.97385693964,8.2005037338,12.098536226,15.9724002761,18.8691613846,19.9471140201,18.8691613846,15.9724002761,12.098536226,8.2005037338,4.97385693964,2.69954832566,1.31109445469,0.56979930119,0.221592420597	4	norm	0	264000
266518	0,1,2,3,4,5,6,7,8,9,10,11,12,13,14,15,16,17,18,19	0.0771139498146,0.221592420597,0.56979930119,1.31109445469,2.69954832566,4.97385693964,8.2005037338,12.098536226,15.9724002761,18.8691613846,19.9471140201,18.8691613846,15.9724002761,12.098536226,8.2005037338,4.97385693964,2.69954832566,1.31109445469,0.56979930119,0.221592420597	4	norm	0	264000
265098	0,1,2,3,4,5,6,7,8,9,10,11,12,13,14,15,16,17,18,19	0.0771139498146,0.221592420597,0.56979930119,1.31109445469,2.69954832566,4.97385693964,8.2005037338,12.098536226,15.9724002761,18.8691613846,19.9471140201,18.8691613846,15.9724002761,12.098536226,8.2005037338,4.97385693964,2.69954832566,1.31109445469,0.56979930119,0.221592420597	4	norm	0	264000
266113	0,1,2,3,4,5,6,7,8,9,10,11,12,13,14,15,16,17,18,19	0.0771139498146,0.221592420597,0.56979930119,1.31109445469,2.69954832566,4.97385693964,8.2005037338,12.098536226,15.9724002761,18.8691613846,19.9471140201,18.8691613846,15.9724002761,12.098536226,8.2005037338,4.97385693964,2.69954832566,1.31109445469,0.56979930119,0.221592420597	4	norm	0	264000
264635	0,1,2,3,4,5,6,7,8,9,10,11,12,13,14,15,16,17,18,19	0.0771139498146,0.221592420597,0.56979930119,1.31109445469,2.69954832566,4.97385693964,8.2005037338,12.098536226,15.9724002761,18.8691613846,19.9471140201,18.8691613846,15.9724002761,12.098536226,8.2005037338,4.97385693964,2.69954832566,1.31109445469,0.56979930119,0.221592420597	4	norm	0	264000
267699	0,1,2,3,4,5,6,7,8,9,10,11,12,13,14,15,16,17,18,19	0.0771139498146,0.221592420597,0.56979930119,1.31109445469,2.69954832566,4.97385693964,8.2005037338,12.098536226,15.9724002761,18.8691613846,19.9471140201,18.8691613846,15.9724002761,12.098536226,8.2005037338,4.97385693964,2.69954832566,1.31109445469,0.56979930119,0.221592420597	4	norm	0	264000
267790	0,1,2,3,4,5,6,7,8,9,10,11,12,13,14,15,16,17,18,19	0.0771139498146,0.221592420597,0.56979930119,1.31109445469,2.69954832566,4.97385693964,8.2005037338,12.098536226,15.9724002761,18.8691613846,19.9471140201,18.8691613846,15.9724002761,12.098536226,8.2005037338,4.97385693964,2.69954832566,1.31109445469,0.56979930119,0.221592420597	4	norm	0	264000
266331	0,1,2,3,4,5,6,7,8,9,10,11,12,13,14,15,16,17,18,19	0.0771139498146,0.221592420597,0.56979930119,1.31109445469,2.69954832566,4.97385693964,8.2005037338,12.098536226,15.9724002761,18.8691613846,19.9471140201,18.8691613846,15.9724002761,12.098536226,8.2005037338,4.97385693964,2.69954832566,1.31109445469,0.56979930119,0.221592420597	4	norm	0	264000
265771	0,1,2,3,4,5,6,7,8,9,10,11,12,13,14,15,16,17,18,19	0.0771139498146,0.221592420597,0.56979930119,1.31109445469,2.69954832566,4.97385693964,8.2005037338,12.098536226,15.9724002761,18.8691613846,19.9471140201,18.8691613846,15.9724002761,12.098536226,8.2005037338,4.97385693964,2.69954832566,1.31109445469,0.56979930119,0.221592420597	4	norm	0	264000
264594	0,1,2,3,4,5,6,7,8,9,10,11,12,13,14,15,16,17,18,19	0.0771139498146,0.221592420597,0.56979930119,1.31109445469,2.69954832566,4.97385693964,8.2005037338,12.098536226,15.9724002761,18.8691613846,19.9471140201,18.8691613846,15.9724002761,12.098536226,8.2005037338,4.97385693964,2.69954832566,1.31109445469,0.56979930119,0.221592420597	4	norm	0	264000
264000	0,1,2,3,4,5,6,7,8,9,10,11,12,13,14,15,16,17,18,19	0.0771139498146,0.221592420597,0.56979930119,1.31109445469,2.69954832566,4.97385693964,8.2005037338,12.098536226,15.9724002761,18.8691613846,19.9471140201,18.8691613846,15.9724002761,12.098536226,8.2005037338,4.97385693964,2.69954832566,1.31109445469,0.56979930119,0.221592420597	4	norm	0	264000
265259	0,1,2,3,4,5,6,7,8,9,10,11,12,13,14,15,16,17,18,19	0.0771139498146,0.221592420597,0.56979930119,1.31109445469,2.69954832566,4.97385693964,8.2005037338,12.098536226,15.9724002761,18.8691613846,19.9471140201,18.8691613846,15.9724002761,12.098536226,8.2005037338,4.97385693964,2.69954832566,1.31109445469,0.56979930119,0.221592420597	4	norm	0	264000
264683	0,1,2,3,4,5,6,7,8,9,10,11,12,13,14,15,16,17,18,19	0.0771139498146,0.221592420597,0.56979930119,1.31109445469,2.69954832566,4.97385693964,8.2005037338,12.098536226,15.9724002761,18.8691613846,19.9471140201,18.8691613846,15.9724002761,12.098536226,8.2005037338,4.97385693964,2.69954832566,1.31109445469,0.56979930119,0.221592420597	4	norm	0	264000
266321	0,1,2,3,4,5,6,7,8,9,10,11,12,13,14,15,16,17,18,19	0.0771139498146,0.221592420597,0.56979930119,1.31109445469,2.69954832566,4.97385693964,8.2005037338,12.098536226,15.9724002761,18.8691613846,19.9471140201,18.8691613846,15.9724002761,12.098536226,8.2005037338,4.97385693964,2.69954832566,1.31109445469,0.56979930119,0.221592420597	4	norm	0	264000
266594	0,1,2,3,4,5,6,7,8,9,10,11,12,13,14,15,16,17,18,19	0.0771139498146,0.221592420597,0.56979930119,1.31109445469,2.69954832566,4.97385693964,8.2005037338,12.098536226,15.9724002761,18.8691613846,19.9471140201,18.8691613846,15.9724002761,12.098536226,8.2005037338,4.97385693964,2.69954832566,1.31109445469,0.56979930119,0.221592420597	4	norm	0	264000
264514	0,1,2,3,4,5,6,7,8,9,10,11,12,13,14,15,16,17,18,19	0.0771139498146,0.221592420597,0.56979930119,1.31109445469,2.69954832566,4.97385693964,8.2005037338,12.098536226,15.9724002761,18.8691613846,19.9471140201,18.8691613846,15.9724002761,12.098536226,8.2005037338,4.97385693964,2.69954832566,1.31109445469,0.56979930119,0.221592420597	4	norm	0	264000
264589	0,1,2,3,4,5,6,7,8,9,10,11,12,13,14,15,16,17,18,19	0.0771139498146,0.221592420597,0.56979930119,1.31109445469,2.69954832566,4.97385693964,8.2005037338,12.098536226,15.9724002761,18.8691613846,19.9471140201,18.8691613846,15.9724002761,12.098536226,8.2005037338,4.97385693964,2.69954832566,1.31109445469,0.56979930119,0.221592420597	4	norm	0	264000
266123	0,1,2,3,4,5,6,7,8,9,10,11,12,13,14,15,16,17,18,19	0.0771139498146,0.221592420597,0.56979930119,1.31109445469,2.69954832566,4.97385693964,8.2005037338,12.098536226,15.9724002761,18.8691613846,19.9471140201,18.8691613846,15.9724002761,12.098536226,8.2005037338,4.97385693964,2.69954832566,1.31109445469,0.56979930119,0.221592420597	4	norm	0	264000
266761	0,1,2,3,4,5,6,7,8,9,10,11,12,13,14,15,16,17,18,19	0.0771139498146,0.221592420597,0.56979930119,1.31109445469,2.69954832566,4.97385693964,8.2005037338,12.098536226,15.9724002761,18.8691613846,19.9471140201,18.8691613846,15.9724002761,12.098536226,8.2005037338,4.97385693964,2.69954832566,1.31109445469,0.56979930119,0.221592420597	4	norm	0	264000
264722	0,1,2,3,4,5,6,7,8,9,10,11,12,13,14,15,16,17,18,19	0.0771139498146,0.221592420597,0.56979930119,1.31109445469,2.69954832566,4.97385693964,8.2005037338,12.098536226,15.9724002761,18.8691613846,19.9471140201,18.8691613846,15.9724002761,12.098536226,8.2005037338,4.97385693964,2.69954832566,1.31109445469,0.56979930119,0.221592420597	4	norm	0	264000
267952	0,1,2,3,4,5,6,7,8,9,10,11,12,13,14,15,16,17,18,19	0.0771139498146,0.221592420597,0.56979930119,1.31109445469,2.69954832566,4.97385693964,8.2005037338,12.098536226,15.9724002761,18.8691613846,19.9471140201,18.8691613846,15.9724002761,12.098536226,8.2005037338,4.97385693964,2.69954832566,1.31109445469,0.56979930119,0.221592420597	4	norm	0	264000
265607	0,1,2,3,4,5,6,7,8,9,10,11,12,13,14,15,16,17,18,19	0.0771139498146,0.221592420597,0.56979930119,1.31109445469,2.69954832566,4.97385693964,8.2005037338,12.098536226,15.9724002761,18.8691613846,19.9471140201,18.8691613846,15.9724002761,12.098536226,8.2005037338,4.97385693964,2.69954832566,1.31109445469,0.56979930119,0.221592420597	4	norm	0	264000
265231	0,1,2,3,4,5,6,7,8,9,10,11,12,13,14,15,16,17,18,19	0.0771139498146,0.221592420597,0.56979930119,1.31109445469,2.69954832566,4.97385693964,8.2005037338,12.098536226,15.9724002761,18.8691613846,19.9471140201,18.8691613846,15.9724002761,12.098536226,8.2005037338,4.97385693964,2.69954832566,1.31109445469,0.56979930119,0.221592420597	4	norm	0	264000
264169	0,1,2,3,4,5,6,7,8,9,10,11,12,13,14,15,16,17,18,19	0.0771139498146,0.221592420597,0.56979930119,1.31109445469,2.69954832566,4.97385693964,8.2005037338,12.098536226,15.9724002761,18.8691613846,19.9471140201,18.8691613846,15.9724002761,12.098536226,8.2005037338,4.97385693964,2.69954832566,1.31109445469,0.56979930119,0.221592420597	4	norm	0	264000
267059	0,1,2,3,4,5,6,7,8,9,10,11,12,13,14,15,16,17,18,19	0.0771139498146,0.221592420597,0.56979930119,1.31109445469,2.69954832566,4.97385693964,8.2005037338,12.098536226,15.9724002761,18.8691613846,19.9471140201,18.8691613846,15.9724002761,12.098536226,8.2005037338,4.97385693964,2.69954832566,1.31109445469,0.56979930119,0.221592420597	4	norm	0	264000
267058	0,1,2,3,4,5,6,7,8,9,10,11,12,13,14,15,16,17,18,19	0.0771139498146,0.221592420597,0.56979930119,1.31109445469,2.69954832566,4.97385693964,8.2005037338,12.098536226,15.9724002761,18.8691613846,19.9471140201,18.8691613846,15.9724002761,12.098536226,8.2005037338,4.97385693964,2.69954832566,1.31109445469,0.56979930119,0.221592420597	4	norm	0	264000
264374	0,1,2,3,4,5,6,7,8,9,10,11,12,13,14,15,16,17,18,19	0.0771139498146,0.221592420597,0.56979930119,1.31109445469,2.69954832566,4.97385693964,8.2005037338,12.098536226,15.9724002761,18.8691613846,19.9471140201,18.8691613846,15.9724002761,12.098536226,8.2005037338,4.97385693964,2.69954832566,1.31109445469,0.56979930119,0.221592420597	4	norm	0	264000
264182	0,1,2,3,4,5,6,7,8,9,10,11,12,13,14,15,16,17,18,19	0.0771139498146,0.221592420597,0.56979930119,1.31109445469,2.69954832566,4.97385693964,8.2005037338,12.098536226,15.9724002761,18.8691613846,19.9471140201,18.8691613846,15.9724002761,12.098536226,8.2005037338,4.97385693964,2.69954832566,1.31109445469,0.56979930119,0.221592420597	4	norm	0	264000
264750	0,1,2,3,4,5,6,7,8,9,10,11,12,13,14,15,16,17,18,19	0.0771139498146,0.221592420597,0.56979930119,1.31109445469,2.69954832566,4.97385693964,8.2005037338,12.098536226,15.9724002761,18.8691613846,19.9471140201,18.8691613846,15.9724002761,12.098536226,8.2005037338,4.97385693964,2.69954832566,1.31109445469,0.56979930119,0.221592420597	4	norm	0	264000
267174	0,1,2,3,4,5,6,7,8,9,10,11,12,13,14,15,16,17,18,19	0.0771139498146,0.221592420597,0.56979930119,1.31109445469,2.69954832566,4.97385693964,8.2005037338,12.098536226,15.9724002761,18.8691613846,19.9471140201,18.8691613846,15.9724002761,12.098536226,8.2005037338,4.97385693964,2.69954832566,1.31109445469,0.56979930119,0.221592420597	4	norm	0	264000
267646	0,1,2,3,4,5,6,7,8,9,10,11,12,13,14,15,16,17,18,19	0.0771139498146,0.221592420597,0.56979930119,1.31109445469,2.69954832566,4.97385693964,8.2005037338,12.098536226,15.9724002761,18.8691613846,19.9471140201,18.8691613846,15.9724002761,12.098536226,8.2005037338,4.97385693964,2.69954832566,1.31109445469,0.56979930119,0.221592420597	4	norm	0	264000
267659	0,1,2,3,4,5,6,7,8,9,10,11,12,13,14,15,16,17,18,19	0.0771139498146,0.221592420597,0.56979930119,1.31109445469,2.69954832566,4.97385693964,8.2005037338,12.098536226,15.9724002761,18.8691613846,19.9471140201,18.8691613846,15.9724002761,12.098536226,8.2005037338,4.97385693964,2.69954832566,1.31109445469,0.56979930119,0.221592420597	4	norm	0	264000
267263	0,1,2,3,4,5,6,7,8,9,10,11,12,13,14,15,16,17,18,19	0.0771139498146,0.221592420597,0.56979930119,1.31109445469,2.69954832566,4.97385693964,8.2005037338,12.098536226,15.9724002761,18.8691613846,19.9471140201,18.8691613846,15.9724002761,12.098536226,8.2005037338,4.97385693964,2.69954832566,1.31109445469,0.56979930119,0.221592420597	4	norm	0	264000
265740	0,1,2,3,4,5,6,7,8,9,10,11,12,13,14,15,16,17,18,19	0.0771139498146,0.221592420597,0.56979930119,1.31109445469,2.69954832566,4.97385693964,8.2005037338,12.098536226,15.9724002761,18.8691613846,19.9471140201,18.8691613846,15.9724002761,12.098536226,8.2005037338,4.97385693964,2.69954832566,1.31109445469,0.56979930119,0.221592420597	4	norm	0	264000
264303	0,1,2,3,4,5,6,7,8,9,10,11,12,13,14,15,16,17,18,19	0.0771139498146,0.221592420597,0.56979930119,1.31109445469,2.69954832566,4.97385693964,8.2005037338,12.098536226,15.9724002761,18.8691613846,19.9471140201,18.8691613846,15.9724002761,12.098536226,8.2005037338,4.97385693964,2.69954832566,1.31109445469,0.56979930119,0.221592420597	4	norm	0	264000
265383	0,1,2,3,4,5,6,7,8,9,10,11,12,13,14,15,16,17,18,19	0.0771139498146,0.221592420597,0.56979930119,1.31109445469,2.69954832566,4.97385693964,8.2005037338,12.098536226,15.9724002761,18.8691613846,19.9471140201,18.8691613846,15.9724002761,12.098536226,8.2005037338,4.97385693964,2.69954832566,1.31109445469,0.56979930119,0.221592420597	4	norm	0	264000
264734	0,1,2,3,4,5,6,7,8,9,10,11,12,13,14,15,16,17,18,19	0.0771139498146,0.221592420597,0.56979930119,1.31109445469,2.69954832566,4.97385693964,8.2005037338,12.098536226,15.9724002761,18.8691613846,19.9471140201,18.8691613846,15.9724002761,12.098536226,8.2005037338,4.97385693964,2.69954832566,1.31109445469,0.56979930119,0.221592420597	4	norm	0	264000
266931	0,1,2,3,4,5,6,7,8,9,10,11,12,13,14,15,16,17,18,19	0.0771139498146,0.221592420597,0.56979930119,1.31109445469,2.69954832566,4.97385693964,8.2005037338,12.098536226,15.9724002761,18.8691613846,19.9471140201,18.8691613846,15.9724002761,12.098536226,8.2005037338,4.97385693964,2.69954832566,1.31109445469,0.56979930119,0.221592420597	4	norm	0	264000
267373	0,1,2,3,4,5,6,7,8,9,10,11,12,13,14,15,16,17,18,19	0.0771139498146,0.221592420597,0.56979930119,1.31109445469,2.69954832566,4.97385693964,8.2005037338,12.098536226,15.9724002761,18.8691613846,19.9471140201,18.8691613846,15.9724002761,12.098536226,8.2005037338,4.97385693964,2.69954832566,1.31109445469,0.56979930119,0.221592420597	4	norm	0	264000
267521	0,1,2,3,4,5,6,7,8,9,10,11,12,13,14,15,16,17,18,19	0.0771139498146,0.221592420597,0.56979930119,1.31109445469,2.69954832566,4.97385693964,8.2005037338,12.098536226,15.9724002761,18.8691613846,19.9471140201,18.8691613846,15.9724002761,12.098536226,8.2005037338,4.97385693964,2.69954832566,1.31109445469,0.56979930119,0.221592420597	4	norm	0	264000
264268	0,1,2,3,4,5,6,7,8,9,10,11,12,13,14,15,16,17,18,19	0.0771139498146,0.221592420597,0.56979930119,1.31109445469,2.69954832566,4.97385693964,8.2005037338,12.098536226,15.9724002761,18.8691613846,19.9471140201,18.8691613846,15.9724002761,12.098536226,8.2005037338,4.97385693964,2.69954832566,1.31109445469,0.56979930119,0.221592420597	4	norm	0	264000
267209	0,1,2,3,4,5,6,7,8,9,10,11,12,13,14,15,16,17,18,19	0.0771139498146,0.221592420597,0.56979930119,1.31109445469,2.69954832566,4.97385693964,8.2005037338,12.098536226,15.9724002761,18.8691613846,19.9471140201,18.8691613846,15.9724002761,12.098536226,8.2005037338,4.97385693964,2.69954832566,1.31109445469,0.56979930119,0.221592420597	4	norm	0	264000
267925	0,1,2,3,4,5,6,7,8,9,10,11,12,13,14,15,16,17,18,19	0.0771139498146,0.221592420597,0.56979930119,1.31109445469,2.69954832566,4.97385693964,8.2005037338,12.098536226,15.9724002761,18.8691613846,19.9471140201,18.8691613846,15.9724002761,12.098536226,8.2005037338,4.97385693964,2.69954832566,1.31109445469,0.56979930119,0.221592420597	4	norm	0	264000
264893	0,1,2,3,4,5,6,7,8,9,10,11,12,13,14,15,16,17,18,19	0.0771139498146,0.221592420597,0.56979930119,1.31109445469,2.69954832566,4.97385693964,8.2005037338,12.098536226,15.9724002761,18.8691613846,19.9471140201,18.8691613846,15.9724002761,12.098536226,8.2005037338,4.97385693964,2.69954832566,1.31109445469,0.56979930119,0.221592420597	4	norm	0	264000
267616	0,1,2,3,4,5,6,7,8,9,10,11,12,13,14,15,16,17,18,19	0.0771139498146,0.221592420597,0.56979930119,1.31109445469,2.69954832566,4.97385693964,8.2005037338,12.098536226,15.9724002761,18.8691613846,19.9471140201,18.8691613846,15.9724002761,12.098536226,8.2005037338,4.97385693964,2.69954832566,1.31109445469,0.56979930119,0.221592420597	4	norm	0	264000
267799	0,1,2,3,4,5,6,7,8,9,10,11,12,13,14,15,16,17,18,19	0.0771139498146,0.221592420597,0.56979930119,1.31109445469,2.69954832566,4.97385693964,8.2005037338,12.098536226,15.9724002761,18.8691613846,19.9471140201,18.8691613846,15.9724002761,12.098536226,8.2005037338,4.97385693964,2.69954832566,1.31109445469,0.56979930119,0.221592420597	4	norm	0	264000
266841	0,1,2,3,4,5,6,7,8,9,10,11,12,13,14,15,16,17,18,19	0.0771139498146,0.221592420597,0.56979930119,1.31109445469,2.69954832566,4.97385693964,8.2005037338,12.098536226,15.9724002761,18.8691613846,19.9471140201,18.8691613846,15.9724002761,12.098536226,8.2005037338,4.97385693964,2.69954832566,1.31109445469,0.56979930119,0.221592420597	4	norm	0	264000
265914	0,1,2,3,4,5,6,7,8,9,10,11,12,13,14,15,16,17,18,19	0.0771139498146,0.221592420597,0.56979930119,1.31109445469,2.69954832566,4.97385693964,8.2005037338,12.098536226,15.9724002761,18.8691613846,19.9471140201,18.8691613846,15.9724002761,12.098536226,8.2005037338,4.97385693964,2.69954832566,1.31109445469,0.56979930119,0.221592420597	4	norm	0	264000
265586	0,1,2,3,4,5,6,7,8,9,10,11,12,13,14,15,16,17,18,19	0.0771139498146,0.221592420597,0.56979930119,1.31109445469,2.69954832566,4.97385693964,8.2005037338,12.098536226,15.9724002761,18.8691613846,19.9471140201,18.8691613846,15.9724002761,12.098536226,8.2005037338,4.97385693964,2.69954832566,1.31109445469,0.56979930119,0.221592420597	4	norm	0	264000
265172	0,1,2,3,4,5,6,7,8,9,10,11,12,13,14,15,16,17,18,19	0.0771139498146,0.221592420597,0.56979930119,1.31109445469,2.69954832566,4.97385693964,8.2005037338,12.098536226,15.9724002761,18.8691613846,19.9471140201,18.8691613846,15.9724002761,12.098536226,8.2005037338,4.97385693964,2.69954832566,1.31109445469,0.56979930119,0.221592420597	4	norm	0	264000
265342	0,1,2,3,4,5,6,7,8,9,10,11,12,13,14,15,16,17,18,19	0.0771139498146,0.221592420597,0.56979930119,1.31109445469,2.69954832566,4.97385693964,8.2005037338,12.098536226,15.9724002761,18.8691613846,19.9471140201,18.8691613846,15.9724002761,12.098536226,8.2005037338,4.97385693964,2.69954832566,1.31109445469,0.56979930119,0.221592420597	4	norm	0	264000
267733	0,1,2,3,4,5,6,7,8,9,10,11,12,13,14,15,16,17,18,19	0.0771139498146,0.221592420597,0.56979930119,1.31109445469,2.69954832566,4.97385693964,8.2005037338,12.098536226,15.9724002761,18.8691613846,19.9471140201,18.8691613846,15.9724002761,12.098536226,8.2005037338,4.97385693964,2.69954832566,1.31109445469,0.56979930119,0.221592420597	4	norm	0	264000
265460	0,1,2,3,4,5,6,7,8,9,10,11,12,13,14,15,16,17,18,19	0.0771139498146,0.221592420597,0.56979930119,1.31109445469,2.69954832566,4.97385693964,8.2005037338,12.098536226,15.9724002761,18.8691613846,19.9471140201,18.8691613846,15.9724002761,12.098536226,8.2005037338,4.97385693964,2.69954832566,1.31109445469,0.56979930119,0.221592420597	4	norm	0	264000
265518	0,1,2,3,4,5,6,7,8,9,10,11,12,13,14,15,16,17,18,19	0.0771139498146,0.221592420597,0.56979930119,1.31109445469,2.69954832566,4.97385693964,8.2005037338,12.098536226,15.9724002761,18.8691613846,19.9471140201,18.8691613846,15.9724002761,12.098536226,8.2005037338,4.97385693964,2.69954832566,1.31109445469,0.56979930119,0.221592420597	4	norm	0	264000
264644	0,1,2,3,4,5,6,7,8,9,10,11,12,13,14,15,16,17,18,19	0.0771139498146,0.221592420597,0.56979930119,1.31109445469,2.69954832566,4.97385693964,8.2005037338,12.098536226,15.9724002761,18.8691613846,19.9471140201,18.8691613846,15.9724002761,12.098536226,8.2005037338,4.97385693964,2.69954832566,1.31109445469,0.56979930119,0.221592420597	4	norm	0	264000
267301	0,1,2,3,4,5,6,7,8,9,10,11,12,13,14,15,16,17,18,19	0.0771139498146,0.221592420597,0.56979930119,1.31109445469,2.69954832566,4.97385693964,8.2005037338,12.098536226,15.9724002761,18.8691613846,19.9471140201,18.8691613846,15.9724002761,12.098536226,8.2005037338,4.97385693964,2.69954832566,1.31109445469,0.56979930119,0.221592420597	4	norm	0	264000
266143	0,1,2,3,4,5,6,7,8,9,10,11,12,13,14,15,16,17,18,19	0.0771139498146,0.221592420597,0.56979930119,1.31109445469,2.69954832566,4.97385693964,8.2005037338,12.098536226,15.9724002761,18.8691613846,19.9471140201,18.8691613846,15.9724002761,12.098536226,8.2005037338,4.97385693964,2.69954832566,1.31109445469,0.56979930119,0.221592420597	4	norm	0	264000
264002	0,1,2,3,4,5,6,7,8,9,10,11,12,13,14,15,16,17,18,19	0.0771139498146,0.221592420597,0.56979930119,1.31109445469,2.69954832566,4.97385693964,8.2005037338,12.098536226,15.9724002761,18.8691613846,19.9471140201,18.8691613846,15.9724002761,12.098536226,8.2005037338,4.97385693964,2.69954832566,1.31109445469,0.56979930119,0.221592420597	4	norm	0	264000
267067	0,1,2,3,4,5,6,7,8,9,10,11,12,13,14,15,16,17,18,19	0.0771139498146,0.221592420597,0.56979930119,1.31109445469,2.69954832566,4.97385693964,8.2005037338,12.098536226,15.9724002761,18.8691613846,19.9471140201,18.8691613846,15.9724002761,12.098536226,8.2005037338,4.97385693964,2.69954832566,1.31109445469,0.56979930119,0.221592420597	4	norm	0	264000
265808	0,1,2,3,4,5,6,7,8,9,10,11,12,13,14,15,16,17,18,19	0.0771139498146,0.221592420597,0.56979930119,1.31109445469,2.69954832566,4.97385693964,8.2005037338,12.098536226,15.9724002761,18.8691613846,19.9471140201,18.8691613846,15.9724002761,12.098536226,8.2005037338,4.97385693964,2.69954832566,1.31109445469,0.56979930119,0.221592420597	4	norm	0	264000
266812	0,1,2,3,4,5,6,7,8,9,10,11,12,13,14,15,16,17,18,19	0.0771139498146,0.221592420597,0.56979930119,1.31109445469,2.69954832566,4.97385693964,8.2005037338,12.098536226,15.9724002761,18.8691613846,19.9471140201,18.8691613846,15.9724002761,12.098536226,8.2005037338,4.97385693964,2.69954832566,1.31109445469,0.56979930119,0.221592420597	4	norm	0	264000
264293	0,1,2,3,4,5,6,7,8,9,10,11,12,13,14,15,16,17,18,19	0.0771139498146,0.221592420597,0.56979930119,1.31109445469,2.69954832566,4.97385693964,8.2005037338,12.098536226,15.9724002761,18.8691613846,19.9471140201,18.8691613846,15.9724002761,12.098536226,8.2005037338,4.97385693964,2.69954832566,1.31109445469,0.56979930119,0.221592420597	4	norm	0	264000
264324	0,1,2,3,4,5,6,7,8,9,10,11,12,13,14,15,16,17,18,19	0.0771139498146,0.221592420597,0.56979930119,1.31109445469,2.69954832566,4.97385693964,8.2005037338,12.098536226,15.9724002761,18.8691613846,19.9471140201,18.8691613846,15.9724002761,12.098536226,8.2005037338,4.97385693964,2.69954832566,1.31109445469,0.56979930119,0.221592420597	4	norm	0	264000
266078	0,1,2,3,4,5,6,7,8,9,10,11,12,13,14,15,16,17,18,19	0.0771139498146,0.221592420597,0.56979930119,1.31109445469,2.69954832566,4.97385693964,8.2005037338,12.098536226,15.9724002761,18.8691613846,19.9471140201,18.8691613846,15.9724002761,12.098536226,8.2005037338,4.97385693964,2.69954832566,1.31109445469,0.56979930119,0.221592420597	4	norm	0	264000
264519	0,1,2,3,4,5,6,7,8,9,10,11,12,13,14,15,16,17,18,19	0.0771139498146,0.221592420597,0.56979930119,1.31109445469,2.69954832566,4.97385693964,8.2005037338,12.098536226,15.9724002761,18.8691613846,19.9471140201,18.8691613846,15.9724002761,12.098536226,8.2005037338,4.97385693964,2.69954832566,1.31109445469,0.56979930119,0.221592420597	4	norm	0	264000
265052	0,1,2,3,4,5,6,7,8,9,10,11,12,13,14,15,16,17,18,19	0.0771139498146,0.221592420597,0.56979930119,1.31109445469,2.69954832566,4.97385693964,8.2005037338,12.098536226,15.9724002761,18.8691613846,19.9471140201,18.8691613846,15.9724002761,12.098536226,8.2005037338,4.97385693964,2.69954832566,1.31109445469,0.56979930119,0.221592420597	4	norm	0	264000
266190	0,1,2,3,4,5,6,7,8,9,10,11,12,13,14,15,16,17,18,19	0.0771139498146,0.221592420597,0.56979930119,1.31109445469,2.69954832566,4.97385693964,8.2005037338,12.098536226,15.9724002761,18.8691613846,19.9471140201,18.8691613846,15.9724002761,12.098536226,8.2005037338,4.97385693964,2.69954832566,1.31109445469,0.56979930119,0.221592420597	4	norm	0	264000
266023	0,1,2,3,4,5,6,7,8,9,10,11,12,13,14,15,16,17,18,19	0.0771139498146,0.221592420597,0.56979930119,1.31109445469,2.69954832566,4.97385693964,8.2005037338,12.098536226,15.9724002761,18.8691613846,19.9471140201,18.8691613846,15.9724002761,12.098536226,8.2005037338,4.97385693964,2.69954832566,1.31109445469,0.56979930119,0.221592420597	4	norm	0	264000
264396	0,1,2,3,4,5,6,7,8,9,10,11,12,13,14,15,16,17,18,19	0.0771139498146,0.221592420597,0.56979930119,1.31109445469,2.69954832566,4.97385693964,8.2005037338,12.098536226,15.9724002761,18.8691613846,19.9471140201,18.8691613846,15.9724002761,12.098536226,8.2005037338,4.97385693964,2.69954832566,1.31109445469,0.56979930119,0.221592420597	4	norm	0	264000
265170	0,1,2,3,4,5,6,7,8,9,10,11,12,13,14,15,16,17,18,19	0.0771139498146,0.221592420597,0.56979930119,1.31109445469,2.69954832566,4.97385693964,8.2005037338,12.098536226,15.9724002761,18.8691613846,19.9471140201,18.8691613846,15.9724002761,12.098536226,8.2005037338,4.97385693964,2.69954832566,1.31109445469,0.56979930119,0.221592420597	4	norm	0	264000
264575	0,1,2,3,4,5,6,7,8,9,10,11,12,13,14,15,16,17,18,19	0.0771139498146,0.221592420597,0.56979930119,1.31109445469,2.69954832566,4.97385693964,8.2005037338,12.098536226,15.9724002761,18.8691613846,19.9471140201,18.8691613846,15.9724002761,12.098536226,8.2005037338,4.97385693964,2.69954832566,1.31109445469,0.56979930119,0.221592420597	4	norm	0	264000
266543	0,1,2,3,4,5,6,7,8,9,10,11,12,13,14,15,16,17,18,19	0.0771139498146,0.221592420597,0.56979930119,1.31109445469,2.69954832566,4.97385693964,8.2005037338,12.098536226,15.9724002761,18.8691613846,19.9471140201,18.8691613846,15.9724002761,12.098536226,8.2005037338,4.97385693964,2.69954832566,1.31109445469,0.56979930119,0.221592420597	4	norm	0	264000
264957	0,1,2,3,4,5,6,7,8,9,10,11,12,13,14,15,16,17,18,19	0.0771139498146,0.221592420597,0.56979930119,1.31109445469,2.69954832566,4.97385693964,8.2005037338,12.098536226,15.9724002761,18.8691613846,19.9471140201,18.8691613846,15.9724002761,12.098536226,8.2005037338,4.97385693964,2.69954832566,1.31109445469,0.56979930119,0.221592420597	4	norm	0	264000
266229	0,1,2,3,4,5,6,7,8,9,10,11,12,13,14,15,16,17,18,19	0.0771139498146,0.221592420597,0.56979930119,1.31109445469,2.69954832566,4.97385693964,8.2005037338,12.098536226,15.9724002761,18.8691613846,19.9471140201,18.8691613846,15.9724002761,12.098536226,8.2005037338,4.97385693964,2.69954832566,1.31109445469,0.56979930119,0.221592420597	4	norm	0	264000
264078	0,1,2,3,4,5,6,7,8,9,10,11,12,13,14,15,16,17,18,19	0.0771139498146,0.221592420597,0.56979930119,1.31109445469,2.69954832566,4.97385693964,8.2005037338,12.098536226,15.9724002761,18.8691613846,19.9471140201,18.8691613846,15.9724002761,12.098536226,8.2005037338,4.97385693964,2.69954832566,1.31109445469,0.56979930119,0.221592420597	4	norm	0	264000
264657	0,1,2,3,4,5,6,7,8,9,10,11,12,13,14,15,16,17,18,19	0.0771139498146,0.221592420597,0.56979930119,1.31109445469,2.69954832566,4.97385693964,8.2005037338,12.098536226,15.9724002761,18.8691613846,19.9471140201,18.8691613846,15.9724002761,12.098536226,8.2005037338,4.97385693964,2.69954832566,1.31109445469,0.56979930119,0.221592420597	4	norm	0	264000
264743	0,1,2,3,4,5,6,7,8,9,10,11,12,13,14,15,16,17,18,19	0.0771139498146,0.221592420597,0.56979930119,1.31109445469,2.69954832566,4.97385693964,8.2005037338,12.098536226,15.9724002761,18.8691613846,19.9471140201,18.8691613846,15.9724002761,12.098536226,8.2005037338,4.97385693964,2.69954832566,1.31109445469,0.56979930119,0.221592420597	4	norm	0	264000
265909	0,1,2,3,4,5,6,7,8,9,10,11,12,13,14,15,16,17,18,19	0.0771139498146,0.221592420597,0.56979930119,1.31109445469,2.69954832566,4.97385693964,8.2005037338,12.098536226,15.9724002761,18.8691613846,19.9471140201,18.8691613846,15.9724002761,12.098536226,8.2005037338,4.97385693964,2.69954832566,1.31109445469,0.56979930119,0.221592420597	4	norm	0	264000
267657	0,1,2,3,4,5,6,7,8,9,10,11,12,13,14,15,16,17,18,19	0.0771139498146,0.221592420597,0.56979930119,1.31109445469,2.69954832566,4.97385693964,8.2005037338,12.098536226,15.9724002761,18.8691613846,19.9471140201,18.8691613846,15.9724002761,12.098536226,8.2005037338,4.97385693964,2.69954832566,1.31109445469,0.56979930119,0.221592420597	4	norm	0	264000
266458	0,1,2,3,4,5,6,7,8,9,10,11,12,13,14,15,16,17,18,19	0.0771139498146,0.221592420597,0.56979930119,1.31109445469,2.69954832566,4.97385693964,8.2005037338,12.098536226,15.9724002761,18.8691613846,19.9471140201,18.8691613846,15.9724002761,12.098536226,8.2005037338,4.97385693964,2.69954832566,1.31109445469,0.56979930119,0.221592420597	4	norm	0	264000
266741	0,1,2,3,4,5,6,7,8,9,10,11,12,13,14,15,16,17,18,19	0.0771139498146,0.221592420597,0.56979930119,1.31109445469,2.69954832566,4.97385693964,8.2005037338,12.098536226,15.9724002761,18.8691613846,19.9471140201,18.8691613846,15.9724002761,12.098536226,8.2005037338,4.97385693964,2.69954832566,1.31109445469,0.56979930119,0.221592420597	4	norm	0	264000
266446	0,1,2,3,4,5,6,7,8,9,10,11,12,13,14,15,16,17,18,19	0.0771139498146,0.221592420597,0.56979930119,1.31109445469,2.69954832566,4.97385693964,8.2005037338,12.098536226,15.9724002761,18.8691613846,19.9471140201,18.8691613846,15.9724002761,12.098536226,8.2005037338,4.97385693964,2.69954832566,1.31109445469,0.56979930119,0.221592420597	4	norm	0	264000
264793	0,1,2,3,4,5,6,7,8,9,10,11,12,13,14,15,16,17,18,19	0.0771139498146,0.221592420597,0.56979930119,1.31109445469,2.69954832566,4.97385693964,8.2005037338,12.098536226,15.9724002761,18.8691613846,19.9471140201,18.8691613846,15.9724002761,12.098536226,8.2005037338,4.97385693964,2.69954832566,1.31109445469,0.56979930119,0.221592420597	4	norm	0	264000
267396	0,1,2,3,4,5,6,7,8,9,10,11,12,13,14,15,16,17,18,19	0.0771139498146,0.221592420597,0.56979930119,1.31109445469,2.69954832566,4.97385693964,8.2005037338,12.098536226,15.9724002761,18.8691613846,19.9471140201,18.8691613846,15.9724002761,12.098536226,8.2005037338,4.97385693964,2.69954832566,1.31109445469,0.56979930119,0.221592420597	4	norm	0	264000
265931	0,1,2,3,4,5,6,7,8,9,10,11,12,13,14,15,16,17,18,19	0.0771139498146,0.221592420597,0.56979930119,1.31109445469,2.69954832566,4.97385693964,8.2005037338,12.098536226,15.9724002761,18.8691613846,19.9471140201,18.8691613846,15.9724002761,12.098536226,8.2005037338,4.97385693964,2.69954832566,1.31109445469,0.56979930119,0.221592420597	4	norm	0	264000
264452	0,1,2,3,4,5,6,7,8,9,10,11,12,13,14,15,16,17,18,19	0.0771139498146,0.221592420597,0.56979930119,1.31109445469,2.69954832566,4.97385693964,8.2005037338,12.098536226,15.9724002761,18.8691613846,19.9471140201,18.8691613846,15.9724002761,12.098536226,8.2005037338,4.97385693964,2.69954832566,1.31109445469,0.56979930119,0.221592420597	4	norm	0	264000
264207	0,1,2,3,4,5,6,7,8,9,10,11,12,13,14,15,16,17,18,19	0.0771139498146,0.221592420597,0.56979930119,1.31109445469,2.69954832566,4.97385693964,8.2005037338,12.098536226,15.9724002761,18.8691613846,19.9471140201,18.8691613846,15.9724002761,12.098536226,8.2005037338,4.97385693964,2.69954832566,1.31109445469,0.56979930119,0.221592420597	4	norm	0	264000
265102	0,1,2,3,4,5,6,7,8,9,10,11,12,13,14,15,16,17,18,19	0.0771139498146,0.221592420597,0.56979930119,1.31109445469,2.69954832566,4.97385693964,8.2005037338,12.098536226,15.9724002761,18.8691613846,19.9471140201,18.8691613846,15.9724002761,12.098536226,8.2005037338,4.97385693964,2.69954832566,1.31109445469,0.56979930119,0.221592420597	4	norm	0	264000
264188	0,1,2,3,4,5,6,7,8,9,10,11,12,13,14,15,16,17,18,19	0.0771139498146,0.221592420597,0.56979930119,1.31109445469,2.69954832566,4.97385693964,8.2005037338,12.098536226,15.9724002761,18.8691613846,19.9471140201,18.8691613846,15.9724002761,12.098536226,8.2005037338,4.97385693964,2.69954832566,1.31109445469,0.56979930119,0.221592420597	4	norm	0	264000
