ID	X	Y	cluster	func	noise	original_trajectory
173243	0,1,2,3,4,5,6,7,8,9,10,11,12,13,14,15,16,17,18,19	74.6327195868,114.52426728,146.601891768,159.63919601,172.951500698,178.008186598,186.049570607,178.551717617,186.209650255,195.651411895,191.877021106,191.142065897,200.31252546,202.382688203,206.611417168,204.06859589,205.786068862,197.044753061,198.586430036,199.972410155	A	hyperbolic	0.2	132000
172812	0,1,2,3,4,5,6,7,8,9,10,11,12,13,14,15,16,17,18,19	-43.8647736055,-2.76071816267,34.7930366751,41.678014069,57.8115274238,57.6425812201,63.1694767508,67.5300575778,74.3247698817,78.3366920037,85.1912392321,83.9306283953,87.3184400618,82.7438693831,89.6345788479,82.6260672706,94.4575986542,93.6090716292,81.9501000397,94.8277718873	B	hyperbolic	0.2	132000
175249	0,1,2,3,4,5,6,7,8,9,10,11,12,13,14,15,16,17,18,19	-25.2108884353,25.5541151764,45.2464478735,58.8726208397,81.1577908988,79.7318213963,92.0683378888,87.3849214093,86.7694651052,98.1933939969,99.6164484642,98.8156646688,99.9393562426,95.9964886209,111.192068103,110.659157932,102.90415178,109.246417284,113.393157903,103.188054226	B	hyperbolic	0.2	132000
175309	0,1,2,3,4,5,6,7,8,9,10,11,12,13,14,15,16,17,18,19	-34.1251153888,15.2017972198,30.1878736767,49.7816305735,53.2189039429,60.2804534875,67.8310619689,81.4635091654,74.8583677577,77.4047191479,83.4774941494,95.9823314045,94.6872983343,85.9883583161,98.7309498764,101.820351683,94.6460255551,96.3188326696,98.5518625965,93.7590388017	B	hyperbolic	0.2	132000
173067	0,1,2,3,4,5,6,7,8,9,10,11,12,13,14,15,16,17,18,19	20.1995952391,71.100985292,96.4978907636,112.013657716,115.201251394,121.979120546,128.158874808,138.340152264,143.446045896,147.534872548,144.826468715,156.72057501,150.441371431,146.477246093,162.57207463,151.768408982,163.362516672,153.249066974,164.843426061,159.618056854	A	hyperbolic	0.2	132000
173298	0,1,2,3,4,5,6,7,8,9,10,11,12,13,14,15,16,17,18,19	-29.6583820692,21.5412310629,54.2499582593,57.2734646398,74.0188529695,69.4153740716,86.0694676251,88.2613580046,98.9269567987,87.9881399283,90.6022146752,98.6515317247,93.3958361535,99.563188393,102.250531927,107.404063462,101.639870988,98.3951685717,107.445472118,103.869938806	B	hyperbolic	0.2	132000
172608	0,1,2,3,4,5,6,7,8,9,10,11,12,13,14,15,16,17,18,19	-25.4150465167,26.0342750276,46.254089178,68.5700818548,66.845607345,77.7912797483,77.1406037453,82.7974043848,87.0272908807,87.7060959677,98.5731036424,105.789812818,94.5429712676,104.568162233,109.377654177,107.964136291,100.36055089,109.196439795,98.8506097465,100.190288304	B	hyperbolic	0.2	132000
172092	0,1,2,3,4,5,6,7,8,9,10,11,12,13,14,15,16,17,18,19	-79.5265195436,-22.2150794929,1.12049879864,18.1828293489,24.6862208664,39.1423287988,35.9470954228,48.3322362749,46.6995015887,42.8424352286,42.9905461296,46.5898010885,59.1756248363,48.2629509786,52.3482517747,59.0525060877,53.802646508,58.6009143835,58.0175644701,56.3744871359	C	hyperbolic	0.2	132000
175556	0,1,2,3,4,5,6,7,8,9,10,11,12,13,14,15,16,17,18,19	-78.9452692021,-30.3088059581,4.13250298328,2.51067247395,16.6138586792,31.6687074972,31.1497642542,38.8281277396,35.8065574031,45.5015724956,50.9668064524,48.7264442736,45.8092755896,48.3518585655,44.4132555505,52.6663371457,48.4138128673,54.7606859893,57.150761603,57.8868757517	C	hyperbolic	0.2	132000
172702	0,1,2,3,4,5,6,7,8,9,10,11,12,13,14,15,16,17,18,19	53.5640094043,108.585273733,131.490773413,158.303586479,153.168327374,159.713219254,165.256131662,180.778737617,182.703394695,187.787834395,182.840069169,183.400488128,185.093354876,187.30089259,197.383286455,200.084507893,189.275232166,191.57891033,201.497697625,196.811357378	A	hyperbolic	0.2	132000
174580	0,1,2,3,4,5,6,7,8,9,10,11,12,13,14,15,16,17,18,19	97.536386663,143.470528136,164.038312731,173.489227065,190.409427943,194.732549053,198.63374285,210.333431772,212.416020154,206.084968411,208.289279133,212.969336467,219.000602116,225.237534933,211.461786153,228.70435388,228.970936833,227.823019987,228.686991752,233.228448615	A	hyperbolic	0.2	132000
174506	0,1,2,3,4,5,6,7,8,9,10,11,12,13,14,15,16,17,18,19	1.88552708989,51.896604636,87.4358195229,99.8027574714,101.829471518,121.644450352,114.191444922,130.760457689,120.414920405,125.634260839,134.518144159,133.916969233,131.942750112,136.768524097,141.663804602,132.262948172,140.143257488,133.487665258,139.801682426,136.075721253	B	hyperbolic	0.2	132000
172313	0,1,2,3,4,5,6,7,8,9,10,11,12,13,14,15,16,17,18,19	91.1574862503,147.221455028,166.19661308,178.149202038,193.087752988,203.595806058,210.999862204,211.575236865,214.670937242,212.788595305,217.901758533,227.278196037,222.130841328,228.841835008,220.238652235,236.562169056,236.078690372,238.952492066,236.34303269,224.120884634	A	hyperbolic	0.2	132000
174906	0,1,2,3,4,5,6,7,8,9,10,11,12,13,14,15,16,17,18,19	42.6757955583,85.0536454563,104.188160837,130.051537103,138.749499528,134.760648519,153.292335157,144.490037125,150.759915728,150.511419615,164.317090074,154.701403191,157.17358121,161.288422878,170.312915738,165.592092702,175.47422454,161.825400288,170.334852225,162.545157899	A	hyperbolic	0.2	132000
173269	0,1,2,3,4,5,6,7,8,9,10,11,12,13,14,15,16,17,18,19	0.988352409458,58.5517752681,78.1174936447,92.9737784001,113.625922906,120.169358,119.884170989,129.149529482,121.887810363,132.352113631,128.495451765,132.813781004,135.210430269,142.373445811,132.310106336,129.547638628,142.713858335,135.524812989,145.625134123,142.610254248	B	hyperbolic	0.2	132000
174368	0,1,2,3,4,5,6,7,8,9,10,11,12,13,14,15,16,17,18,19	4.46334500745,51.4888806916,65.610741035,88.4634275391,89.7247522472,99.4345643966,106.134756793,114.067686803,124.373013427,116.583002682,121.007214528,121.881789419,123.967266019,119.082526484,131.040167121,129.521504113,124.211997723,130.305254087,135.235042993,133.338425667	B	hyperbolic	0.2	132000
173870	0,1,2,3,4,5,6,7,8,9,10,11,12,13,14,15,16,17,18,19	16.3435829401,59.8957442568,84.023282849,99.5707131218,115.71971549,113.413969169,124.760269684,123.562458822,131.574707004,136.826358874,130.328238218,133.764897203,140.36635428,139.01296238,152.049946632,146.882810992,145.339578412,153.65291513,146.375403507,145.975505937	B	hyperbolic	0.2	132000
175911	0,1,2,3,4,5,6,7,8,9,10,11,12,13,14,15,16,17,18,19	-80.3023274162,-40.3849519173,-5.23120144896,0.695832199364,21.4506885671,14.5948069241,36.1047327482,36.7678991275,38.9799866774,38.1103920901,42.8680839074,43.166921043,43.9716979343,47.9021864704,50.8945529726,52.3498297209,49.4499617978,43.7214606814,42.0042392379,47.3283287223	C	hyperbolic	0.2	132000
175481	0,1,2,3,4,5,6,7,8,9,10,11,12,13,14,15,16,17,18,19	42.7990393657,99.8622302612,123.244105761,123.747346741,149.031083344,142.98692045,150.682285989,162.562317412,162.166140669,165.589454521,171.169351584,173.309859294,170.890155067,169.016816073,179.935866056,172.126163663,178.024230047,167.281166695,179.200504072,181.953309156	A	hyperbolic	0.2	132000
174885	0,1,2,3,4,5,6,7,8,9,10,11,12,13,14,15,16,17,18,19	-35.7678227275,3.20966192766,34.9266549741,44.1040935477,54.2204763863,62.5121640806,66.0690062289,81.2521772214,72.0691293476,76.9346517923,76.5462673955,77.1057031975,87.3193622975,81.7693562855,97.357456056,88.8739501469,90.1781508008,85.85522468,92.3231066069,84.6172142344	B	hyperbolic	0.2	132000
174411	0,1,2,3,4,5,6,7,8,9,10,11,12,13,14,15,16,17,18,19	124.473133071,175.931029092,190.098014489,205.834340174,222.064957473,220.037875028,229.550842665,230.043281799,238.327822917,236.428374896,239.342821383,252.479951895,252.339070817,243.451125092,251.149027936,249.412525839,256.24809512,254.937412104,256.81029208,256.514804008	A	hyperbolic	0.2	132000
174048	0,1,2,3,4,5,6,7,8,9,10,11,12,13,14,15,16,17,18,19	105.876574907,157.408699417,190.957202408,201.938505044,220.238857589,211.931574072,217.724736658,234.356926381,238.12565152,232.907795963,245.47047638,247.319951804,240.154574604,249.857475369,236.507721392,237.583070689,239.001470995,250.988990109,247.277409584,251.61589117	A	hyperbolic	0.2	132000
175593	0,1,2,3,4,5,6,7,8,9,10,11,12,13,14,15,16,17,18,19	-31.441862063,23.4076750886,38.8883436568,55.797401411,71.8621975342,70.5589600968,81.928911306,84.9734970021,90.3995332928,89.1578141789,94.7913818438,90.8651749605,94.4452767874,99.7314950657,93.9331329006,110.064182731,102.417627812,101.982303281,106.78893283,112.237146646	B	hyperbolic	0.2	132000
174802	0,1,2,3,4,5,6,7,8,9,10,11,12,13,14,15,16,17,18,19	85.0901163499,125.481893592,153.462914362,177.358649159,181.288635955,189.090562914,200.762031209,193.548854782,209.987903826,212.402478832,204.215211977,202.739808351,215.532054836,220.229475182,219.977352124,221.59537617,208.694276758,211.363597174,221.926608817,212.02571994	A	hyperbolic	0.2	132000
175136	0,1,2,3,4,5,6,7,8,9,10,11,12,13,14,15,16,17,18,19	75.5248137858,111.824857998,147.49810916,160.466841443,175.349265874,177.283831653,176.215325925,183.377520944,181.76341105,197.921043717,197.474275695,189.740040808,199.411292656,192.835794616,194.951512078,202.768674758,209.809667962,206.965571334,200.151080367,199.236827767	A	hyperbolic	0.2	132000
172403	0,1,2,3,4,5,6,7,8,9,10,11,12,13,14,15,16,17,18,19	-131.160946794,-81.9537327261,-45.1251321309,-45.3082048298,-29.8421223683,-21.0866929617,-13.3058644732,-7.59781420699,-14.1097650829,-11.2260007149,-6.97063668175,3.90339366648,2.08325256726,9.29782486524,3.16765587024,1.43943592465,10.8715754005,2.66995410925,1.21879647432,-0.568353580853	C	hyperbolic	0.2	132000
172965	0,1,2,3,4,5,6,7,8,9,10,11,12,13,14,15,16,17,18,19	10.0374882971,65.3583413612,90.1901492228,93.667993077,113.79086509,112.946923063,118.417674803,117.908721602,136.708730573,138.654340827,134.804271545,138.516506567,131.338247322,144.456665086,136.257773181,139.566236568,137.395462783,138.879642143,140.064680817,150.625855176	B	hyperbolic	0.2	132000
174005	0,1,2,3,4,5,6,7,8,9,10,11,12,13,14,15,16,17,18,19	-83.7564204072,-28.4266043382,-12.3075618996,10.617708382,27.5078840253,31.7037818108,24.8308850043,30.2736997105,34.4613725786,33.9336711858,44.5692387678,42.8218347065,41.9186185702,51.103406237,52.4361638053,56.5668650766,45.7046558567,51.1952781364,46.1109035173,48.0072750739	C	hyperbolic	0.2	132000
174767	0,1,2,3,4,5,6,7,8,9,10,11,12,13,14,15,16,17,18,19	-81.9867177396,-31.8990716765,-3.00470515395,10.1728265268,19.2292169655,26.5718477661,21.6952342663,37.9365763563,31.570921419,29.9335758196,40.4133662522,38.0310617993,39.8613101172,43.9107818297,53.5673929773,56.4648695129,42.474020053,43.2464846363,48.3884884359,52.56750831	C	hyperbolic	0.2	132000
173979	0,1,2,3,4,5,6,7,8,9,10,11,12,13,14,15,16,17,18,19	70.582411858,120.520608078,148.890204493,163.225508561,166.782492349,184.753725911,182.332564194,199.188038229,201.811811324,198.48671928,199.67980366,203.466635313,205.188619712,212.937530783,206.295709658,212.399886244,201.859921386,211.939653924,205.473075333,201.629665169	A	hyperbolic	0.2	132000
175099	0,1,2,3,4,5,6,7,8,9,10,11,12,13,14,15,16,17,18,19	116.050763364,166.711597123,189.084929271,195.453253601,211.707669537,227.888858982,224.025481868,236.559734657,237.498364115,226.872049986,232.03675884,235.672039466,238.198195067,238.476364716,250.744522631,239.217303732,241.185512997,249.595042221,255.417113545,246.31662678	A	hyperbolic	0.2	132000
175503	0,1,2,3,4,5,6,7,8,9,10,11,12,13,14,15,16,17,18,19	-10.7838720115,31.5174454279,69.1963996147,82.7422502683,93.910051629,89.1674196652,102.788579376,106.054193003,112.628653459,110.724982613,111.996281426,109.627251326,112.059520802,113.808002525,113.786198111,114.743607621,117.066592463,120.829701195,127.720443418,129.448678199	B	hyperbolic	0.2	132000
173453	0,1,2,3,4,5,6,7,8,9,10,11,12,13,14,15,16,17,18,19	-29.3380096308,10.3660607195,39.0027048245,64.8051878985,68.99962292,65.6520828439,73.3493298113,75.607244222,80.1393063973,86.6747494312,90.8178932801,97.7811880352,92.946319991,92.6871887505,92.0495591604,106.768185396,94.1497706745,101.791406033,98.2203993175,94.7784231256	B	hyperbolic	0.2	132000
174586	0,1,2,3,4,5,6,7,8,9,10,11,12,13,14,15,16,17,18,19	-106.7472703,-62.5729475153,-23.6760918525,-22.4147137374,-12.4751825941,-0.0954137495167,11.9745447778,6.88866229038,19.4429528412,24.8890090343,27.3149326684,12.6591040334,20.663068359,32.0107979239,30.9031598299,33.7440353769,33.6477292423,23.1855395965,23.8822259158,35.2335950386	C	hyperbolic	0.2	132000
173372	0,1,2,3,4,5,6,7,8,9,10,11,12,13,14,15,16,17,18,19	-136.85666441,-71.1485751513,-58.9395414062,-33.9865754266,-36.2390087191,-24.2482677178,-12.8450052102,-6.77993187502,-15.0567232244,-13.5677489806,-4.71998850411,-9.66637918297,-6.5207745851,1.15609633875,0.575321583124,3.51122036191,-1.13107463259,7.60059697517,3.83121111327,8.90601738246	C	hyperbolic	0.2	132000
173303	0,1,2,3,4,5,6,7,8,9,10,11,12,13,14,15,16,17,18,19	17.6230057628,77.2266791501,101.19045942,121.259848262,124.722119133,135.169753413,137.846692813,141.389363478,143.300489659,147.52515466,144.709213661,157.703170945,149.930928879,160.73518386,152.404397518,162.895881624,164.08289943,150.395692891,153.918622792,153.224765003	A	hyperbolic	0.2	132000
173587	0,1,2,3,4,5,6,7,8,9,10,11,12,13,14,15,16,17,18,19	59.371581068,111.319669824,143.719915034,159.141516255,161.300184503,172.49040311,184.600981297,188.190046332,193.013699883,182.3456038,187.187158831,196.325929892,195.529599498,197.809760036,198.192344291,198.715045031,198.402291226,207.640632085,208.071452069,196.804422973	A	hyperbolic	0.2	132000
175406	0,1,2,3,4,5,6,7,8,9,10,11,12,13,14,15,16,17,18,19	-18.0931632731,26.6622673656,60.2395876725,69.1406520763,77.803883958,97.0401467408,90.9827373601,96.7342975826,108.412409529,102.592438605,105.225995244,107.338317674,119.475308925,120.430975295,123.259355902,114.661250344,114.322664941,121.923249862,126.496737782,119.53537794	B	hyperbolic	0.2	132000
174046	0,1,2,3,4,5,6,7,8,9,10,11,12,13,14,15,16,17,18,19	-120.036394119,-56.2438202229,-45.1192061484,-14.8215497827,-15.9920124696,-8.25931583864,8.74175941249,1.18492844936,4.06024196442,12.8214895941,14.2646156078,22.8498328226,15.3014294987,20.9209550083,17.8743438715,26.5051593862,22.4677447421,14.8363199516,24.4010453891,17.7112178786	C	hyperbolic	0.2	132000
173745	0,1,2,3,4,5,6,7,8,9,10,11,12,13,14,15,16,17,18,19	64.4935890996,106.32278867,131.870449633,147.451191568,170.486864635,176.724648893,179.742151809,179.668234542,183.401829369,186.003751322,193.122610177,193.970240686,198.168018083,191.309103739,202.230320221,192.085031216,199.401771539,201.942036487,202.966660996,191.031554693	A	hyperbolic	0.2	132000
175347	0,1,2,3,4,5,6,7,8,9,10,11,12,13,14,15,16,17,18,19	-142.950795224,-90.2785691704,-59.1432798436,-39.3234576609,-32.4065573904,-23.0826276168,-29.0899243129,-25.186031871,-14.3275426102,-20.8497851906,-8.70557110746,-0.885303284491,-9.29108935697,1.82272066757,-11.1646706944,-8.05230926574,-5.15435328526,-6.72379165068,-0.904886806063,-2.12396902401	C	hyperbolic	0.2	132000
175045	0,1,2,3,4,5,6,7,8,9,10,11,12,13,14,15,16,17,18,19	87.7634322998,136.681885987,157.220824401,173.317739012,183.892247008,198.748616233,199.868624891,200.038618698,211.949924502,216.402335753,216.556346149,220.873414696,215.991534351,208.452386133,225.089980248,224.124439887,227.554123361,213.158549178,228.571988178,219.417761917	A	hyperbolic	0.2	132000
175198	0,1,2,3,4,5,6,7,8,9,10,11,12,13,14,15,16,17,18,19	60.3271367113,116.60901612,135.185537934,154.372640424,166.186436722,167.449172428,182.903920308,174.082225326,182.619809555,189.206307649,194.853735918,182.888653697,198.922862171,198.38453952,193.9814988,187.396251531,198.033421646,199.428366511,198.303603973,192.771712091	A	hyperbolic	0.2	132000
175687	0,1,2,3,4,5,6,7,8,9,10,11,12,13,14,15,16,17,18,19	-77.106902096,-15.976350224,-2.706204958,15.1620600706,30.8599063288,30.6032842519,41.0513457597,44.5821585325,55.6017125263,46.5890352897,51.2788274487,52.7761159678,51.4458657634,63.8079020725,57.9604417794,58.9070595794,58.5180895848,58.2834720717,57.9545763897,72.4188203888	C	hyperbolic	0.2	132000
174736	0,1,2,3,4,5,6,7,8,9,10,11,12,13,14,15,16,17,18,19	-90.581446988,-29.3387006377,0.313210028293,13.0165600137,19.0451864219,20.2154879259,23.7318819591,39.2975613582,39.1533480606,47.9946850032,46.1445957245,51.1148964561,45.059274519,43.1884511371,48.7404684163,55.8734064285,55.7090009783,44.4059834519,48.4382031337,46.340059045	C	hyperbolic	0.2	132000
173616	0,1,2,3,4,5,6,7,8,9,10,11,12,13,14,15,16,17,18,19	102.173430511,158.773899867,188.89822515,196.160150774,212.832378555,216.818016643,228.327826082,235.470857842,234.199262448,240.848087355,242.314619718,241.09199218,242.870388632,236.021864909,240.635342321,241.328391309,246.689630139,244.904108221,238.815198061,248.916060556	A	hyperbolic	0.2	132000
173508	0,1,2,3,4,5,6,7,8,9,10,11,12,13,14,15,16,17,18,19	5.85931249717,53.181214308,76.418533074,93.9440553951,93.2100993385,106.963763704,105.533240099,113.717222164,120.332335234,124.536492798,129.253105415,124.473302773,129.57444484,122.481274866,135.224824223,132.254765561,128.120657711,135.915370533,140.757525839,127.963283347	B	hyperbolic	0.2	132000
175865	0,1,2,3,4,5,6,7,8,9,10,11,12,13,14,15,16,17,18,19	10.7878170484,62.2115504332,100.327971832,115.286768773,118.741273456,131.277526819,129.455109404,135.968058705,141.739800556,135.117236539,137.559634073,146.632570298,139.446636945,142.898541066,146.955807768,152.510098556,149.656539554,159.114982172,152.565511799,146.609042353	A	hyperbolic	0.2	132000
175194	0,1,2,3,4,5,6,7,8,9,10,11,12,13,14,15,16,17,18,19	-111.574908807,-63.7433307377,-31.3206696456,-16.1509390089,-10.9946509838,0.857578187457,9.99121107653,16.1594208781,3.56894547963,10.7238893043,10.7822118804,12.9086057882,21.6620572043,29.8489978237,30.2444334933,28.8605579101,26.6834861302,21.7097037903,26.2638200861,27.6064396324	C	hyperbolic	0.2	132000
172775	0,1,2,3,4,5,6,7,8,9,10,11,12,13,14,15,16,17,18,19	-133.695723567,-70.0283160846,-53.9171770089,-38.3232759903,-28.9192313153,-10.8691527269,-13.5593198004,-1.75363270897,-9.17027222482,-1.85149740085,-3.49106871508,-6.81759688856,-0.953198606852,5.30755025324,2.61771039126,11.1376942332,1.47782038759,12.7202059067,0.894142706257,7.86936725694	C	hyperbolic	0.2	132000
172942	0,1,2,3,4,5,6,7,8,9,10,11,12,13,14,15,16,17,18,19	-36.0887328707,13.7642110615,41.9164662034,49.4448349914,73.5081951977,81.4908454613,86.7842304579,81.6100259238,95.2413811201,83.0206070191,96.7998233629,100.326433862,100.624497557,98.5004319366,103.978186858,90.5869279712,96.584694434,97.0354209529,100.748936026,102.054246455	B	hyperbolic	0.2	132000
174521	0,1,2,3,4,5,6,7,8,9,10,11,12,13,14,15,16,17,18,19	86.3491592919,130.344818378,158.544937022,159.782384699,181.089371393,179.206601681,192.039543976,190.145110889,198.052761084,200.469792236,203.953779451,207.261279125,212.238323799,208.103718925,211.574551204,218.473022112,213.547523535,209.107044094,213.43365653,206.764141793	A	hyperbolic	0.2	132000
175014	0,1,2,3,4,5,6,7,8,9,10,11,12,13,14,15,16,17,18,19	23.1938763178,60.3477554876,98.7352894227,107.713505309,110.384227673,125.214809189,136.175885093,136.714921738,141.64816843,134.071677872,143.445980148,148.64225849,138.687279122,140.961802544,149.753477985,155.918728476,141.7819935,157.241185796,146.285223168,146.342705791	A	hyperbolic	0.2	132000
175149	0,1,2,3,4,5,6,7,8,9,10,11,12,13,14,15,16,17,18,19	-24.7475817731,26.9517129338,38.8759044388,55.2391556515,71.9190246497,73.870656506,87.2559984931,87.3858490414,86.1854846463,86.8389469992,102.694229129,100.855995406,95.7600600411,98.2987113399,110.049367191,108.568210234,105.028443212,109.693186658,99.324672601,104.806674802	B	hyperbolic	0.2	132000
172194	0,1,2,3,4,5,6,7,8,9,10,11,12,13,14,15,16,17,18,19	-2.50181236852,49.4937160655,75.8221417265,86.99890317,100.509283921,106.205680126,104.19415268,106.207750926,123.007249571,112.387361012,115.277466466,125.282186796,118.181502087,118.403531649,130.288923114,127.795373234,138.580010782,123.807850446,123.993526652,128.594641121	B	hyperbolic	0.2	132000
175337	0,1,2,3,4,5,6,7,8,9,10,11,12,13,14,15,16,17,18,19	-39.5745257156,19.9006876859,30.0508504686,49.3084128222,59.6730979535,60.0118572512,71.0269164553,81.1277988571,78.882212686,81.2327746066,80.1670010004,80.2205037906,83.0459490769,88.5821104716,92.2858574143,95.3452582948,91.4429383805,92.4123184093,97.1750826568,103.703914597	B	hyperbolic	0.2	132000
174144	0,1,2,3,4,5,6,7,8,9,10,11,12,13,14,15,16,17,18,19	-41.8327844558,10.8593551842,48.2047586541,51.5748985804,72.8022447379,72.4524565309,84.2683842384,74.4029615317,79.8316190076,94.9487165963,88.1351972446,96.114455363,85.7457470098,99.225954408,92.0603360204,104.032809613,97.3588946863,101.960664859,101.467444836,101.732568765	B	hyperbolic	0.2	132000
173047	0,1,2,3,4,5,6,7,8,9,10,11,12,13,14,15,16,17,18,19	-31.7626603801,18.3260140143,46.6065284125,50.0227438317,71.8368975723,71.328097167,83.1804224081,92.5115241872,92.6856356896,84.8016410478,90.3790961138,94.8702259631,95.1376428463,91.8671412895,99.4811741558,91.457250819,92.7187897447,109.936583085,97.3891946813,99.027965546	B	hyperbolic	0.2	132000
174157	0,1,2,3,4,5,6,7,8,9,10,11,12,13,14,15,16,17,18,19	26.6054721033,68.4338726624,92.4252614808,116.112046331,115.079466087,126.258698326,131.486624695,136.326511603,134.212907099,137.627282834,141.05829022,155.390979777,143.948869432,152.546523785,160.998398706,151.34027005,150.928988734,156.878485628,149.583284049,152.634551894	A	hyperbolic	0.2	132000
172545	0,1,2,3,4,5,6,7,8,9,10,11,12,13,14,15,16,17,18,19	-78.9284295379,-40.225782134,-7.57038484484,10.9590864151,12.6494373409,30.3641382559,28.0732311477,34.8430890772,39.8038032982,38.5118859598,37.757388121,41.9062932436,49.4487894152,56.4552500143,49.4788713595,50.098877507,48.1427765235,45.8663470535,56.9878429468,48.3238477642	C	hyperbolic	0.2	132000
175188	0,1,2,3,4,5,6,7,8,9,10,11,12,13,14,15,16,17,18,19	-114.413135195,-64.3498812017,-34.9747240749,-20.0608597235,-7.12551667557,-2.11625801175,-9.42105298967,-0.347780276217,12.4467378744,12.2151335526,4.56985489611,8.3402202357,19.7379236842,19.0410576656,18.3001307316,20.7450579358,18.8471736077,18.5247290449,14.7285193425,26.0871042278	C	hyperbolic	0.2	132000
173245	0,1,2,3,4,5,6,7,8,9,10,11,12,13,14,15,16,17,18,19	2.77480489637,56.8560387629,82.6283855051,97.0115234122,111.799728442,103.140804391,118.576294951,121.074895569,126.298112168,123.572538078,132.346573469,129.13275933,124.494187431,127.539015992,136.437520219,137.484722648,140.829623997,138.842254229,143.027938214,135.412323785	B	hyperbolic	0.2	132000
175639	0,1,2,3,4,5,6,7,8,9,10,11,12,13,14,15,16,17,18,19	116.931906222,157.689203406,180.10410074,199.348144771,211.258298426,211.157954551,219.040792408,219.508887975,231.704339613,239.284211643,233.651891129,240.709704687,231.059161345,245.77155811,234.393679403,241.763887897,243.148648913,239.627436485,238.585535646,247.011001248	A	hyperbolic	0.2	132000
175996	0,1,2,3,4,5,6,7,8,9,10,11,12,13,14,15,16,17,18,19	-45.7127041313,-11.5988795248,21.4311056966,37.7412749572,43.8265024407,56.2562671877,54.3197553744,69.00981896,63.4005517529,71.8442898265,78.9643722154,77.530138923,74.8726540295,81.6814399443,72.0383934393,72.6517453626,78.2826815993,73.8634904448,75.1618770392,84.8144470936	B	hyperbolic	0.2	132000
172754	0,1,2,3,4,5,6,7,8,9,10,11,12,13,14,15,16,17,18,19	-49.2192620684,-4.32391141309,18.3213815348,44.597721994,53.6278565325,53.4373260815,64.6490310363,61.636457073,74.3782377154,78.4020753067,81.4448865685,79.4194130213,86.0476008505,77.4654460239,87.6658318593,91.2291407061,78.7518519522,92.0161092029,80.0089720486,78.6060586189	B	hyperbolic	0.2	132000
175734	0,1,2,3,4,5,6,7,8,9,10,11,12,13,14,15,16,17,18,19	-17.8753607442,28.7081841414,54.2208160838,69.6346771731,76.3850247828,75.4971480315,91.474110408,100.560006871,96.9177887639,101.416621504,94.3584001106,95.4648345043,98.4159322559,104.47525394,100.238388527,108.330976248,111.753999772,112.58557478,112.168336063,118.218615623	B	hyperbolic	0.2	132000
172053	0,1,2,3,4,5,6,7,8,9,10,11,12,13,14,15,16,17,18,19	-139.849394826,-77.0543725987,-50.0811107904,-45.0433728405,-39.1082618307,-18.9500554509,-21.9537648486,-7.58762403721,-20.4801612589,-9.07797790768,-14.5769819916,-13.8254036345,-1.55293067816,0.095884059814,-8.8758003013,0.256751814444,-6.10280210299,5.69669728137,10.4817307111,-3.98538670348	C	hyperbolic	0.2	132000
175914	0,1,2,3,4,5,6,7,8,9,10,11,12,13,14,15,16,17,18,19	-39.7392834595,18.6062760854,40.9183619895,54.1524645664,65.9852519549,73.9195224156,75.3374242725,84.6778392944,72.1158495705,89.9696484344,83.562551439,93.4595878818,81.3276554202,94.8230446505,93.685955505,90.194259795,89.1379493619,86.916624711,99.4944152364,94.5681933349	B	hyperbolic	0.2	132000
172279	0,1,2,3,4,5,6,7,8,9,10,11,12,13,14,15,16,17,18,19	113.192248043,165.3931554,190.690732676,199.357216627,217.351387174,222.6897102,225.583341695,240.948321528,230.669406907,232.473386466,246.575461191,248.785177339,247.358836822,242.950093736,250.193414444,242.114955914,254.253621471,250.576297543,248.375926821,244.675247402	A	hyperbolic	0.2	132000
173586	0,1,2,3,4,5,6,7,8,9,10,11,12,13,14,15,16,17,18,19	1.06310695303,50.9880203516,68.8032801614,93.5847066497,106.254700736,111.872130672,118.070592808,123.109172939,120.074231011,130.904634964,118.639509287,124.31939763,126.285437469,131.295171719,123.803440669,139.768699235,126.567939103,129.569251119,143.652767739,136.634853567	B	hyperbolic	0.2	132000
174228	0,1,2,3,4,5,6,7,8,9,10,11,12,13,14,15,16,17,18,19	32.0086070027,90.6521124538,113.109949218,118.952442118,131.357270144,149.158638189,142.058200098,156.789722702,151.430083281,161.0760164,164.833847135,160.833815208,166.573632079,172.952922998,169.938652914,171.312312102,161.198310864,169.532159867,162.448258086,161.830721283	A	hyperbolic	0.2	132000
173758	0,1,2,3,4,5,6,7,8,9,10,11,12,13,14,15,16,17,18,19	8.44147740044,52.5070478895,79.1971912683,92.8701208191,98.677362349,115.545417921,122.901584291,121.939149527,123.445687138,122.131156742,133.366879654,137.791430354,125.512856773,135.257040322,140.22377067,134.785427962,134.983287353,144.346374314,135.610619981,133.54350838	B	hyperbolic	0.2	132000
174122	0,1,2,3,4,5,6,7,8,9,10,11,12,13,14,15,16,17,18,19	-137.95158806,-79.3104660662,-55.9052041244,-47.0112056868,-31.2567867761,-20.6611502746,-18.4389591261,-20.164676377,-6.59374959329,-15.2600697655,-13.0378341712,-5.40776077354,-1.95504246696,-7.14017660977,-8.28925356672,-5.73328875663,5.23777327543,6.94321249423,-7.10319373328,0.97791310239	C	hyperbolic	0.2	132000
172768	0,1,2,3,4,5,6,7,8,9,10,11,12,13,14,15,16,17,18,19	71.8191823542,135.714362691,158.705519402,175.569958427,187.924442152,189.745151393,199.864882974,190.032459802,205.576775489,209.181963053,196.891759117,198.683555345,209.267550758,208.717718553,205.588087631,207.854164261,207.968919623,221.63255786,209.396394231,220.763664106	A	hyperbolic	0.2	132000
174413	0,1,2,3,4,5,6,7,8,9,10,11,12,13,14,15,16,17,18,19	114.386251523,154.268412879,179.032686659,201.684324151,211.212268312,207.747654658,227.81368027,228.160513439,219.88356268,231.357467257,237.780221071,239.000144001,242.885963554,239.0730491,243.174446577,243.034419495,238.110655024,234.589156698,247.094781219,237.844403008	A	hyperbolic	0.2	132000
174338	0,1,2,3,4,5,6,7,8,9,10,11,12,13,14,15,16,17,18,19	103.057512577,160.809071443,174.201336319,199.387087935,205.493707016,219.232877294,223.183090686,228.124387967,227.027975265,222.865256473,227.527953015,234.071122156,227.833532945,238.868890938,234.696639634,243.409112986,243.616596454,238.283805443,232.066505568,247.450264024	A	hyperbolic	0.2	132000
175573	0,1,2,3,4,5,6,7,8,9,10,11,12,13,14,15,16,17,18,19	14.3351822088,60.24601041,80.8449665831,107.489939352,105.730531132,118.52426342,120.499161007,131.579956178,138.732021008,131.658781697,144.998868724,143.152452067,142.96459578,142.28815743,149.575719848,140.669972777,149.578033425,153.106966386,147.709679942,139.332364048	B	hyperbolic	0.2	132000
172070	0,1,2,3,4,5,6,7,8,9,10,11,12,13,14,15,16,17,18,19	-56.3468775342,-18.9657772338,9.03612740146,22.1698948839,38.8603571482,51.6565039423,53.5912264473,51.3972415936,59.4432379389,66.1993719778,60.2725981677,63.6293135066,59.5513445973,68.8696607186,77.9848903784,74.722681673,79.194564549,71.7773688233,67.6408735997,77.0883004721	B	hyperbolic	0.2	132000
174984	0,1,2,3,4,5,6,7,8,9,10,11,12,13,14,15,16,17,18,19	-108.886161914,-56.5041044264,-26.3999358763,-9.59063558585,1.44998594566,0.638677840536,10.3649465788,16.1629398527,19.832769767,20.418852884,27.2051811503,31.3122950246,21.337039775,24.5124035353,25.4138154683,24.7648034513,24.0157658797,35.8446401282,39.4590030319,41.8222296829	C	hyperbolic	0.2	132000
173540	0,1,2,3,4,5,6,7,8,9,10,11,12,13,14,15,16,17,18,19	-47.109329897,5.19018351304,40.0551184861,48.7712959352,61.6235122995,71.1609548753,62.1080275899,70.1429734061,81.458223576,80.1949265478,90.4488026447,77.8587743533,93.0941968261,89.0890137151,92.0221644345,88.8840646166,92.1767468769,90.2837746462,88.4684799851,94.2481298222	B	hyperbolic	0.2	132000
172225	0,1,2,3,4,5,6,7,8,9,10,11,12,13,14,15,16,17,18,19	121.24158911,167.943601541,194.617688122,213.280280915,227.121763013,225.907115415,228.871713733,233.741057485,240.344012812,246.215734096,246.125314164,260.006045156,261.065842634,262.681149574,259.256805794,258.270902085,261.01142723,264.786155202,262.489806987,258.076298414	A	hyperbolic	0.2	132000
174289	0,1,2,3,4,5,6,7,8,9,10,11,12,13,14,15,16,17,18,19	127.811420874,164.313311588,194.81391822,204.438628329,225.925429902,226.035089206,224.322930093,238.488173666,246.920361842,242.693896926,252.468348775,243.55377335,248.828997479,254.374875817,249.862498334,253.681419586,251.990733948,254.441567386,262.620584285,252.087971503	A	hyperbolic	0.2	132000
173057	0,1,2,3,4,5,6,7,8,9,10,11,12,13,14,15,16,17,18,19	-30.7630544469,5.70455189559,46.9746978405,53.4308038562,69.1806690777,69.3752260927,72.1540609402,77.2386890551,78.56725096,90.7410634254,80.8623641128,89.5714022776,89.4309815523,93.9796520136,95.3003906152,97.4556826125,92.8889196923,90.5686212269,105.015927922,106.816742871	B	hyperbolic	0.2	132000
175841	0,1,2,3,4,5,6,7,8,9,10,11,12,13,14,15,16,17,18,19	120.968621224,173.044167812,188.310311183,201.479656427,218.332107583,220.367567351,227.674761357,229.167970739,233.19201759,235.194178054,246.35187306,242.526887158,248.398365586,242.714027838,242.146518607,251.178286537,247.155584662,251.206911854,241.853181785,252.170683259	A	hyperbolic	0.2	132000
172757	0,1,2,3,4,5,6,7,8,9,10,11,12,13,14,15,16,17,18,19	85.8008878142,136.195217387,155.533917556,185.692082276,183.058985227,190.42173473,200.858822574,208.757277488,200.603600235,210.939608061,204.28338359,220.198571685,218.759103394,210.727443046,225.123755085,220.451403676,222.066289237,217.6343494,213.893270093,214.798445566	A	hyperbolic	0.2	132000
174811	0,1,2,3,4,5,6,7,8,9,10,11,12,13,14,15,16,17,18,19	-102.060500351,-46.6212855407,-26.2780159256,-2.16122690727,7.82446809589,16.9050682005,14.873993369,21.1370172899,28.3967919984,16.2209014377,17.7285535594,29.6934525514,35.2710747765,36.9295722913,31.9595764139,30.0705532696,41.9994006828,30.04353624,37.6594949591,29.6573114356	C	hyperbolic	0.2	132000
173251	0,1,2,3,4,5,6,7,8,9,10,11,12,13,14,15,16,17,18,19	-16.5692190829,35.0664943941,47.8081235229,70.2427162189,82.9453798505,83.9600854081,85.0471628175,101.097668077,103.067020117,108.355492206,112.977397484,112.042573794,103.727641103,101.922913165,107.111409354,111.545185683,110.116801126,112.839206162,123.788895112,110.292536186	B	hyperbolic	0.2	132000
173198	0,1,2,3,4,5,6,7,8,9,10,11,12,13,14,15,16,17,18,19	-112.768971828,-65.4092072729,-39.8641929211,-21.317050229,-20.7066531766,-4.0855679263,-6.06545821223,-4.06107261859,-3.26808756061,11.264648665,3.48279581827,7.84915674867,19.1937571043,12.8196217185,22.360506011,19.9737089489,18.3500971201,21.900688628,23.4514176065,27.5011955513	C	hyperbolic	0.2	132000
175704	0,1,2,3,4,5,6,7,8,9,10,11,12,13,14,15,16,17,18,19	-23.934998425,34.0746209301,55.0647399832,71.7607620894,81.6880670588,83.1921140545,97.0017829357,93.8807691601,96.6020977316,93.573245575,103.397555085,97.2589625767,115.047489501,101.521868297,106.232279575,106.221051715,102.864573497,113.63021748,120.706903443,120.043380697	B	hyperbolic	0.2	132000
173175	0,1,2,3,4,5,6,7,8,9,10,11,12,13,14,15,16,17,18,19	121.740606109,160.761838474,186.909500896,205.470317251,226.371029778,230.764290623,232.890177312,231.850618044,232.338048205,250.237837513,248.923802564,245.705982874,255.825868501,251.138156006,242.235746081,260.00504639,252.313189024,258.53376281,245.471327136,258.861974377	A	hyperbolic	0.2	132000
174669	0,1,2,3,4,5,6,7,8,9,10,11,12,13,14,15,16,17,18,19	-130.88203149,-85.3339349208,-63.7556993403,-44.2540797121,-26.9438336881,-25.7548381703,-13.9425430471,-24.7087316844,-11.8530608315,-11.1116029223,-9.28930938136,-13.7304093367,-11.271588323,-12.6013255466,-2.30283973519,-8.51513837398,-3.98609898432,7.69844605955,-7.05903977471,1.64299663144	C	hyperbolic	0.2	132000
174188	0,1,2,3,4,5,6,7,8,9,10,11,12,13,14,15,16,17,18,19	26.7037133197,81.8349002078,102.217300016,124.336703216,133.161336154,137.447181229,142.024348908,136.486688537,143.28857868,157.548525419,159.034429481,157.890502667,150.954538499,158.950050956,166.415049595,159.991720493,155.327504949,161.599543526,170.223384911,169.610904202	A	hyperbolic	0.2	132000
175216	0,1,2,3,4,5,6,7,8,9,10,11,12,13,14,15,16,17,18,19	-56.1705944131,-18.1388771725,15.9529089684,35.0873142644,34.1476290728,43.1832660617,44.0489801484,56.3820966964,50.1755886647,59.9565329126,54.4792227858,72.0588318248,71.5615426151,73.0427894793,67.9214551785,74.533861628,77.1932985861,67.1574421491,81.369522372,74.7569351617	B	hyperbolic	0.2	132000
175931	0,1,2,3,4,5,6,7,8,9,10,11,12,13,14,15,16,17,18,19	-18.2709622922,18.5551701304,59.043348994,62.0916419648,84.5816334816,82.8936342354,90.1152347841,85.8052364566,100.82312091,102.578502742,104.842857219,100.905169912,104.706398516,108.072255522,104.852841847,108.532534756,110.679884998,116.668176377,103.801600779,109.837419599	B	hyperbolic	0.2	132000
174316	0,1,2,3,4,5,6,7,8,9,10,11,12,13,14,15,16,17,18,19	28.1275251759,78.7224622105,90.9080938991,105.485327537,115.317637751,125.940686048,140.75722424,136.701824349,135.138060521,151.795219519,149.127473303,149.898524909,147.064893971,153.918386347,152.823933903,161.021665733,149.605743873,153.509296585,161.644181554,161.23473496	A	hyperbolic	0.2	132000
173564	0,1,2,3,4,5,6,7,8,9,10,11,12,13,14,15,16,17,18,19	-80.6528699582,-21.9684060459,-10.4743915871,14.267765354,29.464253276,26.4013004693,31.2449797477,40.7642080824,42.5028758675,40.0369142229,40.4938055821,52.9804185371,48.3047518321,54.4818368034,48.0128790219,60.0412479927,53.4848658681,56.4599803649,60.3331589674,56.0074021148	C	hyperbolic	0.2	132000
172879	0,1,2,3,4,5,6,7,8,9,10,11,12,13,14,15,16,17,18,19	-87.3955087395,-40.5797366839,-12.659995813,-12.9253867646,5.46110519239,2.60551516806,21.1257262542,27.1964248993,16.808015942,22.5674101107,35.4415179675,23.4419769338,38.2960257866,36.7833683691,43.2912950027,39.3189725799,45.3964962062,33.9835363798,38.692434199,44.7951824498	C	hyperbolic	0.2	132000
172592	0,1,2,3,4,5,6,7,8,9,10,11,12,13,14,15,16,17,18,19	112.656592243,167.293546542,184.561284753,202.663325496,204.017606552,210.389735958,231.414288775,222.455738306,233.717600589,232.105932496,244.491771589,229.957700242,236.804970064,240.187805491,236.696084665,237.192521624,240.819859378,243.074131891,244.074316205,238.745378021	A	hyperbolic	0.2	132000
175943	0,1,2,3,4,5,6,7,8,9,10,11,12,13,14,15,16,17,18,19	-34.633438835,3.39288249693,30.8254334684,56.4857414479,60.8634844011,74.6112555952,80.5412697405,75.3501295368,80.3029515252,88.4188514613,92.711228286,90.4575202741,80.310303489,93.0290701603,86.0125687207,83.5422173757,90.8463670421,86.6719849225,95.7055291445,96.580877721	B	hyperbolic	0.2	132000
173133	0,1,2,3,4,5,6,7,8,9,10,11,12,13,14,15,16,17,18,19	-47.2476743802,6.17913240566,33.09722839,50.2131209849,61.0038799479,73.7255293972,67.8184973602,72.4901217523,85.5849467355,88.3052442703,93.8664484789,90.5495720776,81.8579515367,85.2460409257,88.9256863671,99.7742215525,98.2317860111,103.205892184,92.7179206235,93.3586963622	B	hyperbolic	0.2	132000
174196	0,1,2,3,4,5,6,7,8,9,10,11,12,13,14,15,16,17,18,19	66.3410457738,108.550831319,136.982602016,143.553725344,163.396084536,172.970266359,178.816841234,175.165011106,183.914438777,184.433439702,181.93723482,180.057953927,182.339500229,183.132930821,184.19261652,186.810496895,197.599890492,196.486895648,188.779378657,196.159977414	A	hyperbolic	0.2	132000
175999	0,1,2,3,4,5,6,7,8,9,10,11,12,13,14,15,16,17,18,19	-37.019163427,23.0931278898,43.955298801,59.8870545413,71.5181854107,86.9336395749,76.6175122451,85.8596149606,84.0884343493,91.2268819108,89.6190193433,97.7046062331,99.216263108,102.312006096,103.37782204,95.7253289577,96.3960310234,102.100909397,98.3196317016,99.2672326517	B	hyperbolic	0.2	132000
172083	0,1,2,3,4,5,6,7,8,9,10,11,12,13,14,15,16,17,18,19	-97.8478601083,-60.7345400351,-36.4073543907,-20.3646036493,-4.85776027795,-0.615362482704,15.1786458611,8.56210675003,19.0850855757,16.5034827394,24.4735564652,32.8100772363,32.0453198766,19.684310048,32.8436300685,28.0557611707,26.2344885035,23.1595538052,34.786998757,34.1337480102	C	hyperbolic	0.2	132000
174716	0,1,2,3,4,5,6,7,8,9,10,11,12,13,14,15,16,17,18,19	90.354518804,134.663585476,162.309436265,182.42964392,190.207628709,184.226847585,197.3550019,193.417767553,205.765815734,205.128198676,205.161268864,217.234722208,219.236210603,217.376410749,223.669948618,208.01612151,217.088532901,220.678436414,221.099643619,216.289255873	A	hyperbolic	0.2	132000
173023	0,1,2,3,4,5,6,7,8,9,10,11,12,13,14,15,16,17,18,19	-96.1936339299,-39.5369783242,-11.4361023753,4.130226644,-1.16861326048,19.0801720202,24.0280427724,18.6043565549,35.694066874,37.6812691652,31.8961528623,37.4262923865,30.6537973459,34.7818147691,36.8244055489,40.4491349897,47.2531278441,47.1139056479,33.6472065664,51.0732533707	C	hyperbolic	0.2	132000
172104	0,1,2,3,4,5,6,7,8,9,10,11,12,13,14,15,16,17,18,19	-27.5985973212,25.540498745,56.8124280895,62.2754046055,70.4069838031,78.9710142555,92.1140163407,88.824335627,91.721325949,95.3424827233,99.471960416,107.296787609,105.862655399,110.961473515,107.982238615,103.692127497,106.701610563,107.368364717,114.819864596,108.220041208	B	hyperbolic	0.2	132000
174795	0,1,2,3,4,5,6,7,8,9,10,11,12,13,14,15,16,17,18,19	107.78037463,157.909739661,179.918818514,192.175766224,202.032111383,208.445459537,222.85596138,217.707850201,230.22628073,233.946408243,234.118298805,230.89680116,237.756232096,234.97267811,230.298542499,240.182515583,229.902736615,228.919320728,241.686411829,231.041639446	A	hyperbolic	0.2	132000
172605	0,1,2,3,4,5,6,7,8,9,10,11,12,13,14,15,16,17,18,19	102.77040544,157.887312644,179.074564508,187.38069761,203.580843322,215.909321909,205.534884342,217.880476139,225.259079292,222.321207653,218.688905575,231.647252599,230.724098452,225.66871902,230.971846819,238.285408933,241.898008261,238.912961026,232.383916138,242.61953456	A	hyperbolic	0.2	132000
174919	0,1,2,3,4,5,6,7,8,9,10,11,12,13,14,15,16,17,18,19	-44.1783139096,12.4620773127,34.2306801421,48.4029188309,72.7502977646,71.1316074253,85.4724983392,84.7140598515,79.1244860927,93.2587788888,83.6805448915,90.312164317,84.5376004653,95.1639984561,100.966008691,92.9200916339,99.1625236485,92.4934277935,93.7887479123,93.9001384461	B	hyperbolic	0.2	132000
173813	0,1,2,3,4,5,6,7,8,9,10,11,12,13,14,15,16,17,18,19	38.902238484,83.6194991169,103.210980927,121.093985688,124.899683071,131.962837088,142.034011098,142.635952037,154.401446996,155.096786784,153.3206289,155.197817203,161.345453428,160.479856823,154.99304885,159.087904662,159.114638326,169.187624733,157.403192975,167.874731207	A	hyperbolic	0.2	132000
172213	0,1,2,3,4,5,6,7,8,9,10,11,12,13,14,15,16,17,18,19	54.891778703,94.061208013,114.476360667,143.641474031,142.522932319,161.117053549,165.227861379,172.224233521,164.896337415,165.352504729,170.366826379,174.696973176,184.925166175,184.221691639,176.68355029,173.414429684,174.970178239,185.573326173,188.844630247,176.816856077	A	hyperbolic	0.2	132000
175053	0,1,2,3,4,5,6,7,8,9,10,11,12,13,14,15,16,17,18,19	-119.538894702,-73.2330587326,-42.4640037682,-22.9925206089,-22.4077549378,-4.15937698894,-0.834150685184,-5.88745741026,10.221492444,7.76481207726,7.29731260066,18.9423436049,11.2746979662,18.4096609891,17.8546200885,25.2580634241,21.7700294068,28.1195965576,19.5659339817,19.629713638	C	hyperbolic	0.2	132000
173132	0,1,2,3,4,5,6,7,8,9,10,11,12,13,14,15,16,17,18,19	-5.97168463018,38.9263331594,71.833152667,82.9324239385,89.108209698,101.944812733,116.889122509,120.199934238,111.320458035,110.565667228,124.88736761,126.699504909,125.949723082,127.991294828,135.130604492,134.282188576,136.75837545,126.176025484,124.197529342,137.424891489	B	hyperbolic	0.2	132000
175308	0,1,2,3,4,5,6,7,8,9,10,11,12,13,14,15,16,17,18,19	-31.4327713352,18.7186937596,41.0446855385,57.5466952407,64.7116532595,87.0535248689,80.121260864,96.6904351658,84.2463146117,94.7418431892,91.34835569,106.264719523,94.3309801026,94.1926312325,110.994909689,105.908202524,111.119366166,101.905198123,101.375263504,102.924698367	B	hyperbolic	0.2	132000
172116	0,1,2,3,4,5,6,7,8,9,10,11,12,13,14,15,16,17,18,19	-25.0786114674,26.2452335517,54.5922334765,63.8352829767,67.1100365726,77.9280575742,90.8742986312,92.5911571631,84.5627099573,97.0644241539,104.27933003,100.335470488,106.311229278,105.151815013,103.292845291,105.002668299,105.828498645,107.804777387,114.963518075,98.5142817628	B	hyperbolic	0.2	132000
172863	0,1,2,3,4,5,6,7,8,9,10,11,12,13,14,15,16,17,18,19	-107.585106616,-70.3950292887,-42.4652816907,-14.2306945406,-11.7025308269,-3.27475767072,7.4974313177,11.9873602178,4.15107164413,17.9707785926,4.10878846273,8.32511059237,16.5713545788,13.8800785294,11.6885177847,24.4424960741,17.9217427271,22.2921348408,17.9949801882,20.5660199058	C	hyperbolic	0.2	132000
174099	0,1,2,3,4,5,6,7,8,9,10,11,12,13,14,15,16,17,18,19	-66.2870469904,-25.6343956708,-0.0306686079438,25.7334130852,27.8358769049,36.0114948402,47.1515486847,45.8272550786,54.794348654,53.0437380341,61.1272223439,63.8194065194,59.6149060375,62.983731184,70.0921557167,65.8452011784,63.9900155391,65.9241850295,69.055955984,61.8873660397	C	hyperbolic	0.2	132000
174968	0,1,2,3,4,5,6,7,8,9,10,11,12,13,14,15,16,17,18,19	26.9441822909,78.2656076578,101.723752146,117.615780271,120.840518369,131.621492723,132.171894038,143.284434093,152.401454598,156.086404982,145.280804191,145.281355622,151.298455538,162.863887759,156.927252488,159.992658013,167.039217172,162.356590871,165.982737335,155.472400225	A	hyperbolic	0.2	132000
174870	0,1,2,3,4,5,6,7,8,9,10,11,12,13,14,15,16,17,18,19	65.4812838027,114.511177164,128.151688893,143.823122018,164.762283507,170.80814439,161.447941423,181.590612937,180.410571095,181.711627688,182.876782687,185.852067729,189.540141786,189.085385618,181.239913397,188.385896096,197.050706374,183.149387808,192.558245878,200.320152586	A	hyperbolic	0.2	132000
172550	0,1,2,3,4,5,6,7,8,9,10,11,12,13,14,15,16,17,18,19	2.79966843989,57.4984667551,73.6503466985,83.7365232034,97.6201939155,102.294157675,109.554613902,112.499106864,114.558274152,130.516627232,116.784985098,123.440924316,135.74873092,135.824926104,139.10724917,127.734838485,125.225431685,133.643790066,140.326270215,141.371940052	B	hyperbolic	0.2	132000
173926	0,1,2,3,4,5,6,7,8,9,10,11,12,13,14,15,16,17,18,19	-92.3856143755,-44.3773641781,-15.0087836297,-3.05651882916,10.0142230047,27.0480615399,25.3260466926,22.3864234866,28.4351810503,33.5394575954,37.5067108086,31.8269154044,31.8826348784,45.8364782742,45.6701663283,36.8082843201,41.1164909195,50.1456458274,53.7587926215,39.0429638953	C	hyperbolic	0.2	132000
174306	0,1,2,3,4,5,6,7,8,9,10,11,12,13,14,15,16,17,18,19	61.1452790697,114.182242404,136.139688007,151.105046302,159.034480206,171.885578908,168.851658152,175.540211104,186.286110467,183.750788671,183.025573841,179.743542108,182.313860322,185.64691597,195.653389138,186.141069514,195.07942268,198.532633059,190.788184055,192.907429331	A	hyperbolic	0.2	132000
173887	0,1,2,3,4,5,6,7,8,9,10,11,12,13,14,15,16,17,18,19	74.3364828032,128.54781502,151.013530551,172.784845838,184.445430529,187.812266413,195.333200331,195.802263838,206.325174343,202.282456835,210.114223925,209.301736538,215.668046384,201.027509195,206.911926,203.931803678,209.068314983,217.619241281,220.104469261,217.155846329	A	hyperbolic	0.2	132000
174910	0,1,2,3,4,5,6,7,8,9,10,11,12,13,14,15,16,17,18,19	-39.1031721628,23.3516334884,39.1210131848,53.9406558916,60.5092965202,71.0724220131,75.8353525347,88.6804691959,79.7588804379,89.9397852958,85.1537695847,85.5205649359,103.428808655,102.714925904,106.32375991,99.1030638368,97.1454760028,94.1845139304,96.8618700563,105.704224812	B	hyperbolic	0.2	132000
174551	0,1,2,3,4,5,6,7,8,9,10,11,12,13,14,15,16,17,18,19	60.9707854765,112.538287299,128.55035745,142.662797079,152.443884584,159.661469179,164.915258791,169.245762316,180.438143168,184.408946966,173.62638753,185.337325177,184.264198228,178.907696108,185.152705822,187.109336495,182.336511103,185.290139298,186.958912786,185.443016886	A	hyperbolic	0.2	132000
175402	0,1,2,3,4,5,6,7,8,9,10,11,12,13,14,15,16,17,18,19	-1.28440520009,37.8041226327,62.428439881,84.5456613243,97.6035705648,96.8157521031,110.43879814,112.52607945,117.490477467,123.25192555,121.837167826,122.238052444,113.514652904,119.507651122,124.970922715,122.449425969,123.584844061,125.057741059,127.417967559,123.767893548	B	hyperbolic	0.2	132000
173461	0,1,2,3,4,5,6,7,8,9,10,11,12,13,14,15,16,17,18,19	57.9817564331,105.246178409,137.074901672,149.14533397,166.225841045,170.169013226,178.824855712,184.239819468,181.033482727,176.151631624,182.272732323,194.069503854,198.287719181,198.120905042,187.98088669,186.578466926,192.548211758,204.554296119,192.832018447,189.720832743	A	hyperbolic	0.2	132000
172619	0,1,2,3,4,5,6,7,8,9,10,11,12,13,14,15,16,17,18,19	-89.8791733092,-42.3680160932,-20.2260297195,0.74604246202,4.88327415888,4.18842073276,26.1512852867,14.5656480402,22.3304415772,26.546433903,37.9233524124,37.7824154589,26.3207457825,37.3844392844,29.9124085959,42.2258772409,32.6942279055,48.0090340919,35.5722466747,44.6402647489	C	hyperbolic	0.2	132000
173268	0,1,2,3,4,5,6,7,8,9,10,11,12,13,14,15,16,17,18,19	-134.394753112,-75.0442649504,-53.2802905696,-33.5765887233,-28.4499735725,-24.6071905471,-22.8460352874,-23.5206894162,-9.17186167782,-7.33656249649,-1.33271946415,-10.1605810688,-6.10841353892,-0.840792580599,5.8217245958,6.78642013269,8.1131829795,1.06449722832,6.15869262659,4.94750373268	C	hyperbolic	0.2	132000
174596	0,1,2,3,4,5,6,7,8,9,10,11,12,13,14,15,16,17,18,19	-27.8370371105,20.771088104,47.6900247662,72.8282390128,82.0028531862,78.6684341416,80.1528196767,96.9275983589,99.9833941039,101.130011279,107.751909236,105.906880557,102.785915381,107.247049667,106.4538885,110.164619348,99.6989582533,106.381781541,110.871249735,106.730092669	B	hyperbolic	0.2	132000
175598	0,1,2,3,4,5,6,7,8,9,10,11,12,13,14,15,16,17,18,19	42.7330337879,87.6708364246,101.727818154,131.506540669,141.865644269,136.123044875,141.172432405,157.954388421,160.87648487,150.532434694,153.824077118,165.881998523,160.917544984,166.764125931,174.329514727,169.711157886,172.627190315,168.097568091,169.985664755,179.201766627	A	hyperbolic	0.2	132000
174706	0,1,2,3,4,5,6,7,8,9,10,11,12,13,14,15,16,17,18,19	-109.467861018,-60.5095796464,-27.3634922745,-21.8488392824,-6.73604249183,7.58245895389,8.32117913774,9.64470796968,17.9682131432,10.6006488929,12.7948923004,26.0448974282,27.8006502867,31.4441926085,27.9995410854,27.7275230904,22.5594562129,32.8002221082,37.7382444765,24.9007563883	C	hyperbolic	0.2	132000
175101	0,1,2,3,4,5,6,7,8,9,10,11,12,13,14,15,16,17,18,19	48.4893145271,107.504794517,126.255840227,141.091998379,151.477653517,162.195464803,161.793455897,164.485584999,172.989588001,178.721510363,175.222056244,181.879024169,173.61633967,188.095063286,177.452995832,175.570442056,180.665978996,185.213244473,178.617657366,178.227423402	A	hyperbolic	0.2	132000
172422	0,1,2,3,4,5,6,7,8,9,10,11,12,13,14,15,16,17,18,19	59.4561868892,99.909783821,130.24892449,147.803713025,151.196356744,154.320030144,172.532310159,174.25040062,173.918941062,172.62592812,180.080344983,176.388121293,178.590382881,184.150845178,190.210257879,184.413487428,182.81361448,196.438440842,194.015056502,188.77039454	A	hyperbolic	0.2	132000
173054	0,1,2,3,4,5,6,7,8,9,10,11,12,13,14,15,16,17,18,19	-107.187588575,-54.2608992486,-35.2331758599,-26.6609142479,-13.0999331576,-13.2955704789,-2.54752618604,4.32360930796,13.3029539427,15.7109642136,14.0118865735,7.8968722617,17.300997299,21.5612460699,14.289489856,17.8657428189,27.3513282601,19.839609662,21.5340067617,21.5141588038	C	hyperbolic	0.2	132000
173939	0,1,2,3,4,5,6,7,8,9,10,11,12,13,14,15,16,17,18,19	122.169579401,170.780874617,196.040927451,214.315940551,221.459283806,227.401035724,227.989966572,233.497550402,234.668287756,247.246628603,245.766109975,254.532119952,245.382053869,254.186408608,248.443539624,252.330280245,259.195220701,262.824733522,266.438667814,252.104433441	A	hyperbolic	0.2	132000
173321	0,1,2,3,4,5,6,7,8,9,10,11,12,13,14,15,16,17,18,19	116.081392946,160.082668769,177.902252479,201.031540197,210.581742262,223.976278286,215.837218263,235.459939174,232.341955236,237.076979299,240.127866015,241.975684009,237.464896587,243.238580033,250.693000349,245.119156495,237.757861505,252.085923556,252.866407737,248.156504628	A	hyperbolic	0.2	132000
173044	0,1,2,3,4,5,6,7,8,9,10,11,12,13,14,15,16,17,18,19	114.633836665,161.798282269,191.080402866,205.117509703,216.006456284,230.11121907,229.127947501,231.024292191,239.436198522,245.821622823,239.025183634,240.623790261,240.861187073,248.519621746,239.277862833,256.732439796,248.942579755,247.044647316,259.18533236,245.05348914	A	hyperbolic	0.2	132000
175165	0,1,2,3,4,5,6,7,8,9,10,11,12,13,14,15,16,17,18,19	-20.03281829,24.0818969426,47.5087784411,60.9731157432,78.3622762153,77.9566613169,89.116924691,97.2467333229,101.475496007,88.4380435585,92.2015678114,103.775523097,95.921874007,106.739781628,106.515145986,102.318386194,112.903859444,109.390496609,114.636918354,101.204294336	B	hyperbolic	0.2	132000
174241	0,1,2,3,4,5,6,7,8,9,10,11,12,13,14,15,16,17,18,19	68.1893614155,117.963472789,147.034753387,154.881443504,164.854673668,172.681656172,183.687654617,189.979449102,183.548298916,200.689752221,201.240689127,195.840468307,202.094101667,203.697257174,196.682600252,205.506391497,211.266384219,214.870988735,215.271461534,201.414211012	A	hyperbolic	0.2	132000
175356	0,1,2,3,4,5,6,7,8,9,10,11,12,13,14,15,16,17,18,19	51.0045928423,110.319778894,131.105262256,149.522942484,150.251080367,163.380072143,163.440891091,177.604912157,172.860576187,183.420919621,175.576058526,176.646804535,189.826815388,189.722662057,180.698625942,193.920225601,187.035562127,183.765021652,189.365739058,195.160392225	A	hyperbolic	0.2	132000
175965	0,1,2,3,4,5,6,7,8,9,10,11,12,13,14,15,16,17,18,19	-122.680829968,-83.1467797474,-53.9301619462,-29.9762803401,-18.737017422,-11.5094982983,-19.3238259036,-4.69045098005,-9.82150823201,-2.99592983449,-0.474665251334,-6.87587596271,-0.794066634045,-4.10154109912,12.022409543,6.52678860553,2.29758391168,11.5288289098,6.07158736703,17.3078829309	C	hyperbolic	0.2	132000
174636	0,1,2,3,4,5,6,7,8,9,10,11,12,13,14,15,16,17,18,19	16.7198477188,71.6534631083,98.9772975336,118.145045108,127.02760702,135.355102121,128.966414928,134.133382853,148.973393624,138.084115946,146.624129221,151.462684814,160.576286828,153.150377306,147.869588331,155.895505238,149.674423503,159.24819489,151.757477193,151.115685019	A	hyperbolic	0.2	132000
173757	0,1,2,3,4,5,6,7,8,9,10,11,12,13,14,15,16,17,18,19	22.2446915848,76.3622131491,102.674548186,106.678401746,126.26870058,135.775908477,125.440890682,144.602369204,139.779869108,149.767179876,144.829646652,150.407910022,157.809216242,148.019403928,147.54575599,146.41400089,152.168226911,155.862950686,152.636565998,152.30399851	A	hyperbolic	0.2	132000
175832	0,1,2,3,4,5,6,7,8,9,10,11,12,13,14,15,16,17,18,19	102.129589823,151.442686186,181.877558861,207.171458826,212.820393191,221.683090627,217.223122756,225.473080968,220.542011454,235.203769573,235.991868299,233.133638587,228.591493381,238.010817185,235.987101024,238.726814688,233.806546485,237.393311888,249.05467812,236.787740424	A	hyperbolic	0.2	132000
172894	0,1,2,3,4,5,6,7,8,9,10,11,12,13,14,15,16,17,18,19	-96.6792989487,-53.8593580975,-23.3588759809,-14.6260061493,-8.01591760267,8.39267378196,4.3003259692,9.09582922877,18.7728723353,16.6017033109,11.3359556469,20.6085758846,29.3260633433,26.814513742,21.759539277,23.8184207964,32.2400612821,28.5251730309,26.6147338814,38.3050162147	C	hyperbolic	0.2	132000
174007	0,1,2,3,4,5,6,7,8,9,10,11,12,13,14,15,16,17,18,19	-95.8381699585,-55.4750169471,-20.9700144215,-6.63260685601,5.42872978688,6.82432336332,6.48493270984,24.4558775525,12.8166846621,20.6530130618,21.5752435582,32.4042082357,34.9846204173,39.1227425964,26.5191850068,39.4885527155,33.0591440945,39.1847211418,40.6787283485,28.7542091133	C	hyperbolic	0.2	132000
173373	0,1,2,3,4,5,6,7,8,9,10,11,12,13,14,15,16,17,18,19	46.3232601324,84.3430384195,121.485255055,131.944815834,144.224507702,151.202846798,146.709544223,155.738889029,167.937563067,170.448732539,170.529640294,177.665803544,172.87303866,169.616783408,179.536907781,178.377573438,174.787083409,169.650202548,181.947953318,182.855027204	A	hyperbolic	0.2	132000
172264	0,1,2,3,4,5,6,7,8,9,10,11,12,13,14,15,16,17,18,19	-15.2786599882,42.5043057337,58.1070414238,85.0262658033,91.7380156585,99.0717509674,103.598738043,97.0402799375,109.559217203,107.341456806,118.451781266,112.853355177,123.849040747,122.970244941,111.71878761,127.302065075,116.363517094,125.277342679,113.070675179,128.155548315	B	hyperbolic	0.2	132000
172854	0,1,2,3,4,5,6,7,8,9,10,11,12,13,14,15,16,17,18,19	43.8063293579,90.1827565528,118.174077885,128.52816595,138.773789509,154.357331602,155.316864395,152.060678748,156.345935863,162.259664561,172.27501433,166.051616431,173.449209183,172.593705222,177.428090387,179.682078469,176.203381233,178.008005415,175.186619737,177.194317717	A	hyperbolic	0.2	132000
173471	0,1,2,3,4,5,6,7,8,9,10,11,12,13,14,15,16,17,18,19	86.4851523614,124.725172493,161.640661962,164.077248305,187.943218597,191.749776936,186.140546786,194.788493229,193.55038871,198.453495684,205.526858195,204.335371945,217.29624956,216.093943939,209.962510714,207.980454789,206.976272321,217.073045468,216.399227225,208.192284013	A	hyperbolic	0.2	132000
175240	0,1,2,3,4,5,6,7,8,9,10,11,12,13,14,15,16,17,18,19	80.1292518323,123.776776851,143.703226103,168.186187687,165.709001898,182.754123018,187.456291637,193.009402459,196.521770076,199.382612856,195.941880373,194.495501139,194.395623464,209.106443444,199.659111786,205.762858727,208.148497785,211.13124926,216.916869938,207.123416821	A	hyperbolic	0.2	132000
173172	0,1,2,3,4,5,6,7,8,9,10,11,12,13,14,15,16,17,18,19	102.785988312,164.536404054,181.575052038,200.777063221,210.978369662,215.76219579,224.558563061,220.685012237,235.014036641,236.688060753,227.099080692,242.392302913,241.388544564,245.150112223,231.215841992,239.229291813,237.358477704,241.444161135,248.400875579,249.521535321	A	hyperbolic	0.2	132000
175161	0,1,2,3,4,5,6,7,8,9,10,11,12,13,14,15,16,17,18,19	66.889595524,127.148379377,145.486279137,166.646902844,172.352581828,178.951896338,183.114065204,188.236535831,189.13374794,194.720552055,192.143658472,199.154259224,203.377289133,208.107380903,204.703517514,208.904042258,210.714709008,208.784400844,206.111044705,214.449811546	A	hyperbolic	0.2	132000
174931	0,1,2,3,4,5,6,7,8,9,10,11,12,13,14,15,16,17,18,19	43.0164739414,84.6623641011,108.829609919,137.431303845,137.308292737,151.999990466,151.27891687,162.963273524,156.696528775,154.513980707,164.373979871,169.711504678,166.757264604,170.737619699,172.339091602,180.657511766,165.027457204,170.428715224,174.94164005,173.778299483	A	hyperbolic	0.2	132000
172558	0,1,2,3,4,5,6,7,8,9,10,11,12,13,14,15,16,17,18,19	93.0345889301,154.254292399,168.072088019,180.414509542,201.393959818,197.593102533,213.229341206,222.9060511,210.375390872,221.720543844,231.61310397,226.302897889,222.157911951,225.726539873,234.055210666,236.247521117,238.336379321,235.964915505,238.952178418,229.960942759	A	hyperbolic	0.2	132000
173699	0,1,2,3,4,5,6,7,8,9,10,11,12,13,14,15,16,17,18,19	23.8100988202,72.5069532451,93.9478017139,113.898755303,131.899027208,132.755024398,145.953896611,146.748965969,143.676165309,145.933303921,152.013835974,154.054429027,153.477237917,158.133287626,161.483010494,155.668750275,156.963681683,160.209104786,167.52176749,168.91467188	A	hyperbolic	0.2	132000
173308	0,1,2,3,4,5,6,7,8,9,10,11,12,13,14,15,16,17,18,19	-6.81986479098,43.2693816645,68.0352850664,89.2253627748,98.0480294664,104.538291089,113.691599525,116.087590244,119.455557152,112.43237173,113.78206203,118.635158953,123.050190275,135.146927527,126.213221156,131.100860288,139.250485945,126.662152568,126.809602762,128.371403922	B	hyperbolic	0.2	132000
172642	0,1,2,3,4,5,6,7,8,9,10,11,12,13,14,15,16,17,18,19	-6.20121184502,31.1238702092,68.3115749171,75.6873018266,95.3392492331,93.1335723941,93.9735346313,109.279921448,99.7613308184,107.874846468,108.027150896,114.875679722,114.207648788,113.436777011,124.959320532,115.952406994,128.598636662,129.913019485,124.094185414,121.80398986	B	hyperbolic	0.2	132000
174535	0,1,2,3,4,5,6,7,8,9,10,11,12,13,14,15,16,17,18,19	-127.362634991,-83.7466315812,-59.3643644447,-38.966715986,-28.103759055,-22.2439450449,-17.5659898437,-16.6301708354,-8.2836685811,-15.0000436936,-4.86913410288,-8.90844878112,-0.460322892355,-4.7791933765,-9.5055713653,5.47768039283,-2.35526680422,5.59062419303,8.58202441579,2.55637352315	C	hyperbolic	0.2	132000
175254	0,1,2,3,4,5,6,7,8,9,10,11,12,13,14,15,16,17,18,19	9.84556540124,59.6820667661,92.1607337844,102.592186722,107.955140514,112.740462079,127.616162198,128.438694567,125.975912157,127.716183754,139.908486553,135.607459824,130.48484364,135.912088747,140.598955838,136.453878526,136.954161419,148.451785078,145.104361961,149.904467553	B	hyperbolic	0.2	132000
172353	0,1,2,3,4,5,6,7,8,9,10,11,12,13,14,15,16,17,18,19	-82.1417350685,-17.9369367136,-7.15369966086,13.3118226748,29.4664848993,34.196275262,38.5730448411,36.8542240477,48.3984129967,47.7449117671,44.0872634403,47.9671636908,59.7245528607,48.7036861063,58.7040959759,62.2020237603,64.8863570816,50.8124228808,51.474683538,62.6267554549	C	hyperbolic	0.2	132000
175483	0,1,2,3,4,5,6,7,8,9,10,11,12,13,14,15,16,17,18,19	99.702883725,142.82296703,168.274955663,188.085767596,195.440095978,212.920218795,213.372721513,210.68182795,225.045000368,223.666214856,221.430551199,227.49812745,219.031665875,221.229536659,228.94314573,237.55139768,227.488232708,224.179496845,239.088696737,230.263400218	A	hyperbolic	0.2	132000
173668	0,1,2,3,4,5,6,7,8,9,10,11,12,13,14,15,16,17,18,19	-119.34850781,-63.4558236349,-52.4300772245,-36.943351187,-24.0446787487,-11.5930803076,-13.5403454008,-0.293011514888,6.92390508949,10.0891927868,2.45618686126,5.72582022409,7.94836652675,12.3638888351,19.4652280341,6.93768675237,11.7617495021,21.0288522263,11.8050675252,22.4471672668	C	hyperbolic	0.2	132000
175106	0,1,2,3,4,5,6,7,8,9,10,11,12,13,14,15,16,17,18,19	7.82887670108,57.521143097,83.835364251,99.5455614723,103.178281061,117.298739711,132.299075888,126.703870425,135.291003989,127.857465439,130.009129306,136.573174675,143.435476983,132.98031949,136.320664371,148.187974683,140.74599429,152.12310496,149.666785237,141.192179464	B	hyperbolic	0.2	132000
172445	0,1,2,3,4,5,6,7,8,9,10,11,12,13,14,15,16,17,18,19	37.7706125232,101.205990658,117.491143345,125.12097006,151.251300921,150.43046914,152.586237134,164.93488768,155.979319785,164.41073212,167.113928213,172.271474661,167.95031417,177.636760784,171.678687671,174.081836621,180.220149475,176.933803296,178.60008934,175.393104954	A	hyperbolic	0.2	132000
174558	0,1,2,3,4,5,6,7,8,9,10,11,12,13,14,15,16,17,18,19	135.688717442,183.680258378,210.669467122,215.70742243,222.065844421,237.960618181,237.7321704,248.429047901,251.935956419,259.66009772,252.678917717,265.513462314,260.009071929,268.109614616,261.988631727,264.74443339,262.381879146,265.447291868,271.922933621,260.112546724	A	hyperbolic	0.2	132000
175908	0,1,2,3,4,5,6,7,8,9,10,11,12,13,14,15,16,17,18,19	-66.3403220308,-26.0296738437,4.29632432668,12.2320997979,30.6410234164,36.9875869274,49.6606731262,40.230584608,47.72859172,60.5677662032,52.063001442,54.0410660729,51.3087251696,52.9258975484,66.7728326358,65.4526555657,61.3879100512,62.2540438457,62.1741643287,64.1346626061	C	hyperbolic	0.2	132000
174098	0,1,2,3,4,5,6,7,8,9,10,11,12,13,14,15,16,17,18,19	126.774446145,180.234554529,203.043891085,222.846640341,222.20849852,239.29987287,246.880903899,251.450833954,242.790229851,240.475197024,257.818912099,251.705720159,249.47809141,257.737753825,251.761792042,265.664021539,251.492853927,268.928344676,261.237247908,255.957948385	A	hyperbolic	0.2	132000
175968	0,1,2,3,4,5,6,7,8,9,10,11,12,13,14,15,16,17,18,19	101.312576278,142.774942822,178.123514537,189.98627351,202.348995638,211.169802753,210.937371046,224.190088596,223.472478641,227.152324376,219.844762496,217.743771887,226.50776937,222.293630624,226.387312047,235.792895029,239.059365934,229.135526953,230.990493938,233.522790533	A	hyperbolic	0.2	132000
175349	0,1,2,3,4,5,6,7,8,9,10,11,12,13,14,15,16,17,18,19	18.5119440628,81.1418348763,107.46941551,120.627397063,125.697801735,124.878964347,128.760995631,144.166132136,140.840145304,149.850124174,144.768720528,149.972549786,147.232256627,149.508506853,152.767254415,156.602936955,161.742029233,163.531557516,154.419034884,167.018424628	A	hyperbolic	0.2	132000
175671	0,1,2,3,4,5,6,7,8,9,10,11,12,13,14,15,16,17,18,19	-90.0162503557,-45.0273586068,-12.7120863672,-12.014617832,-1.27502478192,5.4177775479,12.0760407605,28.5623639882,32.7928342948,26.6647218293,38.3238232775,27.1298643112,30.80232711,33.7233942629,28.2934912836,45.7959589726,36.2689267813,39.7194868997,36.784616991,45.5440629056	C	hyperbolic	0.2	132000
172921	0,1,2,3,4,5,6,7,8,9,10,11,12,13,14,15,16,17,18,19	54.2046769238,113.825476192,134.321271666,142.034009224,163.014248265,170.082986154,175.0384058,179.969335139,182.555608866,177.954096979,190.352347225,195.175182275,195.696677498,198.276584158,195.042288326,185.568099595,194.394884031,196.566906618,195.898315267,190.38073428	A	hyperbolic	0.2	132000
172489	0,1,2,3,4,5,6,7,8,9,10,11,12,13,14,15,16,17,18,19	-80.839335744,-16.8372584294,-5.74229092529,15.9004206833,18.8351633127,42.5599126743,45.4642903615,41.3150231762,39.3513111749,56.6716823129,46.5024633411,50.8250630861,63.5819172011,61.0541572029,66.0275421222,58.1823669025,52.8110648671,53.5838402333,67.0560636279,68.6072189782	C	hyperbolic	0.2	132000
175742	0,1,2,3,4,5,6,7,8,9,10,11,12,13,14,15,16,17,18,19	86.4931136107,139.37765522,165.555618203,174.400334197,183.464267073,193.717096314,200.38768789,208.251085013,203.797345572,212.483879024,206.641579214,221.374736788,214.807193989,214.465114337,218.182962497,219.804985161,218.349865726,229.748434754,226.564926946,215.693291224	A	hyperbolic	0.2	132000
174704	0,1,2,3,4,5,6,7,8,9,10,11,12,13,14,15,16,17,18,19	-23.4076504252,19.1863172631,44.6662801093,67.0598430518,79.2443168692,86.25688562,80.7552216794,97.0980747986,85.8806117381,89.1012628832,99.3581916489,93.611883795,94.766947629,109.884764059,109.385405552,97.8254096212,103.568075059,98.7841722581,99.021366793,106.26442881	B	hyperbolic	0.2	132000
175665	0,1,2,3,4,5,6,7,8,9,10,11,12,13,14,15,16,17,18,19	-129.82732289,-88.3958246439,-51.2220631004,-42.2501932477,-33.6423699465,-27.7606442052,-18.8006887331,-20.3620784375,-5.54285893922,-9.39929830196,-6.90093602618,-5.12943916862,-7.0337125668,-5.41391686914,5.10901770647,5.11476317883,5.72790210304,9.73031595022,-2.21282120668,6.32357561512	C	hyperbolic	0.2	132000
174541	0,1,2,3,4,5,6,7,8,9,10,11,12,13,14,15,16,17,18,19	96.7673130949,144.257980414,161.488511603,176.229136034,187.323566441,190.260731201,196.284152004,201.188665228,215.49817534,219.521233734,215.951682452,207.752527585,215.039186271,219.865754614,225.996645239,223.99002695,229.641708307,225.538881906,220.663915797,216.488612659	A	hyperbolic	0.2	132000
172285	0,1,2,3,4,5,6,7,8,9,10,11,12,13,14,15,16,17,18,19	72.9616613284,119.694999711,148.664746654,151.821108625,172.404514194,181.035212229,175.398924445,177.336988076,187.864975166,193.869396468,194.105851068,192.281699087,199.199159054,200.803472274,203.727369754,190.539431865,200.079040101,203.619007451,201.931910477,210.556555955	A	hyperbolic	0.2	132000
175126	0,1,2,3,4,5,6,7,8,9,10,11,12,13,14,15,16,17,18,19	-134.922801579,-75.2853850635,-61.7842827013,-37.3276666202,-37.271459985,-21.6221562931,-17.9927775119,-25.247180036,-21.686740973,-2.82116493697,-12.6399275516,-2.82477774399,-8.85263618586,1.94371713097,-10.6651921353,0.0887878487723,-2.79106640258,8.34759643352,-0.507166869594,3.92027890373	C	hyperbolic	0.2	132000
175428	0,1,2,3,4,5,6,7,8,9,10,11,12,13,14,15,16,17,18,19	-78.837339671,-14.7308767065,-5.41885535213,17.9440241649,33.8338401907,26.2465963481,30.7459423324,48.961488641,45.2038361103,52.9154268781,58.9693113732,50.8970972425,62.1074177468,56.6037628887,64.751771391,61.7375744378,55.5444423524,55.9842183089,61.8299523163,68.905316563	C	hyperbolic	0.2	132000
174045	0,1,2,3,4,5,6,7,8,9,10,11,12,13,14,15,16,17,18,19	86.6410634242,128.602056153,149.864352163,164.539864761,181.532398218,192.130059419,192.394958536,199.719596519,200.791503145,211.245406201,205.323939233,202.642955043,212.359656612,211.666372538,206.597421251,206.086715964,207.510285226,221.92658269,219.002250407,212.422597471	A	hyperbolic	0.2	132000
172547	0,1,2,3,4,5,6,7,8,9,10,11,12,13,14,15,16,17,18,19	-4.851110419,42.5542070667,83.1369075164,83.084953991,105.869980026,111.965554771,105.018578371,113.683182658,117.245973374,128.796771707,133.562313292,131.334637243,135.874308281,132.830464405,135.236232863,128.960917911,141.936689717,132.380673294,136.949659568,135.874747209	B	hyperbolic	0.2	132000
172090	0,1,2,3,4,5,6,7,8,9,10,11,12,13,14,15,16,17,18,19	-26.9302421161,19.4702928676,40.5064522424,55.4064870082,64.8796358345,80.2431025231,86.3558837836,83.1192673344,87.4575093535,95.5250856459,100.838055152,91.5097721175,94.6826579443,108.188027686,106.360294217,107.160136942,109.857244493,99.7974517825,108.994015431,99.3462174628	B	hyperbolic	0.2	132000
172665	0,1,2,3,4,5,6,7,8,9,10,11,12,13,14,15,16,17,18,19	-57.7030707787,0.852740341997,16.7689730723,44.1608588715,45.3332721852,52.5705088827,63.2578831825,67.9257439768,58.6182263158,66.6121671959,69.3986005835,72.152513896,74.3658141199,75.9568194911,70.0683604052,73.9033233135,85.655891561,74.3544819359,75.6897695804,77.8900649659	B	hyperbolic	0.2	132000
173970	0,1,2,3,4,5,6,7,8,9,10,11,12,13,14,15,16,17,18,19	98.7858757034,147.140026854,165.933095565,185.395029881,197.16225834,206.149406655,203.891700861,214.782948145,206.20674646,218.354202283,213.953764278,216.189416612,228.903854699,232.087444519,221.227084915,232.759729713,225.674346286,234.739382288,220.900570907,235.637981818	A	hyperbolic	0.2	132000
173064	0,1,2,3,4,5,6,7,8,9,10,11,12,13,14,15,16,17,18,19	55.90350792,97.2712316358,132.130785005,139.671568754,143.54192767,163.681255225,166.342427508,163.815573541,163.182381534,167.580980003,180.040227238,181.886647536,173.209708327,187.152293743,176.026036265,187.700796674,181.460564481,191.77318208,192.94940299,191.32198553	A	hyperbolic	0.2	132000
174297	0,1,2,3,4,5,6,7,8,9,10,11,12,13,14,15,16,17,18,19	113.031873843,159.480906632,185.952463409,200.273241716,210.056093623,230.024844159,225.255101746,237.596853671,234.547809781,236.16805926,240.696112374,249.736376599,245.879681203,241.780828619,241.111746027,244.842249411,257.831277869,249.290507811,253.570954039,257.385582136	A	hyperbolic	0.2	132000
173751	0,1,2,3,4,5,6,7,8,9,10,11,12,13,14,15,16,17,18,19	58.1709792915,108.285077265,139.612051644,152.021163648,154.809876745,163.230261598,176.991237583,179.565056351,181.532870912,173.933033022,180.476246688,179.991773399,188.408109601,182.834156757,193.029143229,195.712273142,185.31935476,192.480841505,188.813240876,198.87336988	A	hyperbolic	0.2	132000
172347	0,1,2,3,4,5,6,7,8,9,10,11,12,13,14,15,16,17,18,19	11.5291163196,73.7991825424,94.0349185109,108.084402096,123.872593252,122.638713397,135.362364098,138.985549828,136.072054659,147.288359413,151.247930822,143.957413254,142.186198739,152.120375026,149.247036139,143.478435788,148.6646716,154.904628794,161.253377804,159.926838358	A	hyperbolic	0.2	132000
172710	0,1,2,3,4,5,6,7,8,9,10,11,12,13,14,15,16,17,18,19	7.19389145091,55.0017544434,67.5882636564,83.2451139178,103.320638969,101.81493661,106.213928845,123.484407433,128.949908088,129.182329864,132.331495741,122.141513427,132.565508253,133.464905683,130.857591191,130.744993884,137.747470288,134.415165966,131.511205007,139.685000045	B	hyperbolic	0.2	132000
175667	0,1,2,3,4,5,6,7,8,9,10,11,12,13,14,15,16,17,18,19	122.703914627,175.605587583,197.884129939,207.569347222,228.084733128,225.422005063,232.625771155,249.787293632,238.458366255,251.205293147,252.218785407,247.620822187,254.466205909,258.426567636,255.001902296,258.559176961,264.307480242,256.305122636,262.768620946,262.001739233	A	hyperbolic	0.2	132000
173417	0,1,2,3,4,5,6,7,8,9,10,11,12,13,14,15,16,17,18,19	-68.1324383405,-19.2968182055,6.48887312025,25.7904652391,39.9244128619,48.1046742908,52.6521497748,46.1258257679,65.0968988222,57.6830787527,65.3132203805,61.9884737689,66.0188910256,69.6954118541,62.6800296746,73.9930714936,67.8601493877,78.9413342728,71.8697741657,69.0477945197	B	hyperbolic	0.2	132000
172836	0,1,2,3,4,5,6,7,8,9,10,11,12,13,14,15,16,17,18,19	60.1994957075,107.916037402,133.755259864,146.241803468,154.941134701,161.08685114,173.842692881,169.501449268,184.143696776,185.381972294,178.415891121,178.317226957,176.05108983,193.329567232,195.414321161,194.177586697,185.612349461,187.250887121,188.824382992,184.633668673	A	hyperbolic	0.2	132000
175698	0,1,2,3,4,5,6,7,8,9,10,11,12,13,14,15,16,17,18,19	-35.3843724592,23.4458911614,37.1235549183,55.5026933059,62.2436146905,71.6157559105,86.3522785025,80.490257371,94.3572226964,87.3356042557,93.9652154717,95.7081095784,97.9966279176,99.7410199831,101.408332674,96.7980622869,105.337068314,99.7861997353,95.1401623882,95.5594523053	B	hyperbolic	0.2	132000
172482	0,1,2,3,4,5,6,7,8,9,10,11,12,13,14,15,16,17,18,19	27.049591436,86.4051613053,108.594955874,120.040994077,139.19063159,144.104098853,152.7848836,150.566429844,154.950875744,164.752219718,158.221960037,166.64784786,168.832585641,166.879945098,163.83434701,158.646287444,174.456771239,170.973303769,172.294814531,162.464994999	A	hyperbolic	0.2	132000
172895	0,1,2,3,4,5,6,7,8,9,10,11,12,13,14,15,16,17,18,19	134.244756706,184.401587922,206.976650017,215.440124982,230.738298679,239.266242461,248.426010678,252.550209178,255.958978026,258.24977421,250.122490945,250.139220535,266.379995331,266.828210523,264.496990528,256.068828475,261.260855484,269.205606593,260.390205314,258.967252002	A	hyperbolic	0.2	132000
174357	0,1,2,3,4,5,6,7,8,9,10,11,12,13,14,15,16,17,18,19	-84.3768073746,-39.8853354721,-7.92756169335,7.60350898515,15.2557573939,27.5313926977,23.9421379492,26.6882895607,36.0934801369,42.6209103186,44.8831356356,32.1387425002,46.0190866744,44.9824116889,37.9442195469,49.2052595422,46.3234647885,43.2384275351,56.2575934395,41.2586501134	C	hyperbolic	0.2	132000
172139	0,1,2,3,4,5,6,7,8,9,10,11,12,13,14,15,16,17,18,19	-106.579863951,-53.9758184836,-16.7959510504,-12.9773133401,4.42822946903,17.0506849825,9.89785865018,17.1485143368,27.7460085331,27.9387880659,19.5403074954,34.8830260251,37.7611023889,23.3033245318,39.1366687721,38.2226447509,39.2122526227,37.7959964405,41.7674285952,39.8617142865	C	hyperbolic	0.2	132000
173299	0,1,2,3,4,5,6,7,8,9,10,11,12,13,14,15,16,17,18,19	-12.799016137,31.3583902846,56.1762652934,83.4411198499,82.8826587227,100.282852702,91.9973950447,105.16611164,109.308738058,104.458826176,119.074921427,117.877797275,116.750116367,118.393727622,111.555753057,124.837224489,117.165898753,124.255417397,124.418987439,126.922704934	B	hyperbolic	0.2	132000
436073	0,1,2,3,4,5,6,7,8,9,10,11,12,13,14,15,16,17,18,19	71.964489648,56.1013111119,51.9477482167,67.4599250207,72.3790862576,86.0234232615,77.6824696263,79.0910191854,103.524369897,122.855327585,132.121161985,162.935901656,199.101090419,214.028322889,195.806479197,210.49719523,201.133037968,200.371760175,213.435796662,219.136317721	B	scurve	0.2	396000
439889	0,1,2,3,4,5,6,7,8,9,10,11,12,13,14,15,16,17,18,19	-24.984693944,-18.4641961335,-26.5836150186,1.1274515028,-27.7303463262,-17.9720838453,-7.04340635233,-6.45695526285,26.3013364657,32.2202879428,64.1377184548,89.0421712317,105.187394769,111.520932035,130.397482016,139.925088747,119.42345563,124.54187459,126.23203964,118.064627402	B	scurve	0.2	396000
438414	0,1,2,3,4,5,6,7,8,9,10,11,12,13,14,15,16,17,18,19	86.3425365761,79.2959477193,75.3103213463,78.556671867,64.8371807762,98.9009008204,95.9323211802,104.000493251,104.424997248,118.157580019,167.044545394,167.259969487,200.431374156,226.138890579,216.100918198,227.130563976,215.93684036,236.079179438,236.225802754,213.432183883	A	scurve	0.2	396000
439495	0,1,2,3,4,5,6,7,8,9,10,11,12,13,14,15,16,17,18,19	136.606555753,129.537697486,134.425163038,137.825392879,119.289006768,118.996836367,120.221076895,151.969150374,144.89303713,159.393715934,183.307916253,224.575812263,230.988321833,248.429053648,251.572356498,253.927875784,271.253183672,281.077734359,279.130917149,272.363856772	A	scurve	0.2	396000
437592	0,1,2,3,4,5,6,7,8,9,10,11,12,13,14,15,16,17,18,19	78.1819505576,53.7627858163,80.0285935976,75.1841381404,59.1130779036,59.4809046973,85.8467847681,93.5398767297,99.3982933792,132.061045432,134.806805583,154.769169691,182.053058602,186.742534744,223.919265308,200.814033264,215.81353809,202.811934796,219.76298578,230.275310593	A	scurve	0.2	396000
439698	0,1,2,3,4,5,6,7,8,9,10,11,12,13,14,15,16,17,18,19	71.5437154661,66.1197080083,73.3357881845,60.2176337786,74.208516382,62.5060563205,74.2633315084,77.3619666699,108.268419934,118.835803222,151.931422361,159.681394074,190.158083707,192.246894556,224.206962054,202.870782333,207.308058029,219.392145387,218.110807727,209.522945167	A	scurve	0.2	396000
438719	0,1,2,3,4,5,6,7,8,9,10,11,12,13,14,15,16,17,18,19	93.4921241677,106.140255091,102.430874697,86.0734570416,97.3611554639,120.830628148,114.940505599,125.831037575,138.108935471,161.721274337,164.524484763,187.33644116,235.136587536,228.815051172,236.918980597,247.364498476,242.26777976,255.983773959,234.139201855,241.288970369	A	scurve	0.2	396000
439136	0,1,2,3,4,5,6,7,8,9,10,11,12,13,14,15,16,17,18,19	62.0572354303,44.1766368987,68.2618044305,70.6497838676,55.1206405703,44.0204039493,49.0409717793,73.4519935535,91.2073857993,96.7038500851,120.580980537,148.861394481,179.833368201,180.756019763,211.776745205,184.781706272,217.95000343,214.093373009,187.85668005,207.212101207	B	scurve	0.2	396000
438421	0,1,2,3,4,5,6,7,8,9,10,11,12,13,14,15,16,17,18,19	-95.965081641,-92.80486266,-93.9473660194,-90.3268415016,-105.743203774,-77.9253569981,-71.5157944759,-88.1458925578,-69.3880215565,-58.1050012038,-18.7547168401,-0.634157062209,26.6975555005,39.6805043343,36.4528492625,66.1151243605,48.4261229131,63.1658030828,64.1482523409,52.3481265487	C	scurve	0.2	396000
438489	0,1,2,3,4,5,6,7,8,9,10,11,12,13,14,15,16,17,18,19	46.843888289,73.3369049958,70.7932695868,58.6526473016,54.1792331408,66.6160477646,83.4513514182,95.4085720182,84.0114620744,104.134585974,145.229780168,152.833922608,195.735134694,210.78306047,205.75670274,200.40677206,203.388780491,223.240121132,197.039773759,207.588635425	B	scurve	0.2	396000
437598	0,1,2,3,4,5,6,7,8,9,10,11,12,13,14,15,16,17,18,19	5.18000573508,23.3814485358,18.0403610646,6.03990425687,24.4674930432,7.05029028449,27.0454000648,31.3522312134,43.4730049478,46.7964041611,95.1926292289,127.953688597,140.748361563,136.176591882,165.200382932,159.95329817,163.267855724,147.460735309,172.409868852,152.411233367	B	scurve	0.2	396000
438064	0,1,2,3,4,5,6,7,8,9,10,11,12,13,14,15,16,17,18,19	-41.8702480037,-38.2119187843,-24.4371084469,-27.9175045045,-38.3615631562,-28.9131058089,-28.5716676088,-32.4445270757,7.73263291939,16.2988426,25.5835714669,78.1513666918,92.6204367042,105.170697652,94.2283599258,123.467106479,125.569197043,127.61359094,127.737522793,112.634491387	C	scurve	0.2	396000
438992	0,1,2,3,4,5,6,7,8,9,10,11,12,13,14,15,16,17,18,19	125.816516284,112.088496122,120.486796638,115.617729171,128.107382679,132.927839514,116.345524868,133.153516765,153.848195034,176.643821277,180.187527377,228.677866565,228.009441295,233.972374187,241.835255754,254.118281177,269.437611688,278.825114597,280.798260703,256.971935941	A	scurve	0.2	396000
437008	0,1,2,3,4,5,6,7,8,9,10,11,12,13,14,15,16,17,18,19	-18.8940676313,-15.3807634143,-35.1113300654,-28.9456261487,-11.6668310582,-36.4624340321,-12.8250565507,-11.6720097793,-3.5520121126,20.3590704075,46.6210486266,57.723574546,97.9393379228,116.561160604,113.27537447,119.385201054,127.068310799,127.516204587,112.583345732,110.684550054	C	scurve	0.2	396000
436328	0,1,2,3,4,5,6,7,8,9,10,11,12,13,14,15,16,17,18,19	-143.103569392,-161.6696272,-133.968499287,-156.708758696,-157.778006198,-150.827248957,-130.04257704,-144.162300073,-111.271925863,-80.5798179146,-72.8927130264,-42.7523869085,-19.9992062565,-25.343450129,-18.9573040428,-9.42757014354,8.1432384914,-7.06967903696,17.1643821704,11.1455389758	C	scurve	0.2	396000
438069	0,1,2,3,4,5,6,7,8,9,10,11,12,13,14,15,16,17,18,19	-12.5749959858,6.39659044052,-10.4488853816,2.34216614204,-13.4983947518,11.139285074,20.4780058816,9.898666979,25.8166267098,48.1197953083,69.7544344073,114.736399521,109.848819093,121.888625471,148.033621011,148.633328779,161.09173859,140.680773545,134.104855561,150.507961946	B	scurve	0.2	396000
436129	0,1,2,3,4,5,6,7,8,9,10,11,12,13,14,15,16,17,18,19	40.4382840286,28.8698294324,25.7697578866,29.8116096714,27.8678454221,55.3310419236,57.5846397829,60.0483194181,57.9244419673,72.3708516191,119.217338512,152.930002453,164.101079731,182.584642178,190.955517595,179.554680911,176.71427857,173.018793513,202.618699514,187.940005253	B	scurve	0.2	396000
436356	0,1,2,3,4,5,6,7,8,9,10,11,12,13,14,15,16,17,18,19	-38.1726218268,-55.7347791399,-40.0481315554,-50.1072844169,-42.9317364135,-40.7340195692,-44.2555247818,-17.9815201992,-35.5452791165,2.07156262569,33.771377802,40.7378688639,66.4951167554,82.9147217816,85.6763998351,82.0824094401,83.3251001044,96.0610493635,93.3089194372,96.5398184933	C	scurve	0.2	396000
438646	0,1,2,3,4,5,6,7,8,9,10,11,12,13,14,15,16,17,18,19	-124.292493526,-115.262120755,-121.598346622,-110.359879371,-100.767727851,-104.01058096,-107.029453304,-84.7461844073,-99.6294382045,-51.2894344027,-35.3121010601,-13.2670696693,11.6004117925,2.72231659685,14.4458533889,32.9957030309,14.9535479866,41.2742511641,47.9550651247,22.8507051218	C	scurve	0.2	396000
439567	0,1,2,3,4,5,6,7,8,9,10,11,12,13,14,15,16,17,18,19	151.352908302,147.812151967,154.090544979,130.789512343,144.510681971,138.803714336,150.651592366,170.883072933,183.589647008,189.521461502,213.903995922,234.168780386,275.008129035,265.516517332,280.993738438,290.12671498,277.105399683,302.716053743,273.614194133,272.288368028	A	scurve	0.2	396000
439957	0,1,2,3,4,5,6,7,8,9,10,11,12,13,14,15,16,17,18,19	105.355269987,119.950404,103.062817881,101.660320486,129.739502159,117.833250796,120.845349843,117.906037065,157.010266171,153.934642843,184.144661535,204.10531328,232.757161665,239.948898883,248.233761169,262.419789287,277.352079824,259.909393181,262.395819917,277.170808721	A	scurve	0.2	396000
439886	0,1,2,3,4,5,6,7,8,9,10,11,12,13,14,15,16,17,18,19	-14.7861183038,-22.4461853735,-5.40377577172,-23.8289279027,-13.1113895979,5.55169889083,-1.74011888123,7.79416284564,20.1952548466,23.2333197056,48.0846233557,97.5310404348,112.163814534,114.928466287,122.10720879,116.828327436,139.079247765,149.377093807,142.246514687,152.802986743	B	scurve	0.2	396000
436306	0,1,2,3,4,5,6,7,8,9,10,11,12,13,14,15,16,17,18,19	107.357827441,95.8248894137,101.591359553,110.682180094,91.1187650486,90.9168860573,105.156497797,107.266212564,122.941725363,146.483857657,192.1850676,202.251315869,232.920791666,234.641734292,235.208875317,263.493357083,262.092886498,246.364700051,262.013731015,260.178155368	A	scurve	0.2	396000
437567	0,1,2,3,4,5,6,7,8,9,10,11,12,13,14,15,16,17,18,19	-57.7587564724,-48.8315193629,-35.8960625183,-45.0643187001,-29.6558634549,-55.6182446048,-32.9731636619,-23.7874256432,-11.5441632121,20.3921371121,32.480293956,39.3009751817,72.0212085962,87.7845330738,96.2673019001,86.4546664563,96.4446624527,92.5108600891,90.7400684748,107.899031762	C	scurve	0.2	396000
438676	0,1,2,3,4,5,6,7,8,9,10,11,12,13,14,15,16,17,18,19	-81.9476045937,-77.1329667248,-68.884794216,-88.0813052974,-81.8830142611,-89.7552150859,-66.7287176621,-65.9224410971,-61.2920175642,-24.4176747272,5.66648617073,8.82150421143,44.2156660116,37.7513829097,60.8395979971,76.7156198997,66.801952777,64.2672360498,69.7671905853,58.4297112313	C	scurve	0.2	396000
439534	0,1,2,3,4,5,6,7,8,9,10,11,12,13,14,15,16,17,18,19	52.3415888144,51.0397903662,54.4116432129,48.3843344771,70.2456948577,75.0080205317,65.0538753284,60.8652185297,100.037511358,108.156001421,143.440879997,147.932459838,172.401219891,207.125026633,214.151758455,188.598250374,198.066911527,201.370981723,216.691071203,196.340965088	B	scurve	0.2	396000
439742	0,1,2,3,4,5,6,7,8,9,10,11,12,13,14,15,16,17,18,19	91.3923394779,109.73848886,102.558956024,101.733043654,101.747765913,93.8031712389,89.0711356052,114.350431786,112.780994987,146.919202536,160.963891075,209.947707947,207.141358025,233.801919495,238.584054042,254.091578232,243.000767946,241.05657284,240.032478222,241.968537132	A	scurve	0.2	396000
439512	0,1,2,3,4,5,6,7,8,9,10,11,12,13,14,15,16,17,18,19	-32.6074685419,-31.7962441233,-33.7060208093,-43.0550028912,-45.5106274805,-50.6017755405,-50.7884494796,-30.3296955072,-10.762987909,-7.7330822959,15.2939507958,70.0010568094,62.2687914827,74.9999204287,81.6406814518,103.389830748,95.281216725,112.63957683,114.056954499,106.656202967	C	scurve	0.2	396000
436237	0,1,2,3,4,5,6,7,8,9,10,11,12,13,14,15,16,17,18,19	112.406426929,92.5280571248,96.5486571923,88.3119220839,104.976159459,117.263544553,106.194628201,104.156033745,133.266698438,155.950199379,190.479568821,199.327925602,228.360231252,242.467760724,259.839937659,236.104764112,241.890046859,256.743945609,238.269657213,259.96082254	A	scurve	0.2	396000
436265	0,1,2,3,4,5,6,7,8,9,10,11,12,13,14,15,16,17,18,19	-88.1809726315,-103.602807432,-94.1259086415,-106.910786668,-106.815995983,-79.758858979,-75.3099289955,-85.5240960389,-72.5217636635,-41.6044139487,-27.5149784799,-7.40030385159,24.9615079002,29.1394404421,34.6229484371,53.3019803866,49.4334170206,51.799789929,55.6272768816,55.7852889899	C	scurve	0.2	396000
436695	0,1,2,3,4,5,6,7,8,9,10,11,12,13,14,15,16,17,18,19	-127.501402083,-116.759701903,-128.79460236,-143.763106488,-125.596437488,-111.891500816,-133.986843436,-109.935832456,-86.6765138371,-90.7630612473,-42.6156941079,-18.8402654522,1.08137532029,19.5930000256,1.81971250507,32.0351198433,3.02391078208,13.7749457133,10.5250815889,16.2473315488	C	scurve	0.2	396000
436042	0,1,2,3,4,5,6,7,8,9,10,11,12,13,14,15,16,17,18,19	91.9581767036,87.2194183399,103.2983036,91.1705727352,94.5991365197,113.821608581,103.696780142,106.657463616,112.336408728,144.506225563,183.00259104,192.808625988,214.159033387,242.096215802,236.394211021,239.019702722,250.379760705,255.871450061,233.90526346,236.888421811	A	scurve	0.2	396000
436556	0,1,2,3,4,5,6,7,8,9,10,11,12,13,14,15,16,17,18,19	77.0216597727,49.6309394053,73.0506031718,74.4986506816,74.7607651343,61.0388694772,72.6693103184,88.3679757975,98.4688514597,112.011671778,151.140257732,149.32258719,179.509630868,193.101807286,196.141691823,223.894201477,222.364246461,201.698689862,210.331628177,203.736137057	B	scurve	0.2	396000
437886	0,1,2,3,4,5,6,7,8,9,10,11,12,13,14,15,16,17,18,19	-44.8922175748,-72.728675485,-58.9510283379,-44.1197022873,-49.1757474815,-66.8978793184,-40.3683872985,-40.7464939782,-42.6452902498,-3.45604333815,14.9632766426,56.0554476685,62.0210607215,88.5752908976,84.915118342,76.3248227045,98.2859318981,100.845935175,86.5716808174,104.489178631	C	scurve	0.2	396000
437752	0,1,2,3,4,5,6,7,8,9,10,11,12,13,14,15,16,17,18,19	45.9040048116,58.4374502706,50.3853731138,59.4134577024,50.5205745106,61.2365479184,73.7512385868,63.4037325195,94.0256515153,96.6879639687,119.389613896,154.354911782,163.676163359,196.513267419,204.822777766,211.333126555,198.185826472,200.365979767,213.666955254,193.313074483	B	scurve	0.2	396000
439782	0,1,2,3,4,5,6,7,8,9,10,11,12,13,14,15,16,17,18,19	131.425276418,120.313079726,142.530581066,141.801772476,128.761217577,134.503050962,150.972460236,142.127292552,144.610870053,190.565577585,201.744706042,215.600746066,246.974704907,255.785926603,256.254644921,275.871688041,287.322136776,286.954174087,261.677029369,282.182267707	A	scurve	0.2	396000
436655	0,1,2,3,4,5,6,7,8,9,10,11,12,13,14,15,16,17,18,19	-7.32891761272,-35.1246139453,-11.0706762286,-22.566930551,-18.2615017364,-18.0665042363,-10.4407727015,8.382334009,3.23386270566,37.1938429275,68.02493043,87.3653556822,102.36049003,128.433997922,106.096723042,117.330781255,129.300011442,129.079300622,120.240806131,130.085454361	B	scurve	0.2	396000
438174	0,1,2,3,4,5,6,7,8,9,10,11,12,13,14,15,16,17,18,19	-137.060447912,-114.235769476,-111.450101154,-116.806221932,-120.73728557,-123.209591551,-112.967101066,-119.960751474,-99.8734437826,-86.9916406925,-56.7597786544,-35.9763620576,-3.61250063491,-1.0681749643,11.8549709325,28.6957955408,16.2790186264,39.8962526037,30.4950910832,31.2740361301	C	scurve	0.2	396000
436873	0,1,2,3,4,5,6,7,8,9,10,11,12,13,14,15,16,17,18,19	97.4579338805,92.3811530797,99.614145926,80.5378220202,102.03089711,94.191282862,88.0024258992,101.977725801,116.076972413,130.796370608,165.068923809,181.065629721,219.990720905,207.72928757,219.678532516,229.994661708,233.138604377,241.066626824,252.633043737,240.865691999	A	scurve	0.2	396000
436884	0,1,2,3,4,5,6,7,8,9,10,11,12,13,14,15,16,17,18,19	-60.1545991281,-64.5074041294,-55.4993888932,-65.5962647964,-55.3991650863,-48.4412794475,-34.2513817255,-39.0631622968,-13.7882457022,-3.44369551265,12.9807715848,34.0338857483,52.3112376761,95.9341720471,78.8825476211,79.5065391606,104.866299395,90.4241013132,100.976304768,92.8203229298	C	scurve	0.2	396000
438860	0,1,2,3,4,5,6,7,8,9,10,11,12,13,14,15,16,17,18,19	3.35413408944,-28.185080126,-14.8266569384,-19.4595049455,-2.94265104244,-1.20852248574,-1.59885614737,-5.76778284465,19.7240313726,33.2852903394,73.9208424401,95.6484161611,120.423605141,117.021035155,138.109584601,138.987582971,137.863864606,126.52140377,151.156156346,142.164867604	B	scurve	0.2	396000
437871	0,1,2,3,4,5,6,7,8,9,10,11,12,13,14,15,16,17,18,19	-11.6871574123,-18.130425519,-17.2328528204,-17.6118971151,1.01213267998,-0.161210666596,18.9274022616,21.5910967082,19.8275391705,46.2090366032,68.860544369,103.306891042,122.804844653,139.081769576,124.521840837,149.170479505,148.06950085,152.902452104,137.61089044,141.977545606	B	scurve	0.2	396000
437363	0,1,2,3,4,5,6,7,8,9,10,11,12,13,14,15,16,17,18,19	65.663612385,71.4871157171,55.4810852927,67.908562064,55.6915255433,69.437595558,76.384189627,73.5451142872,75.4374646528,92.6033696596,144.24406572,169.470694932,160.5072227,185.784940771,182.019770106,185.536357508,202.91280581,215.905891682,220.264940157,220.669414191	B	scurve	0.2	396000
436235	0,1,2,3,4,5,6,7,8,9,10,11,12,13,14,15,16,17,18,19	-67.5032470631,-92.0937699282,-94.421814584,-83.7810317504,-78.4642720257,-60.7667387642,-82.4561825397,-74.6962672932,-39.7819802356,-30.4268536231,-2.85053725464,14.7562024665,28.4295391453,41.7563262438,45.8510153384,63.1515531928,67.492000762,82.4757252329,78.0810420355,67.3339887686	C	scurve	0.2	396000
439997	0,1,2,3,4,5,6,7,8,9,10,11,12,13,14,15,16,17,18,19	-129.360771182,-137.885924256,-153.347886311,-157.545315439,-157.627885195,-141.349550541,-122.378662842,-143.066675905,-127.030506715,-93.3001110087,-58.5923735048,-51.1031844607,-10.7361724799,-21.7904670173,-12.5959475903,9.76694840462,-0.77287489844,-10.5334995717,17.4363348678,9.8015301271	C	scurve	0.2	396000
436460	0,1,2,3,4,5,6,7,8,9,10,11,12,13,14,15,16,17,18,19	-100.896974011,-77.3901318859,-89.0990113011,-89.3145163886,-89.5365490727,-72.6150819934,-86.593116818,-73.0149344259,-50.3000579476,-43.9405860076,-20.3164355108,10.1455599242,33.8275694892,60.4923192583,52.2597382521,46.1592144266,49.3774276073,48.8035818933,54.9935955925,73.7124269225	C	scurve	0.2	396000
438826	0,1,2,3,4,5,6,7,8,9,10,11,12,13,14,15,16,17,18,19	-43.9427984905,-61.1075386488,-71.9725883831,-73.1839559603,-47.9275883152,-46.7250634168,-53.4077309018,-48.4307940953,-41.9120576535,6.18203051012,20.2588054685,35.6149534041,62.7257011301,83.5534884099,87.2392191878,70.2243645116,101.721155264,83.6112061101,84.6751422228,81.6444449401	C	scurve	0.2	396000
437508	0,1,2,3,4,5,6,7,8,9,10,11,12,13,14,15,16,17,18,19	15.9547628063,-14.2499241072,-8.35724612148,3.60043403712,-10.3267959396,-10.5908073257,19.2340564503,25.9135695055,24.0667954729,35.6033836542,89.5840144147,109.921464621,113.517934658,145.924033051,134.985489135,153.835603374,162.825998036,164.903528412,152.157536271,156.131627445	B	scurve	0.2	396000
438383	0,1,2,3,4,5,6,7,8,9,10,11,12,13,14,15,16,17,18,19	-24.0838813864,-21.4071868234,-44.6628848733,-49.7060890232,-42.637050833,-36.6896970003,-35.3981685928,-27.9357883723,6.45773707561,-1.33326685495,45.2918306396,68.1209512364,89.5891696395,109.239899157,106.70594391,121.862828653,98.4353488452,108.663654042,102.670800279,122.708066778	C	scurve	0.2	396000
439315	0,1,2,3,4,5,6,7,8,9,10,11,12,13,14,15,16,17,18,19	-25.5685518045,2.65368332582,2.75766879245,-20.7794468773,-0.230468831823,-2.64516734165,-17.9797206665,7.42930137894,9.88412446438,41.3529990373,75.628500672,75.9242792609,115.460277773,134.208231817,132.270200856,141.251909046,133.990361347,149.282164167,122.824619897,131.403659098	B	scurve	0.2	396000
436230	0,1,2,3,4,5,6,7,8,9,10,11,12,13,14,15,16,17,18,19	-37.963925952,-31.5017578472,-26.2730272398,-23.0177544976,-31.1740975834,-31.2853392484,-37.2275678376,-17.5147504217,-5.0037839269,1.5311807335,52.1271519996,68.1438426601,92.0340376639,87.8037221015,105.300056422,121.436854521,113.328406182,100.219635734,111.454468522,113.589058594	C	scurve	0.2	396000
436922	0,1,2,3,4,5,6,7,8,9,10,11,12,13,14,15,16,17,18,19	-86.4476140714,-58.9221113503,-67.1484212348,-87.7291121649,-84.7328934855,-82.6788614348,-61.6634654877,-51.5924167856,-37.6482026143,-13.9392928689,-10.2847101148,34.1805390012,39.9641593676,49.7250615097,78.2432710736,75.9233826454,57.7656015607,86.9446760274,83.3295903071,76.5178057391	C	scurve	0.2	396000
439583	0,1,2,3,4,5,6,7,8,9,10,11,12,13,14,15,16,17,18,19	-113.733639869,-107.874056533,-125.433666769,-124.202793098,-130.850562792,-127.332634399,-103.013175271,-94.2528968913,-82.290892478,-60.6268773288,-47.8592498406,-23.419600172,-0.531972135013,18.6517968197,24.5448455784,42.2416274759,27.6236065831,19.219795791,22.8567795843,26.4283653641	C	scurve	0.2	396000
436216	0,1,2,3,4,5,6,7,8,9,10,11,12,13,14,15,16,17,18,19	-67.1655363308,-48.2066678628,-48.15103079,-64.9420235229,-48.2866667919,-60.1389418613,-51.894618016,-33.121107781,-20.4077629636,0.557762356019,33.8909963144,32.3182367261,63.0964936376,80.1101523206,95.6657233571,91.0448261744,107.51372567,94.9291595241,86.1531833869,96.6409161268	C	scurve	0.2	396000
438097	0,1,2,3,4,5,6,7,8,9,10,11,12,13,14,15,16,17,18,19	-56.1802918639,-42.5958987241,-60.1411773032,-35.8514425479,-50.356905512,-43.0591464075,-56.5079775998,-31.122852534,-14.704281524,-9.73820616586,33.2168947887,51.53688585,84.8655598964,96.0552522353,107.107069698,104.79464683,109.949524619,103.042937287,85.6951601362,87.4251854777	C	scurve	0.2	396000
436799	0,1,2,3,4,5,6,7,8,9,10,11,12,13,14,15,16,17,18,19	-24.1193562805,-32.4789055909,-19.8706279106,-21.546839954,-41.3311460533,-18.3806971387,-13.1787196565,-31.4223574287,3.23333178792,4.56412459279,26.4314593333,79.214406436,81.8066044714,114.909953906,107.472891929,106.080245666,116.772281114,119.307154744,112.532324762,125.356965648	C	scurve	0.2	396000
439541	0,1,2,3,4,5,6,7,8,9,10,11,12,13,14,15,16,17,18,19	61.6801993782,70.8151771042,57.1764150573,63.1867125515,88.9363801797,88.7482289779,67.4858261131,73.8011676543,94.8847498041,106.447567673,158.105734289,172.631723506,201.692105698,211.092712625,222.979958729,212.009326882,224.501383913,212.104741875,230.407550786,214.84746427	A	scurve	0.2	396000
439945	0,1,2,3,4,5,6,7,8,9,10,11,12,13,14,15,16,17,18,19	-49.6850733823,-61.7603416262,-58.802687852,-52.1648174176,-46.9699752323,-47.8737819291,-57.066340762,-48.3880247584,-24.1873787972,-22.4763917015,16.4305279629,55.9713432298,62.1890276913,74.3783144151,99.7676448594,101.19190885,79.0062897799,107.873317916,76.9823369784,101.002400276	C	scurve	0.2	396000
437668	0,1,2,3,4,5,6,7,8,9,10,11,12,13,14,15,16,17,18,19	-11.7222479843,9.28101770228,10.484763911,1.04201690708,-2.31426116729,-7.72356001379,2.23529663475,7.97553842393,49.331251771,57.3325014122,73.6340097048,115.867723064,123.907904946,122.556041771,142.322021624,145.081905675,151.588202866,156.711566892,165.924227764,160.757364172	B	scurve	0.2	396000
436568	0,1,2,3,4,5,6,7,8,9,10,11,12,13,14,15,16,17,18,19	-112.080641833,-123.850121293,-117.057619468,-99.6029343102,-114.305350017,-112.342082366,-104.392844837,-81.7526102383,-81.6175719338,-67.9398811999,-36.9771495214,-10.1667032998,13.5852607696,30.3609081481,36.2588198065,46.0342449602,17.6660937508,24.1691397565,33.7360770612,30.3742598287	C	scurve	0.2	396000
439544	0,1,2,3,4,5,6,7,8,9,10,11,12,13,14,15,16,17,18,19	57.5586463405,57.7210071321,84.6242660464,65.249295746,85.9251975349,91.1984361192,78.260240785,80.8203259374,89.1965336349,128.384331148,145.617089122,180.04579959,185.390631218,203.500941784,216.569183528,214.928779565,207.288517706,205.082715138,223.451498652,211.330257737	A	scurve	0.2	396000
436845	0,1,2,3,4,5,6,7,8,9,10,11,12,13,14,15,16,17,18,19	129.48291325,138.774298272,130.47126127,157.999001108,156.276354529,139.909234756,147.488112727,144.369805753,172.365696306,185.462780193,205.230443889,230.420375451,268.219651095,258.802670226,298.304859674,285.651540595,279.344772067,298.840255442,285.469760642,284.502955214	A	scurve	0.2	396000
438115	0,1,2,3,4,5,6,7,8,9,10,11,12,13,14,15,16,17,18,19	38.179708421,30.3480821939,43.0804962674,32.4518926571,55.4870358047,40.9345314701,36.1905610463,40.5803283914,83.8532378142,94.1293126742,103.053062732,142.755220904,153.038836798,181.819455196,178.20474929,201.011885765,204.131035005,198.403840481,174.520429807,175.014826158	B	scurve	0.2	396000
438196	0,1,2,3,4,5,6,7,8,9,10,11,12,13,14,15,16,17,18,19	3.48037039173,-4.93893166457,-8.27838015947,13.5872236769,1.67920530438,17.5017521126,7.26683115768,28.9240693385,27.5963546664,53.811176297,96.8943004117,122.625723407,136.698636247,130.078543933,134.756940815,141.773108901,155.66659811,142.367207212,147.533030569,171.114700528	B	scurve	0.2	396000
436506	0,1,2,3,4,5,6,7,8,9,10,11,12,13,14,15,16,17,18,19	151.679364707,139.099043859,139.537619078,139.282621141,135.307360059,136.664933776,144.394326641,147.807517434,157.937272657,174.878862972,203.7374459,247.750709551,262.581961786,279.577219482,288.861279304,275.643033814,283.844001054,282.293016315,278.134274005,278.405242327	A	scurve	0.2	396000
438628	0,1,2,3,4,5,6,7,8,9,10,11,12,13,14,15,16,17,18,19	-138.333391287,-111.917750972,-134.322125222,-109.921131053,-135.005590235,-130.643244168,-103.512112433,-106.040080909,-106.904946275,-89.8201493012,-40.1638535254,-9.86968447713,-13.4668309963,7.56395885429,-0.0511275564512,25.2567000123,35.9467660823,19.1747286618,21.7529463598,35.8135182392	C	scurve	0.2	396000
438513	0,1,2,3,4,5,6,7,8,9,10,11,12,13,14,15,16,17,18,19	-17.1050052888,-28.6383118494,-15.1627750164,-34.6308990091,-23.0670125224,-12.4585403352,-2.82155565313,-14.1608157565,8.33325283399,20.2868517375,64.3284743268,69.0928546076,98.9576063623,118.888689723,130.236249527,121.140785512,126.756778081,114.329324559,134.318128856,119.41075632	B	scurve	0.2	396000
437851	0,1,2,3,4,5,6,7,8,9,10,11,12,13,14,15,16,17,18,19	-144.745451868,-135.494440308,-118.399572479,-116.667640734,-126.602998481,-138.094953491,-129.875356147,-122.566095434,-91.1312378869,-64.9081987965,-51.7372790613,-40.0291138379,-19.5789266638,15.5496187016,19.8782337742,26.6171795135,10.6524931022,29.8701555049,18.2914894977,7.99910315402	C	scurve	0.2	396000
436696	0,1,2,3,4,5,6,7,8,9,10,11,12,13,14,15,16,17,18,19	-17.7357950339,-23.4750540611,-31.2058307907,-19.9889860791,-21.3915109247,-9.78746789753,-14.2869237818,-2.16879176794,-2.92706095451,8.86807502238,54.5005580352,82.6850246157,79.7679792048,109.11362854,100.547740609,129.494871863,132.927862087,127.981863056,132.142430407,108.721828576	B	scurve	0.2	396000
438354	0,1,2,3,4,5,6,7,8,9,10,11,12,13,14,15,16,17,18,19	86.6247511359,85.9664686333,101.342922977,110.821521391,109.356745784,89.5165848601,126.136510732,119.538125316,116.693244074,163.304551651,166.092132394,202.015638254,232.452243951,228.330625654,241.491945064,237.637258262,245.916464542,241.361383856,253.418062941,236.723578238	A	scurve	0.2	396000
437102	0,1,2,3,4,5,6,7,8,9,10,11,12,13,14,15,16,17,18,19	-67.4145344177,-65.9098996999,-79.7901487344,-90.39615125,-71.66600573,-60.4733486978,-62.9793062104,-70.1597949442,-60.0463903443,-37.7192126375,-20.3746511083,7.44324199221,26.6718166983,59.293270071,59.703021669,54.009164164,55.6691480147,76.2228045604,67.2337702697,66.5520102981	C	scurve	0.2	396000
438789	0,1,2,3,4,5,6,7,8,9,10,11,12,13,14,15,16,17,18,19	116.872059318,141.669789049,118.19745052,115.650303384,129.41946359,128.792468857,142.665380414,139.039029745,161.470117412,188.112472031,219.143851016,217.334565536,263.958667904,265.547597517,254.593968795,287.38039,267.584282845,262.907479294,291.871746567,285.671935524	A	scurve	0.2	396000
436536	0,1,2,3,4,5,6,7,8,9,10,11,12,13,14,15,16,17,18,19	-34.2801589447,-41.6577497292,-61.3413125627,-51.1337615465,-55.4546412825,-50.9850151609,-44.1941222313,-30.2645663081,-26.4824619884,7.11760090033,16.9404585099,54.8088209554,80.2306854583,79.9822566095,102.514710354,82.330787787,81.8889909264,111.113549707,101.904913548,85.3516294835	C	scurve	0.2	396000
439921	0,1,2,3,4,5,6,7,8,9,10,11,12,13,14,15,16,17,18,19	13.4182111763,24.1077989923,25.0087021667,12.4529433288,20.1705442211,4.33409392795,4.45734738603,13.3940897756,40.057007003,74.6147192846,83.4886871765,118.038170173,114.899273044,149.380831301,158.175149114,158.976740679,148.671983859,145.174114705,164.335982568,166.636368928	B	scurve	0.2	396000
438066	0,1,2,3,4,5,6,7,8,9,10,11,12,13,14,15,16,17,18,19	-69.909733569,-99.8342327583,-72.3613484404,-96.9391382573,-91.5443667954,-89.1148486338,-63.7185543232,-84.9535460972,-55.9322286933,-40.9215673374,-13.6211507316,19.7186566796,36.203135886,51.7295570736,50.2190365249,73.5405766385,51.1811347167,47.5515888901,78.7870566886,55.6391880407	C	scurve	0.2	396000
438855	0,1,2,3,4,5,6,7,8,9,10,11,12,13,14,15,16,17,18,19	57.9086147462,74.0932985195,51.7050811413,53.7304552972,78.8767795164,65.5069044694,58.8920849557,73.1243822187,103.316481372,108.627086024,154.907507311,165.180099084,197.760241519,200.581355164,211.232194365,227.729310613,223.507060416,208.862923541,218.352875173,220.666116523	B	scurve	0.2	396000
437656	0,1,2,3,4,5,6,7,8,9,10,11,12,13,14,15,16,17,18,19	-50.5545985306,-37.8676615794,-24.8362153211,-41.7092236986,-43.7304212911,-16.5256109717,-24.6998936346,-28.6398069842,4.90996554038,1.62295607941,50.8499254088,79.2445378025,95.2042389491,89.4856713445,90.5461304998,114.20039194,121.221417064,99.74582617,112.09056101,121.524958772	C	scurve	0.2	396000
438201	0,1,2,3,4,5,6,7,8,9,10,11,12,13,14,15,16,17,18,19	-106.432684121,-125.696286976,-119.821720236,-93.6967459707,-118.242772309,-110.431681741,-100.675116394,-80.6380176317,-91.6420385406,-76.400390238,-43.6523455885,-22.2360472847,5.30378191368,23.3455589016,18.7005823054,26.243253751,50.009788961,52.5603819376,47.0059891975,28.4132494709	C	scurve	0.2	396000
439008	0,1,2,3,4,5,6,7,8,9,10,11,12,13,14,15,16,17,18,19	-21.6317368656,-19.9837887186,7.70131171285,-19.4828175194,1.6099164937,6.16533502979,5.40777137031,8.29267656543,20.536935666,32.8063264158,64.0387214076,104.392849015,117.816235503,135.551713721,132.832523857,137.270055363,137.16529397,147.51745456,132.207171193,128.128436044	B	scurve	0.2	396000
438253	0,1,2,3,4,5,6,7,8,9,10,11,12,13,14,15,16,17,18,19	-127.660950311,-133.461252513,-152.435463474,-138.267800688,-120.557638133,-133.993311738,-121.796309383,-121.112998079,-124.530430429,-90.6063301621,-67.2699835562,-51.8902798049,-12.1474631852,-16.6793563134,9.97969677719,5.19542380213,-6.36419310982,19.6345185541,0.72419022237,3.1116221509	C	scurve	0.2	396000
436805	0,1,2,3,4,5,6,7,8,9,10,11,12,13,14,15,16,17,18,19	98.9512916036,80.6095223114,69.640403695,75.4981660826,72.1416547638,97.3447912949,76.2805481126,113.44691325,104.756597861,131.624972654,168.589662211,169.063212816,189.503404593,211.852841217,234.510673163,238.693096168,216.537159273,238.470289285,239.684862134,217.586290941	A	scurve	0.2	396000
437519	0,1,2,3,4,5,6,7,8,9,10,11,12,13,14,15,16,17,18,19	-9.19449076141,-6.71557492614,2.95411511054,-23.9519339861,6.38448664579,-15.0949080979,10.0213304509,-2.19762220322,22.1233117849,30.2593654295,58.8416323291,96.0213839277,115.169193764,130.481738574,127.573326976,135.987256029,132.844919766,149.627167448,134.965994916,135.926690953	B	scurve	0.2	396000
436679	0,1,2,3,4,5,6,7,8,9,10,11,12,13,14,15,16,17,18,19	100.475059728,118.838973083,91.9355446998,115.293795491,107.629285736,102.891146641,103.148136742,135.660608062,123.934814517,141.899869933,192.477285819,191.185991796,223.554898866,230.877866727,245.069565115,258.940854032,263.527318691,244.362897927,248.606538528,243.213457879	A	scurve	0.2	396000
439639	0,1,2,3,4,5,6,7,8,9,10,11,12,13,14,15,16,17,18,19	44.8485345404,52.0398799269,69.2260082062,54.8780333515,76.2920446852,76.4564275637,66.649060276,78.6270290642,106.939118493,125.139431447,122.44788569,169.636640696,186.953631444,179.58615432,192.368052993,191.212394644,210.480600202,214.160769618,209.384892824,226.662376804	B	scurve	0.2	396000
436617	0,1,2,3,4,5,6,7,8,9,10,11,12,13,14,15,16,17,18,19	-24.8287701816,-46.1587772446,-48.1336157708,-33.1814131879,-36.7754526505,-31.3692997891,-44.5956495875,-24.0579152601,5.11661951601,14.0771852316,52.5290472715,60.4476663964,70.0524525299,81.6982985672,118.630166473,94.2941376902,125.046963235,126.912141948,111.109152262,114.253624464	C	scurve	0.2	396000
439979	0,1,2,3,4,5,6,7,8,9,10,11,12,13,14,15,16,17,18,19	-130.457147171,-111.037611182,-115.177279479,-128.25543371,-125.024216883,-122.475475715,-103.935428312,-108.402317374,-89.3789314201,-87.2198454173,-58.9191982856,-32.0241513059,-12.4198428351,25.6872438694,16.5265251629,33.9630844081,17.259984976,26.3507147063,33.7624607015,35.9315103413	C	scurve	0.2	396000
436083	0,1,2,3,4,5,6,7,8,9,10,11,12,13,14,15,16,17,18,19	108.602442682,122.376055866,104.342009109,127.371070853,126.666491488,109.633022898,126.602375746,145.880536583,137.114943936,173.805027607,183.62499697,225.721219952,228.272436002,235.261506371,261.132655087,271.341869992,273.898516747,264.519302672,260.720551999,280.539105133	A	scurve	0.2	396000
439724	0,1,2,3,4,5,6,7,8,9,10,11,12,13,14,15,16,17,18,19	90.5736547097,66.5953245416,87.60681138,68.5973918608,69.5745632296,93.9471038287,95.645439,91.1250294427,124.381855066,124.396552024,142.384779815,189.10675494,194.210255321,206.606701055,206.2287621,232.206481977,220.834680135,241.435990461,230.462563088,233.321555553	A	scurve	0.2	396000
439127	0,1,2,3,4,5,6,7,8,9,10,11,12,13,14,15,16,17,18,19	-74.9308839346,-87.0075525061,-75.5728320342,-80.8228895003,-92.9348906076,-75.9992477471,-86.7039026539,-82.5278217152,-51.3681070875,-44.7763649994,-12.7177391138,13.5872974202,23.2396803314,28.4536424117,49.3944996169,56.8595069926,46.6720434639,56.1464815763,51.0498282993,50.8461886416	C	scurve	0.2	396000
436383	0,1,2,3,4,5,6,7,8,9,10,11,12,13,14,15,16,17,18,19	70.5986508607,85.2321687591,88.6217416632,75.0583785207,86.691774877,80.0978685565,94.859714868,96.1740524305,108.972155753,137.763900464,157.554389472,196.00467486,201.75841894,215.413264446,214.535689884,226.843332746,236.314681632,233.851235334,243.695452329,223.674682774	A	scurve	0.2	396000
437375	0,1,2,3,4,5,6,7,8,9,10,11,12,13,14,15,16,17,18,19	24.9717305009,31.0134803343,25.0394274604,18.7834054078,8.29241802808,3.36680155594,29.4949732695,15.6967057869,28.7966129913,56.9943347119,92.9529317338,102.751019683,129.07063281,160.609166355,164.321781302,150.933978842,168.16184166,166.371864816,160.604263954,160.093418076	B	scurve	0.2	396000
437061	0,1,2,3,4,5,6,7,8,9,10,11,12,13,14,15,16,17,18,19	25.4427627351,26.875831386,24.9258105335,10.0453650296,34.9919784616,19.0964664611,17.5489115498,36.2220487645,44.1078405908,77.4369336382,82.3363322834,133.809507796,153.711760597,148.555566202,147.647970302,156.37167295,168.658760418,182.257366917,159.222607165,157.528663237	B	scurve	0.2	396000
437573	0,1,2,3,4,5,6,7,8,9,10,11,12,13,14,15,16,17,18,19	-105.496921611,-98.8048826441,-121.644598453,-113.750205966,-112.287202402,-97.0426561561,-97.6548952429,-93.1417287441,-82.6147881164,-76.3721573976,-46.7861959159,-0.370426679803,17.5718533799,26.2885508684,31.1116322974,44.4837555884,43.3931295966,40.4542742814,25.3653780853,33.2491475239	C	scurve	0.2	396000
437143	0,1,2,3,4,5,6,7,8,9,10,11,12,13,14,15,16,17,18,19	106.789000352,96.4728236717,89.0521019532,89.3496758675,92.4187341638,101.013943517,109.229227381,112.503772583,121.756341974,136.435726007,160.994064211,194.401545931,204.889208989,240.805105581,243.802173299,251.913897026,230.294540103,247.900503581,240.436778184,229.841316915	A	scurve	0.2	396000
439297	0,1,2,3,4,5,6,7,8,9,10,11,12,13,14,15,16,17,18,19	-69.5159054341,-68.7506331959,-55.3469242182,-62.8764933694,-50.8407171724,-51.4095097393,-59.2037035387,-31.5900081729,-17.8489876074,-18.9216228788,17.9987766718,48.5391827122,51.721831345,87.4173572833,96.3154892809,101.491242595,103.087501399,80.4069763471,102.249503035,106.066226955	C	scurve	0.2	396000
436079	0,1,2,3,4,5,6,7,8,9,10,11,12,13,14,15,16,17,18,19	-106.030138772,-98.5547966276,-99.161932786,-108.62348577,-109.293998351,-95.5582655369,-103.990650357,-71.6301881764,-74.6382632207,-64.9981202577,-13.5619974582,2.42041515301,8.48989618645,18.9417921031,35.7552339959,35.6138649013,47.9057725066,59.4632934293,55.7396723062,42.1707972328	C	scurve	0.2	396000
439131	0,1,2,3,4,5,6,7,8,9,10,11,12,13,14,15,16,17,18,19	-29.4807940474,-16.0311328086,-26.6024340435,-22.8308807271,-10.7093806342,-18.927173649,-12.5094564542,-11.0244429463,-6.07810083481,41.0275403921,46.0144259326,88.4699246837,108.795893366,110.676355613,128.687317368,129.445061852,114.51518861,123.435505276,115.627815123,114.490444677	B	scurve	0.2	396000
436676	0,1,2,3,4,5,6,7,8,9,10,11,12,13,14,15,16,17,18,19	-75.8405348262,-85.100238183,-81.6463881989,-79.8604163429,-87.0081658627,-90.9758088478,-78.3820241645,-91.1229256868,-66.8680664231,-37.0761817111,-10.1222077689,-5.24946561446,14.616978209,48.8897678077,33.1340790604,64.8899741882,51.2047143771,46.6730095953,67.7729211483,49.8391441855	C	scurve	0.2	396000
439646	0,1,2,3,4,5,6,7,8,9,10,11,12,13,14,15,16,17,18,19	127.198804508,136.79527289,120.660531549,141.581411193,131.468033034,121.736108744,134.233207739,134.273212291,153.573541817,190.196142653,217.482564532,216.792643056,236.109494137,246.140562988,266.70586116,273.873095809,268.034086125,282.086403894,278.475615296,262.65121988	A	scurve	0.2	396000
436351	0,1,2,3,4,5,6,7,8,9,10,11,12,13,14,15,16,17,18,19	5.98552726507,9.63398268906,18.7848722837,19.3769972991,6.43489743966,3.74642081389,17.3837042467,37.0760838867,37.7904018205,43.5200434846,96.3028220679,108.511981569,119.183486396,136.828489076,144.193522329,137.683015554,163.428670836,160.773284933,158.888939972,150.69831658	B	scurve	0.2	396000
436329	0,1,2,3,4,5,6,7,8,9,10,11,12,13,14,15,16,17,18,19	-47.700120416,-30.0089874368,-26.0021689361,-37.1978082096,-49.9460601243,-26.7950645474,-16.9170948834,-23.8854432491,5.14137154604,5.45056975674,50.3502738934,76.6414370135,75.0210722068,111.759998884,90.6657983639,117.519261834,105.652101026,115.111614893,120.198844003,95.7050127926	C	scurve	0.2	396000
436670	0,1,2,3,4,5,6,7,8,9,10,11,12,13,14,15,16,17,18,19	-136.461328249,-139.153106412,-147.501122474,-139.475366489,-131.787200152,-121.935043993,-138.176693781,-115.844720631,-110.125531009,-81.198398774,-77.176063448,-45.7058331699,-7.91301633708,4.57072490254,-15.7382479951,15.6117116425,1.8924172963,2.70107250524,24.1546747709,9.95995768919	C	scurve	0.2	396000
436501	0,1,2,3,4,5,6,7,8,9,10,11,12,13,14,15,16,17,18,19	-3.46854971359,-6.49666446687,3.14214390307,-6.93486987923,-6.63207232646,-0.513796287796,-7.06352680021,22.2556660576,21.6731338362,60.6613002706,60.2578132484,98.6214429716,107.11592975,134.269026436,153.823438249,152.002913924,159.383219568,163.041879316,139.820411363,156.573341006	B	scurve	0.2	396000
437298	0,1,2,3,4,5,6,7,8,9,10,11,12,13,14,15,16,17,18,19	-22.6879925133,-23.070298735,-13.6416270206,-18.0421500561,-33.0878950334,-23.6606898996,-31.4768472108,-26.8387436382,12.2751817592,13.137180071,28.8987755405,84.9667405857,101.603409356,89.3548040075,98.8778771107,119.567284651,127.160307743,134.656662632,103.965690592,109.963335276	C	scurve	0.2	396000
436220	0,1,2,3,4,5,6,7,8,9,10,11,12,13,14,15,16,17,18,19	99.5244796109,104.080889306,105.194335201,125.14080919,107.524038053,126.395626593,123.432458136,143.376302241,141.741935858,162.218618863,177.330164625,204.469273866,236.409656321,263.560244295,256.384291392,246.327139841,273.634693199,261.582822989,263.705265338,269.400640213	A	scurve	0.2	396000
437883	0,1,2,3,4,5,6,7,8,9,10,11,12,13,14,15,16,17,18,19	-72.0735314205,-91.3565905726,-69.1374725233,-63.4246669235,-86.8126706815,-62.4825454815,-52.2997169485,-63.3186321447,-39.5922435897,-25.0120027425,-16.3205229246,17.6555633469,42.7751660541,62.0603538392,65.3669353301,67.3891862615,81.9887932699,71.494151844,72.2018156456,79.3439152914	C	scurve	0.2	396000
436966	0,1,2,3,4,5,6,7,8,9,10,11,12,13,14,15,16,17,18,19	64.378595507,65.7623067214,41.5645611194,48.8992997456,68.5304518757,47.9601195768,50.1752370574,57.8385724683,70.3127221728,106.868033906,124.903912846,146.042126652,188.966119146,198.158244555,205.547754314,214.201718849,214.956083374,205.059569524,212.30456404,211.596676747	B	scurve	0.2	396000
438655	0,1,2,3,4,5,6,7,8,9,10,11,12,13,14,15,16,17,18,19	31.1089738213,32.9390565504,18.9920342096,23.209443588,17.0375956039,28.0882974579,24.6142992047,43.8872105444,47.3218636711,67.0515142181,93.4771975411,104.725458053,133.447612031,143.294794249,147.804420541,174.506636494,159.663070589,175.147375824,175.915787903,181.795562337	B	scurve	0.2	396000
436611	0,1,2,3,4,5,6,7,8,9,10,11,12,13,14,15,16,17,18,19	-58.7438017177,-65.9332087442,-65.1423698808,-75.3701898007,-56.7363748847,-61.3339617519,-48.7120126123,-59.6500215533,-21.8465805505,-16.2374305722,20.3735809132,34.3681238607,50.1604597559,77.1335634849,62.5633196363,70.3587317177,93.0355956448,86.5390962498,89.0493088403,77.2886399659	C	scurve	0.2	396000
436256	0,1,2,3,4,5,6,7,8,9,10,11,12,13,14,15,16,17,18,19	-16.418525658,-17.6337207324,-35.5011409141,-29.8782594176,-14.2014849402,-30.953231944,-18.2132912731,-1.91661251934,25.105820897,28.3123215938,65.6325518308,95.697252475,99.7246718635,110.064401728,105.663756644,117.689833507,127.86735944,137.639333012,137.078662733,142.726086785	B	scurve	0.2	396000
436705	0,1,2,3,4,5,6,7,8,9,10,11,12,13,14,15,16,17,18,19	-94.5799411894,-90.6144189154,-92.0847331874,-93.6266500061,-118.296291238,-88.3982999935,-92.1116220653,-81.6324660878,-84.5517441155,-68.7065557333,-30.1012079968,-8.18264730919,5.27630073425,38.1866504199,37.2719139248,33.8497360042,32.0908502831,41.1241874978,29.70743234,35.8066776083	C	scurve	0.2	396000
437462	0,1,2,3,4,5,6,7,8,9,10,11,12,13,14,15,16,17,18,19	15.6473727097,20.6123935964,35.200366836,32.2396952684,37.672807101,40.3326870866,43.0073487693,34.055620107,54.5518886637,64.9247592555,102.684035058,116.886491762,141.127955144,143.671227837,177.659743572,160.428532704,167.318126255,176.88275261,169.450134826,176.836345337	B	scurve	0.2	396000
439091	0,1,2,3,4,5,6,7,8,9,10,11,12,13,14,15,16,17,18,19	-54.0896963778,-69.8195968914,-68.6733324016,-39.8077825165,-39.2261073661,-41.1666600491,-28.6849620376,-52.5974231376,-34.7202356507,7.00320964275,26.4353038518,43.579504318,66.1771298514,68.8325130904,72.1673237761,83.4198127539,95.9029765956,82.418578261,84.089459305,83.0306940228	C	scurve	0.2	396000
439267	0,1,2,3,4,5,6,7,8,9,10,11,12,13,14,15,16,17,18,19	114.421722831,99.7001677572,106.808361093,110.921624718,104.394040638,101.991166619,105.37809715,112.879071646,122.609565345,156.648297477,185.934412254,219.248793801,214.926323572,250.133744351,241.805279968,256.543667161,244.529501538,258.059703447,268.053711681,273.305328642	A	scurve	0.2	396000
439049	0,1,2,3,4,5,6,7,8,9,10,11,12,13,14,15,16,17,18,19	128.990323793,142.038790447,131.439743933,118.339106051,117.405352794,138.755912032,150.841840002,152.9008257,175.318484233,167.077898787,195.33188005,228.534415001,247.1216076,269.018650011,284.929696948,268.593556283,282.099457982,266.951337266,291.098712342,264.422176673	A	scurve	0.2	396000
438947	0,1,2,3,4,5,6,7,8,9,10,11,12,13,14,15,16,17,18,19	106.335232561,101.711959838,109.649565448,96.7085795754,113.435926563,117.341041679,113.679603883,121.757369803,135.602684834,175.768629365,174.868984617,221.749265623,213.80651644,240.538563222,264.640627769,246.064461398,262.340183178,249.707838263,269.631563743,253.660865567	A	scurve	0.2	396000
437600	0,1,2,3,4,5,6,7,8,9,10,11,12,13,14,15,16,17,18,19	24.4634333136,22.2197302367,28.5921154368,20.8630862514,41.1313316326,48.4048812182,46.7647720962,49.281756918,75.508443171,94.1928056497,103.954221882,126.270646,155.171900443,156.598682541,164.894147356,176.189680245,172.623245891,168.224806379,173.6138157,180.482449922	B	scurve	0.2	396000
438906	0,1,2,3,4,5,6,7,8,9,10,11,12,13,14,15,16,17,18,19	94.2505523719,106.023849527,86.0556269836,93.5705042277,103.097112062,103.650882104,117.262868172,114.885060358,121.682066032,137.166762521,170.644733667,179.883559944,202.425344572,237.572154942,234.355952986,245.806928348,248.271715568,235.267672833,240.770399579,238.865058638	A	scurve	0.2	396000
437990	0,1,2,3,4,5,6,7,8,9,10,11,12,13,14,15,16,17,18,19	16.4860252401,28.4245296339,28.4952523998,32.0361044983,19.8360958618,29.3562593726,47.5247118811,44.6879310482,68.6863403912,97.9657699288,106.402276381,130.802257262,144.750768417,163.557397989,187.075108913,174.627633336,189.212291683,188.36131056,193.243422875,166.04787254	B	scurve	0.2	396000
439325	0,1,2,3,4,5,6,7,8,9,10,11,12,13,14,15,16,17,18,19	-40.7494735473,-26.1204836556,-56.7094873047,-29.4553386658,-40.9124498966,-21.3371394416,-33.3767391676,-15.0957663456,4.10458151517,18.4359999438,25.2566173145,68.6167809314,64.8018347277,97.5327326078,110.203971228,97.8363894292,107.127848862,104.824416358,106.312316919,95.0131102727	C	scurve	0.2	396000
436570	0,1,2,3,4,5,6,7,8,9,10,11,12,13,14,15,16,17,18,19	158.425296983,135.795247348,134.841254675,144.105135757,165.20680324,166.284415806,160.418850794,179.623310495,177.796967625,211.8512914,224.112188802,250.337265738,265.147058593,289.082356005,281.332010365,306.467223929,298.025961917,302.357035785,298.655721712,292.743641399	A	scurve	0.2	396000
436122	0,1,2,3,4,5,6,7,8,9,10,11,12,13,14,15,16,17,18,19	75.5640370022,45.5592084264,51.529935839,45.8433031607,59.2482312248,62.3299756889,83.1545023202,62.7087033371,86.011559594,111.341790233,130.537680357,171.162921919,193.436306272,182.262670141,212.869765652,191.446602805,214.659743449,217.003994419,206.961129989,209.399901685	B	scurve	0.2	396000
438308	0,1,2,3,4,5,6,7,8,9,10,11,12,13,14,15,16,17,18,19	77.826394626,80.2132759319,77.1599237654,77.3156576603,87.9763628381,65.4508977972,91.8124185483,80.2743009532,107.221148278,135.630363666,152.19328095,182.444078591,183.597827992,224.86401778,203.075398894,216.903339263,214.76225885,216.653278463,228.500955744,215.303101712	A	scurve	0.2	396000
436463	0,1,2,3,4,5,6,7,8,9,10,11,12,13,14,15,16,17,18,19	11.0588405714,-3.82873122858,10.6958936171,1.78824506012,17.6882323408,-10.354143059,5.95152674936,31.2064342153,34.1336552294,54.4839532949,83.8814243553,108.591787226,105.990419159,133.306421316,128.459844485,158.808653964,161.958029462,160.284541113,141.316346778,149.530450006	B	scurve	0.2	396000
437618	0,1,2,3,4,5,6,7,8,9,10,11,12,13,14,15,16,17,18,19	67.1577488917,54.2513135247,56.619653865,54.7627536479,66.3798006948,51.4102605864,62.9393240667,81.1095766844,80.7716538427,96.277217549,122.306621592,158.665174203,170.961875051,194.209785823,217.865914751,194.532890307,214.099879639,200.438839418,213.327844662,222.767251629	B	scurve	0.2	396000
436628	0,1,2,3,4,5,6,7,8,9,10,11,12,13,14,15,16,17,18,19	-61.0429036077,-77.5173808161,-58.0783746573,-55.5748224591,-72.9959284112,-55.6760803893,-68.8164950277,-49.5562678794,-26.7802618474,-33.4517174209,-7.43321430102,38.2009932936,54.3098997901,77.0352783856,65.6193428138,65.211374093,74.8812818736,77.1904710023,84.1337601649,81.630491702	C	scurve	0.2	396000
436444	0,1,2,3,4,5,6,7,8,9,10,11,12,13,14,15,16,17,18,19	26.1265408688,19.6050415146,19.8443406131,19.0788873791,14.8841591251,31.8068432983,44.0433130877,51.6663021707,50.7316123392,53.9652039873,106.336745269,128.409530468,140.682656908,136.52412764,145.026251029,172.133626825,173.18031454,163.505040975,174.903667041,163.613181938	B	scurve	0.2	396000
437272	0,1,2,3,4,5,6,7,8,9,10,11,12,13,14,15,16,17,18,19	-152.136242929,-121.49814174,-123.27281708,-139.202187032,-141.285039944,-132.601399795,-135.436003975,-124.719689695,-118.759770436,-81.0456510157,-52.6530232561,-48.0884855183,-28.6506532091,-3.58116665719,-0.651592294491,8.57641587834,20.1022941619,3.81300434742,15.2068074706,15.0664735528	C	scurve	0.2	396000
438705	0,1,2,3,4,5,6,7,8,9,10,11,12,13,14,15,16,17,18,19	-71.3697122002,-93.5321285913,-66.183087514,-90.9600832365,-64.5764537057,-76.1704793543,-67.7583129897,-73.0661645117,-50.1221029891,-43.9030456215,-12.0342116441,12.5250268659,53.3285831186,58.2717193654,76.5382522777,70.8584644394,82.0471118404,59.4318785884,78.2961997579,81.3727474191	C	scurve	0.2	396000
437958	0,1,2,3,4,5,6,7,8,9,10,11,12,13,14,15,16,17,18,19	87.6795590741,90.666826691,80.3649033162,68.5311500476,68.0854034991,83.7435221649,93.0287276904,79.7529841811,114.925791951,129.270995223,168.331732219,185.068993226,211.423644551,219.702768071,230.298867059,212.820775307,236.497696956,234.197567665,227.518018112,223.87266086	A	scurve	0.2	396000
438604	0,1,2,3,4,5,6,7,8,9,10,11,12,13,14,15,16,17,18,19	20.787410723,-0.540319628229,25.4819242152,20.2870029886,1.09111086946,5.45163319662,4.23790471596,37.2318076968,43.0628236854,54.5038332977,77.1815614738,121.748767757,118.028062057,129.326116501,148.9149806,158.51222485,156.848517031,150.930265889,165.503092946,169.265143263	B	scurve	0.2	396000
438690	0,1,2,3,4,5,6,7,8,9,10,11,12,13,14,15,16,17,18,19	63.0015955335,58.8725279506,63.5885112727,48.6950477225,68.5800373626,48.3378589699,74.3524596004,84.9590752496,74.2048211561,96.9006706053,118.128170606,158.315470054,185.068482713,192.899982341,203.516628052,217.718827704,188.714288377,208.109795521,212.078759913,201.972477339	B	scurve	0.2	396000
438198	0,1,2,3,4,5,6,7,8,9,10,11,12,13,14,15,16,17,18,19	-80.1306469447,-75.3703938378,-88.7738840643,-59.4152473502,-66.1720831836,-61.3513876986,-54.8270765632,-72.686294052,-46.8045933758,-14.3729866773,7.16978430938,31.7755818195,33.8683172884,59.3762291424,70.5091869915,82.6398168783,88.5785130869,69.1552092719,89.5700864758,63.7494661548	C	scurve	0.2	396000
438378	0,1,2,3,4,5,6,7,8,9,10,11,12,13,14,15,16,17,18,19	45.0520779122,32.4032984523,50.6963583304,43.3749939696,40.5597439372,43.7357366217,49.8355759197,52.6341982057,66.9048446088,102.66407938,120.953383441,147.72831548,159.381457695,185.626986769,198.220131512,180.772838426,185.052624984,187.942977489,178.700398368,191.589294125	B	scurve	0.2	396000
436921	0,1,2,3,4,5,6,7,8,9,10,11,12,13,14,15,16,17,18,19	69.7603869868,46.6556417215,69.8808861952,64.6938454859,49.0767735307,49.4090622213,74.5072811087,82.1638295305,87.7652013898,101.031112414,120.258045535,173.653653671,178.63816325,179.474605979,191.524358782,211.057773146,214.786510097,217.381435868,210.634691017,212.589873152	B	scurve	0.2	396000
437412	0,1,2,3,4,5,6,7,8,9,10,11,12,13,14,15,16,17,18,19	-8.62823594334,-18.7553799058,-6.15348435667,-13.4807237966,-3.05657749869,-2.15864571135,9.45611661822,-9.7382282942,5.70334644888,19.4348344215,59.6283473064,91.924889931,90.3746329995,106.448239168,110.51431645,120.433306997,137.153734452,122.826785058,144.087650041,143.397431191	B	scurve	0.2	396000
439560	0,1,2,3,4,5,6,7,8,9,10,11,12,13,14,15,16,17,18,19	14.1501729371,27.4271388169,4.6168615196,1.28109001413,9.35627513511,13.0932622875,20.8946007045,42.4384748766,58.4344353403,52.1153485678,83.5252063814,100.577685632,122.991029633,162.935429533,161.771554158,147.698716293,152.503003421,170.217967629,169.553060561,170.308278255	B	scurve	0.2	396000
438580	0,1,2,3,4,5,6,7,8,9,10,11,12,13,14,15,16,17,18,19	130.692059673,128.172438074,134.549181603,142.954116244,120.422336089,151.540091314,155.132834704,141.866612783,168.306918413,179.531645184,213.659911464,245.734910557,241.282004397,266.097265881,283.309365916,281.811159201,273.870261413,285.32315017,272.841640846,277.099856583	A	scurve	0.2	396000
438292	0,1,2,3,4,5,6,7,8,9,10,11,12,13,14,15,16,17,18,19	-48.5306187543,-19.8850468982,-22.5888669359,-24.0234276278,-39.5575384846,-33.7402180695,-25.3031065916,-19.1877810207,-21.6541026472,5.90489219098,47.147318052,50.3200837905,87.2817645007,106.384631316,98.1971826741,117.120767702,106.108093666,101.671643457,100.260442204,101.7540202	C	scurve	0.2	396000
436867	0,1,2,3,4,5,6,7,8,9,10,11,12,13,14,15,16,17,18,19	106.136838653,105.199119393,98.8938221097,89.1515008521,97.5008785103,103.713548599,110.880803104,123.612304141,111.40517899,138.404773192,152.864312427,207.709922171,207.757566514,219.69003348,221.075549706,246.598175075,226.704724606,253.945947807,233.739348629,252.452388576	A	scurve	0.2	396000
436096	0,1,2,3,4,5,6,7,8,9,10,11,12,13,14,15,16,17,18,19	-70.6001254558,-59.7794677122,-52.5221052144,-49.1106375584,-59.9530227981,-72.6895933733,-62.2479246989,-31.3399258625,-28.6225379887,-17.4555837086,13.9680403892,37.6347315094,71.0310180869,60.7269311527,64.6530967476,76.4018308614,85.4463379641,83.4039687886,73.0096855755,96.9176160346	C	scurve	0.2	396000
438970	0,1,2,3,4,5,6,7,8,9,10,11,12,13,14,15,16,17,18,19	-36.5602517427,-22.5139312692,-20.0200461504,-29.4225894155,-6.74445494035,-19.5999419915,-2.49563180761,-14.4240539085,-2.32487325336,14.9419104579,47.5360416691,85.5778892969,84.7152622479,122.358698419,115.421197432,127.600866298,138.661771052,109.642671244,122.561896477,141.489906715	B	scurve	0.2	396000
436507	0,1,2,3,4,5,6,7,8,9,10,11,12,13,14,15,16,17,18,19	109.03102617,107.231158998,128.78521725,106.047836596,132.250786602,117.641436911,129.982789221,138.961975571,156.953724494,171.107502231,197.481552234,219.54718391,243.286249043,255.391958707,250.989794555,257.999115481,262.184760764,263.566293984,283.159825482,265.427444731	A	scurve	0.2	396000
438350	0,1,2,3,4,5,6,7,8,9,10,11,12,13,14,15,16,17,18,19	71.8116947804,89.3452264687,75.1211768072,81.3536402442,82.7221693766,73.7568200965,92.164423024,115.522936432,131.242777718,119.392057462,168.440035286,188.274632982,221.273829948,215.826998964,238.395837454,225.641252172,233.922499219,226.071032194,232.551220671,236.972321393	A	scurve	0.2	396000
439045	0,1,2,3,4,5,6,7,8,9,10,11,12,13,14,15,16,17,18,19	-27.6464118005,-19.2874535889,-47.9468620611,-48.6135964447,-30.05992065,-18.6238869804,-12.5665798429,-29.5860699648,-8.06147162245,24.7137433395,25.9448961631,57.0164227921,96.7344995917,95.4365478975,96.9008197461,122.101448929,103.164876892,110.202775776,125.887193174,116.012112189	C	scurve	0.2	396000
439703	0,1,2,3,4,5,6,7,8,9,10,11,12,13,14,15,16,17,18,19	-118.924357247,-111.771326995,-124.299272002,-100.503549454,-105.414855431,-104.130831484,-108.351294424,-110.453975238,-87.5724409818,-82.2473499758,-43.4785907405,-22.420175955,-12.0369310721,11.4001590649,11.139015492,35.7506655624,21.2711816742,38.2983945832,38.8339215383,44.9188477817	C	scurve	0.2	396000
437163	0,1,2,3,4,5,6,7,8,9,10,11,12,13,14,15,16,17,18,19	42.4689129947,43.7460448893,42.3732438101,54.745399941,50.7374502939,42.2163598901,68.1414107013,81.8942040875,80.5208815323,90.7261947412,133.408219883,145.467326385,165.114089065,173.67280751,204.475202276,197.226260938,205.187835746,201.340270773,189.216807979,188.310331936	B	scurve	0.2	396000
438619	0,1,2,3,4,5,6,7,8,9,10,11,12,13,14,15,16,17,18,19	-45.4362077684,-30.339484605,-29.6275678851,-33.7192324673,-38.3338055071,-25.8454776222,-40.655395999,-34.103419253,-15.9522492956,1.76932780414,49.3761624796,66.3747571601,90.191398693,87.3305897104,118.678747057,112.55173683,122.240910261,113.920045117,98.9870209392,106.882679256	C	scurve	0.2	396000
437659	0,1,2,3,4,5,6,7,8,9,10,11,12,13,14,15,16,17,18,19	102.3829097,106.979516129,97.6451852774,114.527457186,97.7878306138,96.4555255962,116.435347899,120.82631945,143.225140341,142.994602402,168.8000727,220.424092486,213.910885876,231.128014138,237.492183706,256.473460753,266.030087884,256.767487647,248.394658298,246.749549587	A	scurve	0.2	396000
439890	0,1,2,3,4,5,6,7,8,9,10,11,12,13,14,15,16,17,18,19	-104.698134036,-107.15964728,-104.29013024,-91.448411939,-87.8682643754,-94.6670167908,-76.2562939568,-81.9746986006,-59.2538720678,-53.7478042764,-35.0903901898,-15.4486691289,34.2759123411,36.5429938243,35.7929547168,29.8753565567,40.3987396904,42.8974370176,56.226612608,58.8218039149	C	scurve	0.2	396000
436542	0,1,2,3,4,5,6,7,8,9,10,11,12,13,14,15,16,17,18,19	-100.243522858,-88.1745751253,-97.4259394694,-101.525291672,-80.2829401138,-109.711276602,-92.2654015514,-89.4670583681,-62.6389853002,-41.0229855635,-38.2210739392,8.83271323926,7.18154388647,37.4019308659,27.0418246908,59.2058147115,35.0375225397,60.4022777277,61.9462244199,46.7120280781	C	scurve	0.2	396000
438061	0,1,2,3,4,5,6,7,8,9,10,11,12,13,14,15,16,17,18,19	-107.719565524,-108.642988332,-109.406554567,-124.879386488,-102.092487871,-101.477855364,-111.370029558,-109.070460115,-70.3130868664,-69.7167747395,-37.3434197651,-28.6057554533,-6.47108381195,15.3308013479,19.1855995667,18.2147982133,38.7590822776,49.8532883455,42.3526697862,48.1848498917	C	scurve	0.2	396000
439436	0,1,2,3,4,5,6,7,8,9,10,11,12,13,14,15,16,17,18,19	121.929260512,120.757267789,101.098986615,107.604531806,119.995142834,114.306294489,100.291390294,115.786517602,137.235855029,148.329411526,166.014731168,196.359200886,224.226242952,248.12024176,233.877844493,266.355764337,254.185104219,239.89458521,248.539470167,246.113279449	A	scurve	0.2	396000
439231	0,1,2,3,4,5,6,7,8,9,10,11,12,13,14,15,16,17,18,19	-48.4749614096,-63.3476102066,-70.3005979854,-66.5415444567,-73.6324824202,-69.7822556468,-42.0768300274,-33.8678460492,-17.6576084621,-11.5138982696,3.13790401815,35.4421445353,74.943760372,68.9715829521,90.3041128445,86.245510035,101.284626189,90.7040573073,97.9116491557,102.273765026	C	scurve	0.2	396000
438100	0,1,2,3,4,5,6,7,8,9,10,11,12,13,14,15,16,17,18,19	72.4810975113,46.2375332498,66.4473617639,73.4596018829,53.1857972815,63.0083389452,64.5233873495,75.105096848,81.2240266349,106.610776715,149.361452067,161.24349511,164.692048177,187.355539707,192.551912335,218.523281685,217.720530744,194.531770122,209.118357164,222.022438917	B	scurve	0.2	396000
438836	0,1,2,3,4,5,6,7,8,9,10,11,12,13,14,15,16,17,18,19	20.2097899497,-3.22220335784,14.4579361943,12.1378230877,-7.88323955701,0.437286055524,27.5632476036,17.6336619871,35.9999105537,56.2366896405,79.6850325747,92.1215773444,116.524545006,152.607939073,143.795396379,147.638082937,141.811345339,145.800475838,153.32556621,171.991362746	B	scurve	0.2	396000
438863	0,1,2,3,4,5,6,7,8,9,10,11,12,13,14,15,16,17,18,19	-71.0464953289,-72.6570424101,-71.3527670945,-81.532142811,-98.6933704856,-77.2715838336,-62.4903481232,-68.0147171868,-51.8609796494,-21.6602122733,-6.41135330338,11.529458946,23.6971887011,38.9211036404,43.0533717465,63.7893023261,61.6701355711,47.971820086,61.0682254587,71.0032728606	C	scurve	0.2	396000
436373	0,1,2,3,4,5,6,7,8,9,10,11,12,13,14,15,16,17,18,19	-18.6020566808,-23.1763883821,-1.81124130316,-2.62642199093,-2.10282139981,3.71700669544,9.50202758754,12.2801973378,30.0837821938,36.8726764258,56.1109064689,100.731416623,122.035574622,114.60158642,137.608178752,126.927307972,122.094420734,139.140248244,148.248618087,143.014578633	B	scurve	0.2	396000
438368	0,1,2,3,4,5,6,7,8,9,10,11,12,13,14,15,16,17,18,19	142.126006694,128.847142615,134.829645082,146.377413296,141.012231591,148.723459169,129.342721743,140.870872074,179.56896528,195.650145405,198.898567835,232.250886452,262.285093569,267.685628144,264.319303512,262.695934667,293.570555624,268.439937291,292.629928609,290.60835854	A	scurve	0.2	396000
436741	0,1,2,3,4,5,6,7,8,9,10,11,12,13,14,15,16,17,18,19	-98.7321947967,-90.033701068,-100.598374003,-93.43999867,-108.661455444,-108.461920562,-108.099919784,-96.2301526973,-66.9581772113,-59.6065618273,-20.6510197338,2.00392479243,3.27678834551,37.8796980173,51.4650425977,45.3434078917,32.7061399465,35.4318699605,48.3498430855,33.7556633715	C	scurve	0.2	396000
436398	0,1,2,3,4,5,6,7,8,9,10,11,12,13,14,15,16,17,18,19	86.9206691983,111.122815296,104.185772312,101.956914003,85.5533290292,89.8384084719,100.802289791,127.087321146,114.610731661,132.633882175,161.628571394,180.577986842,206.656578363,233.435786082,244.622910007,256.895617718,247.236475976,247.580013943,241.904010147,244.955469503	A	scurve	0.2	396000
439820	0,1,2,3,4,5,6,7,8,9,10,11,12,13,14,15,16,17,18,19	80.1165937069,78.3616375981,85.8051901513,81.8969291558,64.0031523579,74.3837715766,77.4494827867,97.1397112018,93.5188678753,132.62258304,161.7623612,165.090562884,210.649413278,222.224536056,206.084732307,230.14724279,232.680167341,234.530298178,218.722086485,240.411521132	A	scurve	0.2	396000
436467	0,1,2,3,4,5,6,7,8,9,10,11,12,13,14,15,16,17,18,19	-6.37205481278,9.24880943886,6.70256161163,-11.1946949178,-14.1179253356,13.1654189837,-11.5749516063,10.9679831181,26.9485796975,33.0219271088,55.8965541074,101.599514064,116.007718239,140.262612973,145.944829274,133.500885903,128.997425203,156.031301087,134.619313006,129.691935047	B	scurve	0.2	396000
436472	0,1,2,3,4,5,6,7,8,9,10,11,12,13,14,15,16,17,18,19	78.2666628212,65.0374167641,87.4162336084,89.9559366405,65.3366844158,67.6823971222,81.0427006569,91.1661332495,114.715103763,140.347362611,154.001130365,182.503146552,199.404905346,203.841776162,201.109261822,231.068247218,231.693324365,227.444882611,224.412144721,217.226168541	A	scurve	0.2	396000
436669	0,1,2,3,4,5,6,7,8,9,10,11,12,13,14,15,16,17,18,19	-42.8089481839,-31.1104287592,-44.8115905199,-55.8043207207,-52.9979500285,-42.2044029599,-48.010984676,-41.1940755411,-10.5921002183,11.4455524065,36.874590393,55.0635631804,65.5756695153,80.7196187663,104.363604694,104.042494594,89.0892702306,90.8843772416,90.4827012346,119.153325092	C	scurve	0.2	396000
438746	0,1,2,3,4,5,6,7,8,9,10,11,12,13,14,15,16,17,18,19	43.6117680205,30.4952956895,25.1814732267,14.1131708407,22.7423962725,49.8154797571,51.7126620535,60.3869785247,57.2435919856,78.6769062479,102.626601545,116.725566666,156.760666586,150.547342546,167.964166573,189.912237389,161.928843281,167.610502833,170.298556623,173.356581633	B	scurve	0.2	396000
438560	0,1,2,3,4,5,6,7,8,9,10,11,12,13,14,15,16,17,18,19	-11.7892345637,-5.09953977235,1.81169673737,-14.7822201559,0.0371907323073,1.77077075992,0.486475702446,7.62204282955,12.6223558989,33.2434570345,66.1476490219,73.4958547017,106.613697353,122.566911268,131.555564033,148.4541731,138.848400798,151.054345825,140.402192525,153.116598942	B	scurve	0.2	396000
437417	0,1,2,3,4,5,6,7,8,9,10,11,12,13,14,15,16,17,18,19	-34.0165828854,-25.4713541212,-33.338728353,-28.247810664,-25.276851318,-25.7906407861,-27.607585251,-11.0362544569,14.9247671496,35.1063884068,34.8721571572,71.0084889738,91.4635465869,113.755252107,121.289282655,128.906808007,120.313898805,108.218590278,120.397729644,120.806303061	C	scurve	0.2	396000
439141	0,1,2,3,4,5,6,7,8,9,10,11,12,13,14,15,16,17,18,19	76.6377283595,51.2723858399,65.1535055272,48.7576650237,63.8672229842,82.3635399212,80.0308832719,75.7150683221,96.5621691935,98.9929922315,129.86639288,170.571008432,180.803048464,205.001306662,218.001466409,218.569334726,204.34001755,198.283875742,221.645125466,229.192947358	B	scurve	0.2	396000
439187	0,1,2,3,4,5,6,7,8,9,10,11,12,13,14,15,16,17,18,19	61.9261096509,64.7905172756,71.7151034388,57.7662782306,53.3969194988,47.8302351159,72.1837034591,85.6921424203,80.5810867039,121.846890151,140.632777281,167.14766413,185.42015979,177.114485674,205.716403467,213.63110344,195.46291911,199.452526245,196.264769813,194.535507263	B	scurve	0.2	396000
439385	0,1,2,3,4,5,6,7,8,9,10,11,12,13,14,15,16,17,18,19	147.733417629,134.412696708,149.424511393,141.618317417,128.635168591,131.607326735,142.332155053,169.12003362,166.913079593,180.479521043,198.068347582,224.381639802,261.383740864,277.827238168,269.817236319,284.703102575,270.826237962,299.121967127,295.432364501,295.900495579	A	scurve	0.2	396000
436354	0,1,2,3,4,5,6,7,8,9,10,11,12,13,14,15,16,17,18,19	9.87340677131,2.51134593401,6.05749579084,27.8599117165,25.9377171804,23.4314227927,12.2743680753,47.6117466601,47.8366808682,72.8187113271,103.968686984,115.120885395,147.160689454,153.601002414,146.127530027,162.265816697,171.764024038,157.983064435,168.716024374,181.264949745	B	scurve	0.2	396000
438607	0,1,2,3,4,5,6,7,8,9,10,11,12,13,14,15,16,17,18,19	66.8562498845,65.7479034466,67.1784755002,59.7564358677,62.6394037135,69.5952759641,74.8424978322,76.4148118145,85.6623014787,119.921460856,150.663398282,180.897570062,205.639790218,216.213700772,222.821616689,207.137861325,217.693219905,210.158570395,234.725611914,232.451062588	A	scurve	0.2	396000
438838	0,1,2,3,4,5,6,7,8,9,10,11,12,13,14,15,16,17,18,19	-44.1070661755,-27.9229164167,-52.9790300755,-49.4031015959,-49.8040823961,-35.5248554827,-21.9416648609,-35.7713066848,-12.0075432673,10.8510380526,48.7751067187,57.1089994811,68.9616842437,98.8565876876,103.449830709,115.879878316,99.2051221511,100.00725585,91.2606083668,91.585770202	C	scurve	0.2	396000
439119	0,1,2,3,4,5,6,7,8,9,10,11,12,13,14,15,16,17,18,19	135.270426121,149.882062936,136.987991413,150.135142174,124.919801899,128.717129757,152.388907364,166.747204069,163.322465132,182.486349127,213.532294353,222.009591145,256.438500824,285.126339165,277.012237024,297.394997461,272.533231422,285.408239196,296.674953988,274.366523452	A	scurve	0.2	396000
437560	0,1,2,3,4,5,6,7,8,9,10,11,12,13,14,15,16,17,18,19	-15.2308119486,-15.7556995376,-7.10564004755,-13.1620060844,-5.63129970196,-20.6807206251,-27.5803203774,-5.37303258255,1.12589064821,19.3355328178,62.5429868364,89.9691010759,113.049494086,113.363416441,126.279863868,133.864931378,138.329144521,125.361390708,134.545293488,116.558561572	B	scurve	0.2	396000
436810	0,1,2,3,4,5,6,7,8,9,10,11,12,13,14,15,16,17,18,19	38.6558637132,29.2180463281,56.840214056,53.438091314,53.4213642987,50.9655308336,46.2847679385,66.848843164,71.0203014134,99.586363901,112.237272196,156.28702566,153.441267085,176.775046595,184.103307508,191.314389914,193.617586947,196.18059615,182.954885144,188.338861219	B	scurve	0.2	396000
438907	0,1,2,3,4,5,6,7,8,9,10,11,12,13,14,15,16,17,18,19	-143.208236084,-119.140488828,-121.469620633,-135.530957076,-120.265887653,-124.737064507,-111.428330692,-105.672989796,-91.2156010684,-78.17965898,-59.8847047873,-28.7639899921,-14.2957045798,-7.90866574237,23.7025346863,32.1781237195,13.0788736355,12.8226143074,33.6827526348,29.8553555294	C	scurve	0.2	396000
438867	0,1,2,3,4,5,6,7,8,9,10,11,12,13,14,15,16,17,18,19	-111.240934321,-91.6573473326,-102.399225582,-98.4582855097,-104.290764855,-113.186544202,-95.561059891,-73.9230261546,-75.4179838623,-69.4513048703,-33.0056832322,2.72588815112,1.99717752263,43.3955535962,34.9056570058,27.8737995173,40.9995501593,28.934239059,48.2140719695,30.6106652931	C	scurve	0.2	396000
436876	0,1,2,3,4,5,6,7,8,9,10,11,12,13,14,15,16,17,18,19	-113.152817271,-106.514900837,-110.605295162,-109.365981797,-104.462235712,-97.1167179365,-93.1360479489,-94.6857434037,-79.2953562259,-59.4130113608,-25.8126363684,8.3533367695,16.5436877776,44.2610192338,30.8849166798,27.395416865,34.2054430767,52.9648454021,29.2641248036,38.2377417446	C	scurve	0.2	396000
439716	0,1,2,3,4,5,6,7,8,9,10,11,12,13,14,15,16,17,18,19	-3.71597268087,9.42283250335,-7.74599502588,5.78129818315,-10.3167716429,-12.6978809291,4.44750225978,12.0080988043,13.452014315,58.5333449972,67.0574638226,95.08845773,123.698529308,111.222210479,150.35821728,141.194868683,145.828495249,155.480692478,156.78108922,126.409826664	B	scurve	0.2	396000
438377	0,1,2,3,4,5,6,7,8,9,10,11,12,13,14,15,16,17,18,19	84.7014848104,92.236230066,89.4612610082,84.2960949942,91.8525653733,84.1303836903,88.5013980799,95.754961166,122.176321737,142.218990445,159.431396506,197.083753022,194.82244739,237.297854376,226.066262515,235.297243708,231.504238551,238.213510737,253.817448103,249.862320415	A	scurve	0.2	396000
438027	0,1,2,3,4,5,6,7,8,9,10,11,12,13,14,15,16,17,18,19	88.1692048771,69.1578185271,89.6135403792,95.1685574027,70.5439909181,75.7854533272,97.6573076605,89.6847662775,99.9721853444,122.818925406,151.894202982,191.637213671,215.415081041,215.496478515,207.80225005,215.134073727,243.584175119,232.315068327,243.319980284,233.583029678	A	scurve	0.2	396000
437740	0,1,2,3,4,5,6,7,8,9,10,11,12,13,14,15,16,17,18,19	-98.7526276522,-78.5330508398,-76.3024745052,-91.5421134987,-92.8784320576,-73.6718291898,-66.9445077271,-66.2497930155,-48.4343759461,-32.7733082434,-10.0328671501,0.926183079988,26.2630587512,56.6939884301,63.210987925,62.6409576325,57.9708572672,55.7212390548,45.8759608061,50.7661549424	C	scurve	0.2	396000
438328	0,1,2,3,4,5,6,7,8,9,10,11,12,13,14,15,16,17,18,19	-38.596899854,-17.1794031494,-20.7646016566,-18.3910777567,-35.7037169546,-13.6970136878,-26.7043203878,-31.0604918251,6.23035758841,14.6339441755,41.0882100888,51.1210259123,79.4007151777,96.481142523,111.84164429,128.951782951,103.726578702,105.15343313,116.559597147,105.606177032	C	scurve	0.2	396000
436652	0,1,2,3,4,5,6,7,8,9,10,11,12,13,14,15,16,17,18,19	125.946963625,123.049083516,140.026771411,126.463912149,129.85137105,145.12627088,128.3443723,160.277232657,154.224367588,200.167466678,215.00037313,230.621425137,268.513954786,268.837691439,268.372459099,276.075678858,279.376917783,282.620767788,301.195389646,298.707171299	A	scurve	0.2	396000
439293	0,1,2,3,4,5,6,7,8,9,10,11,12,13,14,15,16,17,18,19	9.61734788792,4.88807725772,22.5154343085,26.316115767,3.53405375741,5.68607998317,16.4921009907,19.9128290752,30.2415588667,52.1469581405,84.0352399015,108.879828145,145.679717068,138.732889437,153.850810152,172.027386712,161.918037302,163.836574816,174.113098552,149.871096016	B	scurve	0.2	396000
436866	0,1,2,3,4,5,6,7,8,9,10,11,12,13,14,15,16,17,18,19	67.6838434759,93.6428549391,90.0600428451,91.5463358231,75.79000745,81.9109260624,83.9166669896,85.6268086174,97.4687963371,141.407042569,155.526089681,165.491562758,198.307447587,210.861338021,234.743069546,239.131139745,232.170983674,224.103800531,214.978383237,240.340369928	A	scurve	0.2	396000
436513	0,1,2,3,4,5,6,7,8,9,10,11,12,13,14,15,16,17,18,19	-118.793222011,-107.144812675,-112.932379135,-106.326087519,-121.126599264,-110.884028902,-128.737612659,-121.145468154,-103.517874172,-71.6631546885,-32.6031717771,-32.1495655564,4.41868494633,13.6366647056,5.04326041312,26.3457869436,30.3003584358,16.927658957,37.5651539319,37.653946049	C	scurve	0.2	396000
439343	0,1,2,3,4,5,6,7,8,9,10,11,12,13,14,15,16,17,18,19	-35.6535375687,-49.433865439,-48.1876365567,-23.8902671861,-22.5581073744,-42.574462129,-32.3561306038,-39.8828460065,-10.729288342,-3.67442589484,26.7849904681,46.6444678681,67.5335584148,93.4162465034,104.359113788,106.903566063,111.097203565,123.23074462,105.437790179,97.5098518408	C	scurve	0.2	396000
438695	0,1,2,3,4,5,6,7,8,9,10,11,12,13,14,15,16,17,18,19	157.966111697,144.291701942,158.977418123,152.717785674,149.441752084,162.415042072,165.71370485,160.255626128,176.305985014,209.45061034,233.402217321,251.112230339,273.666092015,282.035013184,284.673004735,295.981261665,303.940209331,308.124082947,280.907834601,284.443876764	A	scurve	0.2	396000
437203	0,1,2,3,4,5,6,7,8,9,10,11,12,13,14,15,16,17,18,19	108.248748924,115.151064825,108.279905882,103.401480988,130.36234242,108.597797653,123.163826605,145.544174,154.753300846,148.149840093,184.624293987,219.075559478,243.634996989,243.159699805,245.726456598,264.6723245,247.669084925,247.925983434,259.451584295,252.892313916	A	scurve	0.2	396000
439121	0,1,2,3,4,5,6,7,8,9,10,11,12,13,14,15,16,17,18,19	5.7156647551,-9.69602223094,22.7735262641,22.180272623,9.9746394608,18.4709447116,16.4930097722,20.0832105516,29.3024629339,71.863047464,69.3450688409,105.916084973,115.253374606,149.400928326,157.84254043,162.755344885,153.728416655,162.067803331,159.705356152,156.485842527	B	scurve	0.2	396000
437702	0,1,2,3,4,5,6,7,8,9,10,11,12,13,14,15,16,17,18,19	102.016311223,123.722898272,126.655033779,121.445255884,111.956768292,112.28315365,118.818887547,127.712832964,159.025517212,171.804019942,194.775256829,218.504722696,238.243395189,235.894579162,270.568673049,251.726757111,254.817990646,248.456515481,260.385675379,249.254248591	A	scurve	0.2	396000
437342	0,1,2,3,4,5,6,7,8,9,10,11,12,13,14,15,16,17,18,19	-66.3796626319,-57.5673620042,-35.1354116645,-40.3944592492,-50.2599166904,-58.7972509097,-53.1932080911,-42.5020983421,-30.0035660715,-11.5697954692,10.9154506826,40.0703865108,56.1270704841,91.4393417077,77.5730517913,97.6136939884,100.911933926,111.599196129,96.5857708158,102.382585411	C	scurve	0.2	396000
436461	0,1,2,3,4,5,6,7,8,9,10,11,12,13,14,15,16,17,18,19	-52.2415590016,-30.4182836514,-25.2882752232,-32.4704956603,-50.2900594416,-25.0243407142,-43.7386621048,-9.77686394983,-22.8455131634,-6.26882182164,40.6505323019,57.2652137076,86.278364385,92.6984257228,102.341759748,88.42211921,122.08108227,119.763505886,117.89145326,117.003554991	C	scurve	0.2	396000
436633	0,1,2,3,4,5,6,7,8,9,10,11,12,13,14,15,16,17,18,19	-122.343426245,-113.246127376,-114.352956514,-110.198685073,-113.494775741,-118.837685776,-100.93690168,-90.4067113737,-91.5074228707,-78.8477191393,-30.9572624117,-32.1856995788,14.0605223801,21.6893338862,23.7779327048,7.83924943019,9.49328730737,30.7603586919,38.0486528867,33.0038467365	C	scurve	0.2	396000
438896	0,1,2,3,4,5,6,7,8,9,10,11,12,13,14,15,16,17,18,19	-45.3684360296,-41.9611826264,-68.2655722326,-43.6543626634,-71.3694572828,-43.3286000085,-53.1390602572,-49.8086154267,-15.8114773884,-19.3461103472,17.9690792637,26.3590896856,50.6504305972,67.72777477,69.5302746244,93.7914311355,100.598424194,90.0037012776,93.3975440402,87.2714570354	C	scurve	0.2	396000
436748	0,1,2,3,4,5,6,7,8,9,10,11,12,13,14,15,16,17,18,19	-24.48472387,-27.5416802116,2.16816643272,-4.13030915071,-8.8850739105,-1.71181560732,11.3379388819,0.951921847396,20.1781531264,31.2595359697,61.8210131566,86.3811233795,114.414886565,114.415837431,137.397775734,124.519813202,148.76342162,134.200016325,138.673246161,127.255944971	B	scurve	0.2	396000
439438	0,1,2,3,4,5,6,7,8,9,10,11,12,13,14,15,16,17,18,19	104.365831615,83.5031018753,97.2473067763,86.5035296024,107.059389068,106.305984365,99.9053414135,121.952927476,125.694069205,147.316005165,180.828266549,200.215269974,221.681745032,242.362102477,252.255801983,240.565969108,227.800852174,248.043909828,232.897023632,260.73208091	A	scurve	0.2	396000
395872	0,1,2,3,4,5,6,7,8,9,10,11,12,13,14,15,16,17,18,19	138.712165094,141.395289462,139.153926175,138.438060771,135.709159356,141.032656545,136.619353246,141.237908473,138.794091434,140.655766563,137.559335634,142.299231636,138.368542881,143.017207081,138.090201727,142.54485114,138.111239294,141.457149296,143.028746938,138.83516268	A	sin	0.2	352000
393103	0,1,2,3,4,5,6,7,8,9,10,11,12,13,14,15,16,17,18,19	153.773178295,157.544941296,152.507176114,156.425278091,153.208209908,151.576261545,149.73307441,154.679785231,156.828142238,151.864822107,151.316949654,153.766109413,156.656497054,155.597082342,155.574371091,156.729297244,157.254488651,154.694190876,155.18603606,152.458933614	A	sin	0.2	352000
394180	0,1,2,3,4,5,6,7,8,9,10,11,12,13,14,15,16,17,18,19	147.249462903,144.982375342,143.211922438,141.381727093,140.813207188,145.922350729,145.156641765,140.972427062,145.048288996,141.85377924,142.218435526,142.211415538,141.791106868,143.384066419,144.663088543,141.970243136,147.136737466,148.450916212,146.435671654,147.880402363	A	sin	0.2	352000
393925	0,1,2,3,4,5,6,7,8,9,10,11,12,13,14,15,16,17,18,19	133.511681803,133.190263853,136.580128876,135.760644262,137.26509331,136.222546527,138.603735828,137.413652355,135.822864231,139.307853521,139.052201243,139.779178804,133.696734471,139.445077295,135.422138685,137.536971655,134.345522612,135.213240994,135.438344167,138.816150182	A	sin	0.2	352000
394797	0,1,2,3,4,5,6,7,8,9,10,11,12,13,14,15,16,17,18,19	136.638236303,133.71825782,136.38852545,139.064790387,135.392346488,136.510241164,135.881166044,133.201145709,140.585386614,141.188659996,135.351210136,141.419537706,141.343455803,135.694018804,137.655522088,140.59467808,138.345088761,138.461131071,136.397852121,136.685348235	A	sin	0.2	352000
394464	0,1,2,3,4,5,6,7,8,9,10,11,12,13,14,15,16,17,18,19	155.47451932,157.236263385,157.116351579,158.267682235,153.282171101,158.274877313,154.561324836,155.918423009,152.899861164,160.352951223,153.893407985,160.200125211,158.697282609,156.849876711,161.220419485,156.395331487,157.516571917,154.803437237,158.629371766,157.727953089	A	sin	0.2	352000
394153	0,1,2,3,4,5,6,7,8,9,10,11,12,13,14,15,16,17,18,19	163.436761237,166.375265543,162.229310925,165.129485242,160.619873407,160.180272383,160.984251771,162.183891031,164.504921944,159.174986329,160.167445738,161.438372242,167.259418815,161.209640851,161.088700417,165.235962986,161.621200215,166.387392362,163.742795369,162.045569966	A	sin	0.2	352000
392086	0,1,2,3,4,5,6,7,8,9,10,11,12,13,14,15,16,17,18,19	160.83483499,160.407511466,157.776878595,157.82238489,156.902466194,158.008583281,160.221405918,155.644271887,160.662763658,160.450385241,156.065906838,156.167868687,161.684069072,156.248910368,159.070017344,159.542483152,156.948341663,158.25530466,161.149606364,154.952782498	A	sin	0.2	352000
392597	0,1,2,3,4,5,6,7,8,9,10,11,12,13,14,15,16,17,18,19	161.835490052,158.909936819,164.561385914,162.055919451,158.98826841,160.921663798,162.771854741,158.99612293,160.444887122,160.687435042,158.266451164,163.141077358,160.350713535,165.431522308,161.76917531,165.374937941,159.901027957,159.720760812,165.370590853,162.392185834	A	sin	0.2	352000
393577	0,1,2,3,4,5,6,7,8,9,10,11,12,13,14,15,16,17,18,19	147.187625458,145.301068028,146.882362676,149.798000427,146.906375067,149.470219716,145.230681011,146.861463717,150.234473827,146.240282717,148.081916499,150.095940965,144.883808402,147.637630667,149.364884393,146.830430862,147.280468199,144.65135966,146.887377531,148.284511604	A	sin	0.2	352000
394466	0,1,2,3,4,5,6,7,8,9,10,11,12,13,14,15,16,17,18,19	147.119364804,150.562820596,147.317590918,148.353875218,148.793860367,146.286431937,145.552414228,150.847505228,151.032883436,146.548913605,149.297501022,152.346230398,152.573949838,151.081296404,152.884837089,148.949246624,146.150795156,150.992626966,147.338899928,145.074120073	A	sin	0.2	352000
394937	0,1,2,3,4,5,6,7,8,9,10,11,12,13,14,15,16,17,18,19	162.937255447,161.165738186,157.458971635,157.902515179,162.08277552,161.645009577,161.644902627,160.067467176,161.175219466,159.433585143,162.992258285,158.012047796,157.358652555,157.569576674,162.904841009,159.827995175,161.425804099,162.562656616,159.346202591,156.471617432	A	sin	0.2	352000
395725	0,1,2,3,4,5,6,7,8,9,10,11,12,13,14,15,16,17,18,19	164.55864038,158.435820387,160.029939541,157.081158585,158.464456242,157.943846849,158.804592107,159.196880422,164.243652913,163.903061382,163.85954214,162.753970719,161.028480961,159.195235235,163.220947353,165.688584656,162.195169581,161.135136412,161.615564698,164.869904853	A	sin	0.2	352000
392085	0,1,2,3,4,5,6,7,8,9,10,11,12,13,14,15,16,17,18,19	153.569792967,157.384763861,158.446568833,156.83842748,158.81819243,151.926368432,155.752246955,154.565230494,158.958106072,154.98762643,154.017453681,160.420336076,157.949968873,160.762064627,154.456589177,158.59240859,155.926828747,155.287213338,158.35830376,153.660961436	A	sin	0.2	352000
395449	0,1,2,3,4,5,6,7,8,9,10,11,12,13,14,15,16,17,18,19	166.738632349,165.220089777,167.330763042,162.286739814,164.921300623,161.658934924,162.198512289,163.316441226,162.933142019,165.526790191,164.494676855,162.091393674,166.086676107,164.03106271,163.271410714,165.910611394,167.768733659,162.615510668,164.611048639,161.231444915	A	sin	0.2	352000
395616	0,1,2,3,4,5,6,7,8,9,10,11,12,13,14,15,16,17,18,19	163.424305317,164.769816548,166.173061984,163.00442204,164.922212242,164.473917663,163.845645263,160.775297378,165.278975634,166.058079329,165.699221267,163.861243247,163.11673169,166.463082626,168.085715429,163.376547225,165.367027945,161.481434276,164.978777853,167.192679224	A	sin	0.2	352000
392926	0,1,2,3,4,5,6,7,8,9,10,11,12,13,14,15,16,17,18,19	142.196544949,139.806087097,141.409667225,139.678982134,139.186467343,141.056997518,142.582820848,142.025055741,139.900153054,142.355169548,143.182501924,145.531208813,144.157578371,145.049151135,143.662177581,142.341025603,144.683466955,143.149458571,143.030703409,146.653373822	A	sin	0.2	352000
393448	0,1,2,3,4,5,6,7,8,9,10,11,12,13,14,15,16,17,18,19	158.732142823,158.704434204,158.473734586,158.733220061,160.188614106,163.528761761,160.186370189,158.848992822,161.080235005,163.470415693,159.289901631,161.837075716,165.765648396,162.181496286,164.266211447,161.685695985,159.892510398,160.909691625,165.626540593,163.555137812	A	sin	0.2	352000
395654	0,1,2,3,4,5,6,7,8,9,10,11,12,13,14,15,16,17,18,19	148.664765929,146.764894862,142.884777726,147.771793705,142.105931743,141.831866216,142.160381844,144.054225808,142.356161438,141.425901424,147.304666663,145.806437203,144.442396043,149.330812145,147.347687479,145.306291036,149.1986292,145.565721232,144.419722558,146.07143072	A	sin	0.2	352000
395287	0,1,2,3,4,5,6,7,8,9,10,11,12,13,14,15,16,17,18,19	132.715857945,135.681391932,138.974853098,136.573417474,134.964282845,138.669308541,134.509129131,131.915337814,132.47189871,136.395266685,138.783544828,137.238548418,135.01315121,139.090076076,133.826124249,136.906705022,140.369047743,132.978933016,139.19135516,137.207798959	A	sin	0.2	352000
394340	0,1,2,3,4,5,6,7,8,9,10,11,12,13,14,15,16,17,18,19	161.571838305,155.321645292,156.391344139,156.896807056,160.030182245,157.996669178,155.254143553,159.545757173,156.526773687,155.057568867,156.098063222,161.440048289,155.975164567,159.846977914,159.502937465,158.180848099,159.423550623,157.521523404,156.720795595,158.997475559	A	sin	0.2	352000
394916	0,1,2,3,4,5,6,7,8,9,10,11,12,13,14,15,16,17,18,19	145.367665667,147.340593125,145.700238336,144.009965398,142.507967347,141.990526342,144.048378011,143.912723744,149.52601258,146.565148824,144.180574967,145.170187057,144.664711423,144.896189795,150.397056127,149.142641967,144.249733934,146.134978999,145.713703003,147.536167235	A	sin	0.2	352000
394531	0,1,2,3,4,5,6,7,8,9,10,11,12,13,14,15,16,17,18,19	156.363657248,154.192025423,153.030325254,155.141907251,148.806970666,150.550390716,153.79089699,149.917921866,152.017652526,152.314936341,153.846928341,153.806261252,152.154952278,155.388929097,150.531061998,156.584739263,155.359191285,153.239674498,155.840657467,153.44847936	A	sin	0.2	352000
392996	0,1,2,3,4,5,6,7,8,9,10,11,12,13,14,15,16,17,18,19	140.070752557,136.329584072,135.026705442,138.007139659,137.696180948,140.067661159,134.759839105,134.663475918,136.934654885,142.379452825,142.134408925,143.124597248,136.917889828,141.769897682,138.657112578,139.602368511,137.357963481,141.712124331,138.764187013,141.572182591	A	sin	0.2	352000
393019	0,1,2,3,4,5,6,7,8,9,10,11,12,13,14,15,16,17,18,19	165.592625205,163.153734537,160.312765047,165.297644411,160.411364706,163.869272228,162.16371144,163.53856053,161.058320706,163.396474946,162.228988161,162.466150783,163.928834865,167.15808965,164.895509531,166.193053715,162.804665183,161.185162584,165.390121953,161.49111105	A	sin	0.2	352000
394785	0,1,2,3,4,5,6,7,8,9,10,11,12,13,14,15,16,17,18,19	159.119200111,156.030760183,160.630022898,157.071857981,155.82785834,159.341532825,156.054898764,160.174845978,157.815147944,158.732277556,161.73389032,159.312015189,164.088773156,163.091158317,163.588949297,161.165712848,158.277677768,163.515717453,159.982445962,163.408313162	A	sin	0.2	352000
392148	0,1,2,3,4,5,6,7,8,9,10,11,12,13,14,15,16,17,18,19	146.172371922,146.267519985,146.601911227,147.163032316,146.885468178,141.900316167,147.883848813,149.509186,148.799294245,148.874022108,148.957741007,145.938015727,145.086076314,149.907456966,149.262244176,143.943161711,145.117697256,149.537263792,148.713394616,147.881020513	A	sin	0.2	352000
395832	0,1,2,3,4,5,6,7,8,9,10,11,12,13,14,15,16,17,18,19	161.28105851,165.882363263,162.024164296,162.396495261,160.496381418,159.575689661,162.468946388,160.359035801,161.200408284,166.517580215,164.634768552,162.392374953,163.567381815,162.444343313,165.769711085,163.270474646,161.394828727,161.661301143,162.212921097,164.003805447	A	sin	0.2	352000
395758	0,1,2,3,4,5,6,7,8,9,10,11,12,13,14,15,16,17,18,19	157.482777116,154.726187375,158.864752054,156.064299404,154.221140501,153.137805985,154.034570657,158.298141245,152.249591159,154.560207121,155.711752837,156.588007422,154.517106347,157.273708386,157.783283893,156.810799547,155.242159227,157.417922878,155.465013545,156.117858169	A	sin	0.2	352000
394342	0,1,2,3,4,5,6,7,8,9,10,11,12,13,14,15,16,17,18,19	139.840161143,139.33727805,144.86161714,143.79777261,139.172431143,142.558420643,138.616760622,143.952860136,140.505701107,140.282226045,138.864292188,145.392611282,139.902369733,142.919362996,139.833576963,142.419895329,141.41011982,140.56256505,139.460001545,140.024402202	A	sin	0.2	352000
395909	0,1,2,3,4,5,6,7,8,9,10,11,12,13,14,15,16,17,18,19	141.396487328,146.345287248,148.249928997,147.181670971,143.585545537,144.813851563,146.178952512,145.043776005,146.775324858,143.241739105,141.807568755,148.359341965,143.754247653,143.789109742,148.91045077,144.162453353,148.837682509,142.769982435,145.660862706,142.021344172	A	sin	0.2	352000
394334	0,1,2,3,4,5,6,7,8,9,10,11,12,13,14,15,16,17,18,19	163.455993275,161.046656805,159.212282068,157.107149137,155.475775228,155.262260296,158.124935587,161.004620444,161.903538992,161.083726709,161.054619652,161.827941041,161.157328513,163.525746683,159.59904545,163.89983578,157.688143387,158.207564194,161.039608955,162.063254212	A	sin	0.2	352000
393755	0,1,2,3,4,5,6,7,8,9,10,11,12,13,14,15,16,17,18,19	150.543533035,146.014069476,147.248428305,146.12140494,151.952351961,145.420533513,149.649675657,149.821946179,146.655143149,153.377680696,146.800270227,151.180278403,152.401477301,153.834138408,154.696740507,147.461783626,151.142687143,153.41799942,148.662759503,150.258491766	A	sin	0.2	352000
392336	0,1,2,3,4,5,6,7,8,9,10,11,12,13,14,15,16,17,18,19	159.232951095,155.646990253,157.239812932,155.335452156,156.397119004,154.693444182,158.308745158,158.134230734,158.850562088,154.128107354,160.308253811,155.227559087,157.021952811,161.037225192,159.900024139,162.477851882,159.90096513,158.188410632,155.408538697,160.745239341	A	sin	0.2	352000
392257	0,1,2,3,4,5,6,7,8,9,10,11,12,13,14,15,16,17,18,19	135.640781192,133.963641294,132.334850597,134.688740765,137.105900885,134.409811402,133.464137181,134.621515217,135.625521314,132.896874947,131.881720836,138.680815921,136.419095649,137.282140747,132.496609783,134.276043688,138.601502333,136.185186059,136.315161317,138.645218544	A	sin	0.2	352000
395787	0,1,2,3,4,5,6,7,8,9,10,11,12,13,14,15,16,17,18,19	159.914348846,160.637782495,160.931629242,159.64442028,162.569095502,158.437898224,158.187384507,161.277990954,157.72488479,162.168320216,163.339951672,161.475100689,161.354483651,162.914303539,164.693199419,163.375911338,162.888973552,165.582855172,160.642929574,165.504660445	A	sin	0.2	352000
395173	0,1,2,3,4,5,6,7,8,9,10,11,12,13,14,15,16,17,18,19	138.821368281,139.555703806,134.079004448,140.182473478,138.324206321,136.098207869,138.370612828,136.397074195,135.06476956,133.833012962,136.50845581,135.772465552,136.005463781,137.331468649,135.135803825,137.887810403,139.67219207,137.212134267,138.159297433,140.080724987	A	sin	0.2	352000
394500	0,1,2,3,4,5,6,7,8,9,10,11,12,13,14,15,16,17,18,19	150.553650619,156.20443695,154.328899993,156.838938597,149.969105295,151.43127776,156.033308758,153.180847403,150.439740626,155.660571385,152.809508543,157.269424387,156.153453986,151.894957193,153.830307754,153.836804241,158.208046144,155.347521214,156.02098222,156.263426996	A	sin	0.2	352000
394512	0,1,2,3,4,5,6,7,8,9,10,11,12,13,14,15,16,17,18,19	151.76520193,145.948567185,150.692852906,151.894268982,150.693990304,145.31177904,147.583751054,146.578975749,151.444842725,145.853011725,149.392817669,147.094091364,152.232015145,151.957993153,150.407282129,151.918069034,149.55553073,153.660762502,146.223473567,151.686263234	A	sin	0.2	352000
392299	0,1,2,3,4,5,6,7,8,9,10,11,12,13,14,15,16,17,18,19	156.848328391,158.466437356,153.520157846,153.881838774,156.637025334,153.298040646,157.858012613,155.732535894,153.627740075,153.731969131,153.494101795,160.943476175,158.470469611,155.663107319,157.42622519,154.450147836,156.350079157,158.139650777,155.261310612,154.774262275	A	sin	0.2	352000
395850	0,1,2,3,4,5,6,7,8,9,10,11,12,13,14,15,16,17,18,19	156.484003597,152.515999537,150.141861354,150.774041203,155.648537648,154.606908938,155.045898547,153.398578208,152.248777691,155.733290858,154.312748544,157.665667901,155.519620942,158.346653035,158.996526021,153.518782334,154.535686801,157.001197735,151.088776113,151.667965129	A	sin	0.2	352000
392785	0,1,2,3,4,5,6,7,8,9,10,11,12,13,14,15,16,17,18,19	141.867306648,146.496262181,145.775410994,143.749773958,140.974407251,141.900494325,142.426200169,145.567908632,139.070072768,143.954582064,144.287492818,140.294870869,143.840806725,144.366741766,147.635677819,147.638446489,140.333068493,144.940673365,141.216664226,145.384965131	A	sin	0.2	352000
394880	0,1,2,3,4,5,6,7,8,9,10,11,12,13,14,15,16,17,18,19	158.965679125,157.518612029,155.799643533,155.500418504,155.018097854,161.280073588,158.176025906,159.950831057,155.467269452,160.177130009,163.005043775,163.116083517,160.824896173,160.985647117,162.320685273,159.268693992,162.064025692,163.254102775,156.203500752,162.889845148	A	sin	0.2	352000
394822	0,1,2,3,4,5,6,7,8,9,10,11,12,13,14,15,16,17,18,19	150.557970885,150.606884078,153.576577273,148.502098054,151.422922144,151.023735835,153.317764173,154.583768429,150.302044199,149.334498633,152.333698678,153.579159302,151.193110385,151.55376811,152.961183104,156.590373751,156.692715964,154.055799088,150.223396911,155.412879406	A	sin	0.2	352000
392065	0,1,2,3,4,5,6,7,8,9,10,11,12,13,14,15,16,17,18,19	151.123330487,155.206437957,148.14557583,150.046651852,153.876425339,149.733758361,150.798413771,151.089627871,148.522277604,149.206703346,151.776238295,156.261928584,155.726810369,156.472200734,154.407196178,156.579446787,152.101571744,153.751176211,154.234153945,152.432718489	A	sin	0.2	352000
394169	0,1,2,3,4,5,6,7,8,9,10,11,12,13,14,15,16,17,18,19	162.221615024,161.146789496,161.581489042,158.768576295,156.790423028,155.291245469,158.487450096,158.943452512,158.883208004,158.521136285,160.593695704,158.981658258,160.862019266,161.884485188,161.766049391,160.050337959,160.782876209,157.159541742,157.412245006,156.726539926	A	sin	0.2	352000
395835	0,1,2,3,4,5,6,7,8,9,10,11,12,13,14,15,16,17,18,19	147.432524958,141.938908365,147.997468498,145.385561497,147.041932869,145.875908461,146.615255826,144.613835734,144.365019017,142.747848071,144.014319304,144.036850185,147.639212621,147.776156328,144.533227339,143.372447169,145.307195305,145.062424286,146.438792364,145.821686037	A	sin	0.2	352000
393113	0,1,2,3,4,5,6,7,8,9,10,11,12,13,14,15,16,17,18,19	147.451193658,145.314754514,149.269217163,149.217693747,147.022995408,147.103893888,149.361523294,149.635169106,145.560056084,145.369583299,148.769020606,150.22278611,147.858923231,151.93533051,151.873436037,146.443341872,148.556021463,151.036958452,152.556516017,147.080365078	A	sin	0.2	352000
392803	0,1,2,3,4,5,6,7,8,9,10,11,12,13,14,15,16,17,18,19	165.182501431,158.686834509,158.018186288,163.118654213,159.565437332,160.394197312,158.960980528,159.27341838,164.475720673,157.867577314,164.765028839,161.146964509,159.744564346,163.712003749,161.976122083,159.956491425,162.250853852,164.370118694,164.67099912,165.177750152	A	sin	0.2	352000
393269	0,1,2,3,4,5,6,7,8,9,10,11,12,13,14,15,16,17,18,19	151.076690646,147.993539193,148.436201004,152.722138268,153.367488761,149.434405754,146.551521622,148.312273259,148.802289202,146.872612063,148.830399157,147.274727165,154.282535553,153.142472734,150.953313369,155.076896015,148.980203022,150.089520491,151.739850795,149.76884037	A	sin	0.2	352000
393936	0,1,2,3,4,5,6,7,8,9,10,11,12,13,14,15,16,17,18,19	150.868727536,151.187851773,149.621703135,148.782318273,153.756628207,152.182784102,148.951279416,154.7369215,152.496910436,150.195171783,155.075961496,153.230764799,152.845893591,153.361024063,154.158159645,151.862454932,151.457818855,150.107755703,152.00164035,155.997903616	A	sin	0.2	352000
393438	0,1,2,3,4,5,6,7,8,9,10,11,12,13,14,15,16,17,18,19	149.250925756,142.812689663,143.691226561,143.803700332,146.469655739,147.961405027,147.038669769,149.355792951,145.922918672,147.105891598,145.365927364,150.154371175,149.477346104,148.399574392,144.232730915,145.570080237,146.079006206,150.15865071,150.215407019,148.266174935	A	sin	0.2	352000
395529	0,1,2,3,4,5,6,7,8,9,10,11,12,13,14,15,16,17,18,19	152.469460191,152.572498388,152.234599472,154.933139134,151.421794823,151.755276781,153.562370024,151.808639602,157.667073768,158.844398521,158.871967563,152.73431349,159.001579634,154.898750416,153.461215027,154.32480879,156.923395038,153.572619415,152.887650904,155.00674472	A	sin	0.2	352000
394139	0,1,2,3,4,5,6,7,8,9,10,11,12,13,14,15,16,17,18,19	133.677832828,139.065437883,137.980365295,132.713967744,139.431523802,134.261266922,133.859373283,137.011059985,137.135009604,133.363355093,133.668292922,134.347942906,136.155837862,140.720807255,138.17786351,134.974051613,140.943171707,140.322035251,135.557885899,139.052739953	A	sin	0.2	352000
393246	0,1,2,3,4,5,6,7,8,9,10,11,12,13,14,15,16,17,18,19	141.234905041,141.48490164,135.518209258,139.183101771,141.13387322,138.688377323,137.537218193,137.664335459,134.598648876,139.752564355,137.645792182,142.898113141,142.78199564,140.984205117,136.551147837,136.536884361,139.621780441,139.477268489,137.448708099,135.841085673	A	sin	0.2	352000
394681	0,1,2,3,4,5,6,7,8,9,10,11,12,13,14,15,16,17,18,19	149.500396675,149.41674205,149.451982404,150.852730406,150.208268627,150.046533988,150.107269104,151.305913688,147.058671432,151.398934844,149.654792614,148.43084221,147.003497004,150.789010481,152.411749799,149.855917971,148.099280444,147.400330472,150.962976569,147.574736916	A	sin	0.2	352000
393384	0,1,2,3,4,5,6,7,8,9,10,11,12,13,14,15,16,17,18,19	139.08904044,142.139270778,142.144504039,139.648002554,139.694235596,143.360494203,144.602131909,141.389540187,143.705455183,143.865977673,142.953158032,139.724528844,143.026237539,141.720166491,145.385703947,146.48726248,143.046058627,145.593638101,146.057728287,140.621748783	A	sin	0.2	352000
394638	0,1,2,3,4,5,6,7,8,9,10,11,12,13,14,15,16,17,18,19	155.787712381,153.849571245,152.190359129,152.333777773,154.310209506,151.145597254,154.18192318,153.085022009,152.093969615,155.044623087,157.496111729,151.993742841,153.916344394,151.52454013,152.3759996,155.000151768,157.855210348,156.511040309,151.582298092,156.62115855	A	sin	0.2	352000
393139	0,1,2,3,4,5,6,7,8,9,10,11,12,13,14,15,16,17,18,19	159.261979369,161.772690651,154.993552995,161.729855132,156.788142462,160.883050752,156.370074682,155.91429149,158.20065199,155.213720642,158.447455382,163.075676982,160.517781487,158.743166806,159.153273021,159.829709248,161.543712388,162.568082228,158.533669019,162.766599295	A	sin	0.2	352000
392042	0,1,2,3,4,5,6,7,8,9,10,11,12,13,14,15,16,17,18,19	149.039623617,146.204616984,144.196832957,145.546830461,149.069337471,148.116909237,146.288144424,146.912944036,144.712855164,146.306737252,148.088164475,152.187213166,149.236313195,146.187936512,151.061893276,146.096280164,146.343716816,145.800697987,145.681936081,148.659659483	A	sin	0.2	352000
394228	0,1,2,3,4,5,6,7,8,9,10,11,12,13,14,15,16,17,18,19	158.699423714,152.876576115,154.504863707,154.433037848,155.42099736,155.9790211,154.021269246,157.995300803,154.276961821,156.248452116,156.084926626,157.686499602,153.068087032,158.847350759,155.227484135,152.434316991,154.868570736,159.155282265,159.075785583,158.159934721	A	sin	0.2	352000
395055	0,1,2,3,4,5,6,7,8,9,10,11,12,13,14,15,16,17,18,19	140.561904088,145.580926863,146.512060062,141.097839171,146.371960041,144.539555676,141.793326017,140.993552466,141.196268983,142.339800353,141.782498389,145.162878863,144.03973093,148.896806688,142.426429973,148.982273486,144.998602651,143.52959601,145.197685331,141.84752651	A	sin	0.2	352000
393516	0,1,2,3,4,5,6,7,8,9,10,11,12,13,14,15,16,17,18,19	167.664033745,160.518266676,162.45304863,161.74780835,163.291882536,165.586162331,165.600665775,162.763731648,163.42458685,162.794276633,163.310492498,166.868639935,167.6840068,164.073614034,163.516094491,161.965225039,162.355028157,165.424615081,162.027502169,167.91638667	A	sin	0.2	352000
395615	0,1,2,3,4,5,6,7,8,9,10,11,12,13,14,15,16,17,18,19	149.157184802,151.4172542,147.809975141,146.01812734,150.091940259,151.362236124,149.743206026,144.909513897,147.263714675,148.106836746,146.608910927,152.028498966,147.334191298,153.345311204,150.759741265,147.092849238,153.192356621,152.262280705,149.786504457,145.214111815	A	sin	0.2	352000
392392	0,1,2,3,4,5,6,7,8,9,10,11,12,13,14,15,16,17,18,19	142.385360964,146.287597226,140.7243578,147.515406166,145.609007675,142.206487947,141.242583978,142.886975362,142.164275996,146.527691213,147.809047407,145.745803829,142.647223508,142.134493848,148.678820738,146.866353324,144.049088226,143.400424488,142.583009752,147.143400814	A	sin	0.2	352000
392675	0,1,2,3,4,5,6,7,8,9,10,11,12,13,14,15,16,17,18,19	152.4255311,156.022006655,152.773825965,152.780747045,151.001110814,155.317476465,153.195075352,154.356373499,154.77705704,149.826597409,155.335683369,155.489091037,157.09162798,150.155547126,156.630943287,156.39699377,154.471922845,154.104191035,153.839503072,156.437016281	A	sin	0.2	352000
392426	0,1,2,3,4,5,6,7,8,9,10,11,12,13,14,15,16,17,18,19	150.804982582,149.002090305,153.997765769,148.113878637,149.077791556,151.503146885,150.008044164,151.640589802,154.883220736,151.565210887,152.188028272,149.106948185,149.533303727,154.544176743,150.19600757,148.860468941,156.171956136,149.121717016,150.875132548,152.631565245	A	sin	0.2	352000
392032	0,1,2,3,4,5,6,7,8,9,10,11,12,13,14,15,16,17,18,19	154.242887512,149.414372397,153.350997407,150.999318667,150.277467581,150.812961921,151.535163762,147.517845118,154.417342077,148.733526381,154.536342873,149.732279881,156.284680019,155.51638795,151.592888621,152.011947987,150.55637817,151.842895554,149.749255913,151.911682692	A	sin	0.2	352000
395058	0,1,2,3,4,5,6,7,8,9,10,11,12,13,14,15,16,17,18,19	148.603832815,148.765416251,144.814292297,149.969698924,149.995480404,144.204747347,149.38227644,146.740383017,144.613599126,147.946987307,150.386555582,148.851922584,150.190331124,146.54062965,149.575305792,147.630606473,149.478923652,151.774643962,145.430912594,146.912438137	A	sin	0.2	352000
395130	0,1,2,3,4,5,6,7,8,9,10,11,12,13,14,15,16,17,18,19	141.90190009,143.547916688,141.796060403,137.149221299,140.905480992,136.653286144,137.281662266,140.086581577,137.503040902,142.592558673,139.991890028,144.212556448,140.187246153,139.450442802,139.518739027,144.359909264,143.330638722,142.025770352,141.30252687,139.858380258	A	sin	0.2	352000
393362	0,1,2,3,4,5,6,7,8,9,10,11,12,13,14,15,16,17,18,19	154.400140293,147.881927429,151.360212841,153.107836914,153.47997511,151.375436733,152.521641609,150.965248534,148.622112396,154.135921603,152.423066666,155.113994655,154.654427472,149.695807876,150.190494676,148.976091064,149.326291638,154.146079331,149.379610107,150.093126618	A	sin	0.2	352000
392648	0,1,2,3,4,5,6,7,8,9,10,11,12,13,14,15,16,17,18,19	135.766893819,140.681558941,133.790800334,133.391568961,135.982992489,135.270166212,136.544858275,133.107868081,139.999808716,138.961314727,136.923801018,139.539508319,139.847042144,135.661282701,135.195159517,141.736612837,139.755127795,140.60263881,134.011586139,134.889804633	A	sin	0.2	352000
392615	0,1,2,3,4,5,6,7,8,9,10,11,12,13,14,15,16,17,18,19	146.453183716,146.530133117,144.418370102,140.642460266,146.888664417,141.523121296,141.326998496,143.226556329,147.120308458,146.51443072,144.987701596,144.759005541,148.942631788,149.310349133,146.282925622,147.677119252,146.644952127,144.39537275,142.268849951,147.600608714	A	sin	0.2	352000
393391	0,1,2,3,4,5,6,7,8,9,10,11,12,13,14,15,16,17,18,19	136.281607966,134.452136138,138.994132221,136.469213586,136.181724454,132.658819741,138.326738344,133.291990349,135.979950941,137.787767006,134.673493537,136.234873528,135.134112612,135.125189332,136.630297219,136.449400634,140.077037955,140.392375475,136.226488336,135.889744225	A	sin	0.2	352000
395429	0,1,2,3,4,5,6,7,8,9,10,11,12,13,14,15,16,17,18,19	140.297036449,139.457271117,139.962547363,139.278671821,135.435294236,138.542841821,137.289360335,134.273132907,140.117398775,137.751251071,139.425392884,140.261656257,137.872565386,139.571342971,141.689744757,142.852875608,136.237929478,140.116907082,141.191014523,135.392761214	A	sin	0.2	352000
393128	0,1,2,3,4,5,6,7,8,9,10,11,12,13,14,15,16,17,18,19	142.440371605,143.249176317,141.203929124,141.456398596,139.42518013,136.332973263,141.406514256,143.966150526,139.563863611,144.189721197,141.462267566,141.422707756,144.822658567,138.966403929,139.556428354,144.924601685,139.852765484,143.795567877,143.478822654,143.432147262	A	sin	0.2	352000
392118	0,1,2,3,4,5,6,7,8,9,10,11,12,13,14,15,16,17,18,19	154.944967347,153.134891646,156.813085928,155.760233414,156.824769102,149.801101223,154.31112235,156.527286799,153.426479693,156.764158953,155.62906413,158.209410235,157.69102804,154.810694187,157.788031163,155.533678379,158.474881318,152.34501448,153.526660665,150.700573797	A	sin	0.2	352000
395902	0,1,2,3,4,5,6,7,8,9,10,11,12,13,14,15,16,17,18,19	155.072987261,151.885005662,148.285426124,148.982718373,149.565982148,151.297409068,153.55053603,152.154207012,149.239246652,149.9867011,154.71763521,156.005167479,154.775648611,155.285067658,151.226376942,154.125313112,155.349153819,149.576756042,154.950860476,155.798633418	A	sin	0.2	352000
393105	0,1,2,3,4,5,6,7,8,9,10,11,12,13,14,15,16,17,18,19	155.338453822,159.908852257,155.622762363,155.662698008,159.526226823,157.363958287,158.012435676,155.010432657,161.059946989,155.304623775,156.828985506,156.042668585,156.650827384,163.17324641,158.457667713,157.603501498,162.681684394,157.137525826,161.433661551,161.657331177	A	sin	0.2	352000
394319	0,1,2,3,4,5,6,7,8,9,10,11,12,13,14,15,16,17,18,19	159.6717105,158.143662936,161.872941028,161.516894585,158.439186861,157.835564897,162.474473887,161.265963345,156.87259988,161.90846705,159.348596431,161.675232203,158.087267218,158.264524235,163.802755889,161.123702264,162.547602496,157.485136938,161.336000553,161.52727599	A	sin	0.2	352000
395536	0,1,2,3,4,5,6,7,8,9,10,11,12,13,14,15,16,17,18,19	139.813401831,139.270747427,138.01330485,133.72675383,137.719373361,132.627726542,136.980887409,135.40578818,133.724767335,133.27463472,135.68232668,135.202992374,138.187234251,140.763194036,140.236499189,135.709356835,140.502442767,133.780323705,140.809501833,135.53632085	A	sin	0.2	352000
392158	0,1,2,3,4,5,6,7,8,9,10,11,12,13,14,15,16,17,18,19	164.574647726,158.312064965,159.109117939,158.554335902,160.077565613,158.162901863,163.285964476,159.09865818,162.880003808,161.160982588,164.200184007,163.444678977,159.126436891,165.545886402,160.577195133,165.58141978,159.940005957,163.04261489,163.968039874,161.969613376	A	sin	0.2	352000
394508	0,1,2,3,4,5,6,7,8,9,10,11,12,13,14,15,16,17,18,19	151.584038472,153.965227568,151.322500235,149.258739535,150.173030789,154.575129225,148.197217011,153.704665113,155.874775913,149.880500206,149.334080949,153.498420758,155.718758067,156.78749983,150.992204283,150.241585609,156.367257939,149.701252365,153.187700021,149.618535076	A	sin	0.2	352000
394870	0,1,2,3,4,5,6,7,8,9,10,11,12,13,14,15,16,17,18,19	145.146808511,143.418346507,142.54950475,146.230850856,141.120616567,144.225799108,140.356573088,139.923529379,147.049388326,140.925513178,145.436328872,142.812466562,141.25167225,142.312840768,148.348362931,142.036983294,142.80605178,147.565587442,144.59499406,142.175770535	A	sin	0.2	352000
394187	0,1,2,3,4,5,6,7,8,9,10,11,12,13,14,15,16,17,18,19	168.323952902,164.934038276,161.539907013,163.447000823,162.514367353,167.190177699,165.361666094,166.546942487,166.703775917,161.822966084,164.789279515,167.399829326,165.077599279,163.215077797,164.248975097,168.781515083,165.146236303,167.990489765,163.738482939,167.365948581	A	sin	0.2	352000
393484	0,1,2,3,4,5,6,7,8,9,10,11,12,13,14,15,16,17,18,19	147.602564783,144.402328263,140.223338768,145.01555614,146.529956096,145.671775981,143.391665161,141.660193516,142.522165029,142.380969902,144.091873988,144.98761252,145.218689591,145.325069187,142.332505998,147.448500242,148.071951196,147.295546083,141.375375507,146.736126746	A	sin	0.2	352000
394261	0,1,2,3,4,5,6,7,8,9,10,11,12,13,14,15,16,17,18,19	154.972920304,153.605051069,157.809163559,158.001485355,153.552811189,151.581099593,157.902061976,153.487283953,158.0170761,151.43403854,156.227859863,159.070135898,153.527888466,152.391163334,152.435201138,157.506503869,157.228642081,154.369156834,158.06702728,153.544214442	A	sin	0.2	352000
395843	0,1,2,3,4,5,6,7,8,9,10,11,12,13,14,15,16,17,18,19	151.309418461,153.437174311,149.396717568,150.888201027,152.928527346,151.174090686,150.650881547,152.613441836,150.756957799,153.437674143,151.0694096,151.444802757,149.540388475,156.480861246,150.43482124,151.47802357,153.118821658,151.633917981,149.334063918,150.419014102	A	sin	0.2	352000
393495	0,1,2,3,4,5,6,7,8,9,10,11,12,13,14,15,16,17,18,19	146.896543681,142.382054869,143.614022956,145.92654619,144.229649938,142.996707729,142.596432589,147.321964182,145.299917834,144.28812875,145.014946058,144.852245637,142.491213782,146.978002888,143.510673743,146.220660839,143.855838731,148.261215893,145.183312492,143.933930725	A	sin	0.2	352000
395990	0,1,2,3,4,5,6,7,8,9,10,11,12,13,14,15,16,17,18,19	142.130991917,142.621342283,147.672680956,141.908632254,140.607626889,140.85815599,145.903160419,144.772119144,140.576382737,145.586143523,147.289426706,143.564479342,142.345395316,144.129452233,143.116999216,145.840634315,145.942304797,146.103954105,146.869998566,144.443401715	A	sin	0.2	352000
394075	0,1,2,3,4,5,6,7,8,9,10,11,12,13,14,15,16,17,18,19	166.910452858,163.947609859,161.601294652,162.911213545,163.78273075,164.73877836,161.848012144,164.962088343,161.324535577,165.155075206,161.437156055,162.22973548,162.348384794,163.692132778,163.528133238,164.542187613,164.006960456,167.85281574,160.422719199,161.159787562	A	sin	0.2	352000
393534	0,1,2,3,4,5,6,7,8,9,10,11,12,13,14,15,16,17,18,19	164.956627043,164.537216925,166.3404066,161.907290558,160.04215029,161.785987447,161.499334305,163.785986997,160.257713974,161.899618689,160.708718405,162.467880535,161.477503654,162.156161896,164.82141479,163.879461728,165.38318903,161.250304868,167.45841779,163.762433321	A	sin	0.2	352000
395757	0,1,2,3,4,5,6,7,8,9,10,11,12,13,14,15,16,17,18,19	161.427645005,159.060483889,158.048632157,163.13750904,155.793075609,160.083124677,158.274014708,159.015506722,162.85734866,156.579977394,159.053407252,164.23631744,162.889870443,159.949926996,163.264005821,158.225562158,157.655086954,159.312104276,159.254232274,158.219027892	A	sin	0.2	352000
395797	0,1,2,3,4,5,6,7,8,9,10,11,12,13,14,15,16,17,18,19	156.093079573,158.062127788,152.852091097,158.218733441,155.627041559,155.951351786,155.313146581,152.697105204,153.562740861,157.669093344,155.22439869,157.204475577,159.612375509,161.427947214,160.842799717,154.533176323,157.915608998,156.933114217,159.375231919,153.488913518	A	sin	0.2	352000
393915	0,1,2,3,4,5,6,7,8,9,10,11,12,13,14,15,16,17,18,19	150.199309241,151.422273167,152.197204569,149.678710882,152.965755414,150.67119515,150.841707554,151.352882806,153.626740162,148.343454505,148.383028673,154.049652736,151.868435764,152.459742114,150.524137842,153.53025664,149.178123473,152.289047698,149.58773101,148.69234952	A	sin	0.2	352000
392691	0,1,2,3,4,5,6,7,8,9,10,11,12,13,14,15,16,17,18,19	149.875243587,150.10918835,148.674135894,151.483488108,151.304178136,146.884840527,148.534214452,149.296227514,145.506025445,149.273855591,150.616296511,149.13297133,152.145848252,146.402118434,147.437214045,150.836211992,152.462856789,148.171087365,146.293511227,146.108669589	A	sin	0.2	352000
393291	0,1,2,3,4,5,6,7,8,9,10,11,12,13,14,15,16,17,18,19	167.835011939,164.719214178,162.551181079,159.864920474,163.78957878,160.105858754,163.11705816,167.102816703,160.508975413,167.570676664,166.949431025,166.753038287,165.795564738,163.747771099,161.761961044,164.091918344,167.949510987,164.059946072,161.519849072,163.071306039	A	sin	0.2	352000
395562	0,1,2,3,4,5,6,7,8,9,10,11,12,13,14,15,16,17,18,19	138.53963785,140.287629914,139.947584075,135.659052038,139.297850355,135.368532943,137.988769982,135.961022651,141.805124425,140.187105781,141.45892382,137.264512983,142.230321302,141.848307611,137.028784063,136.957559327,137.339910797,140.018074729,141.022372724,137.7042215	A	sin	0.2	352000
394328	0,1,2,3,4,5,6,7,8,9,10,11,12,13,14,15,16,17,18,19	160.485540101,158.57442871,161.610713426,154.886530858,155.476500201,154.722704434,155.758192926,161.260284187,159.050221422,155.638548177,156.111956011,161.088408835,156.665480385,159.691251001,163.357008726,158.881572849,159.218124969,162.873631535,155.263090637,160.577459336	A	sin	0.2	352000
395104	0,1,2,3,4,5,6,7,8,9,10,11,12,13,14,15,16,17,18,19	143.056564404,143.231045329,142.447816541,139.347266647,141.940975298,140.888464095,143.181617362,142.042708241,142.425625451,141.753035887,139.725709297,144.750892149,141.552519907,147.718719375,141.772824696,143.848544915,140.403159142,143.339537293,145.906316779,146.721946342	A	sin	0.2	352000
393851	0,1,2,3,4,5,6,7,8,9,10,11,12,13,14,15,16,17,18,19	161.403877944,159.928654233,160.870163221,155.350937305,155.708678614,158.736677205,159.796268447,160.718566047,159.209788159,161.0468025,160.910675648,162.278345215,156.707062738,161.707294496,161.908250317,158.544016965,162.303184245,160.886219012,159.939279953,161.847018843	A	sin	0.2	352000
393097	0,1,2,3,4,5,6,7,8,9,10,11,12,13,14,15,16,17,18,19	154.179565762,155.410399455,153.802016206,150.065800445,154.847443517,156.696967509,150.807758114,151.650405463,154.319760832,151.607647297,153.452972781,151.693348862,155.542703334,152.177859103,152.792582963,153.15499675,156.441144474,157.483511781,155.838086684,157.076951788	A	sin	0.2	352000
393720	0,1,2,3,4,5,6,7,8,9,10,11,12,13,14,15,16,17,18,19	153.479454477,151.093892468,152.917612394,147.797152618,152.97688197,152.943957291,147.885676804,149.994798563,153.350514322,154.46991606,155.257977273,151.647581187,154.829541843,155.789997976,148.630406701,152.140948603,150.593552884,154.812676785,152.083837319,150.550448345	A	sin	0.2	352000
393021	0,1,2,3,4,5,6,7,8,9,10,11,12,13,14,15,16,17,18,19	153.65555609,153.704195491,147.733356246,145.964184615,149.65712085,150.026924905,147.727706722,152.599494292,152.143347695,153.257549369,149.970323489,148.432680708,152.105583219,151.898193825,152.868406352,153.937503601,149.41139766,153.002137616,148.726065126,147.210647516	A	sin	0.2	352000
395294	0,1,2,3,4,5,6,7,8,9,10,11,12,13,14,15,16,17,18,19	154.731816294,152.647854369,157.480599173,151.877268115,154.534740427,153.816015514,152.502167498,155.823482864,152.78886936,158.863017342,155.339448349,153.09139054,160.464148163,156.218547002,159.732108828,160.800988447,159.057917295,159.570389255,159.542714819,155.314733989	A	sin	0.2	352000
392267	0,1,2,3,4,5,6,7,8,9,10,11,12,13,14,15,16,17,18,19	150.581173051,149.755831534,150.995471611,149.559021466,154.985738184,148.353553778,149.512257963,153.45786723,151.119835649,149.137674463,151.859811719,155.610212978,152.866713055,155.367679006,156.196473211,152.155193176,152.944755746,150.140377917,153.890992435,155.056408131	A	sin	0.2	352000
394287	0,1,2,3,4,5,6,7,8,9,10,11,12,13,14,15,16,17,18,19	163.508785014,162.532302338,163.232209991,166.079075252,163.309475017,164.731645832,165.854411953,162.298797977,166.608298333,160.956030272,167.340446394,165.37520633,165.165753574,162.422353928,167.187804772,163.810981764,166.418715216,161.930681676,166.660667976,166.439647897	A	sin	0.2	352000
392579	0,1,2,3,4,5,6,7,8,9,10,11,12,13,14,15,16,17,18,19	153.512471545,152.259009843,157.391001503,155.305463078,155.232054729,152.145920814,153.456719313,150.873448165,157.92936723,151.39874502,155.478696236,152.907913167,155.044372412,158.003596778,153.510334121,155.883536481,155.091309173,156.860969331,152.538656723,158.792864554	A	sin	0.2	352000
394731	0,1,2,3,4,5,6,7,8,9,10,11,12,13,14,15,16,17,18,19	151.091609843,149.152028529,148.730435571,153.679854599,147.612676152,148.665910106,147.644421101,152.064580018,149.186703207,153.835821033,148.71983455,155.996173654,153.212631971,150.229288102,149.339926995,151.17262588,152.208931896,153.45433918,154.352154326,149.433235433	A	sin	0.2	352000
393557	0,1,2,3,4,5,6,7,8,9,10,11,12,13,14,15,16,17,18,19	162.419128017,165.517825797,161.203522242,161.928485089,164.622234515,164.231488973,160.365288187,161.047584857,159.92850872,162.677620124,161.991871856,166.553386464,163.13474085,162.400039117,163.244652675,164.480864659,164.060700997,167.677012694,163.679021244,162.301095885	A	sin	0.2	352000
393482	0,1,2,3,4,5,6,7,8,9,10,11,12,13,14,15,16,17,18,19	152.339151186,154.855685536,148.949687062,148.064359141,153.47237284,153.276840609,148.79061682,148.865266355,149.293767028,152.308298835,150.26039887,151.858194026,151.864834324,153.495084345,156.988953498,153.094484831,150.609557451,154.933375906,154.765774205,152.028740364	A	sin	0.2	352000
395811	0,1,2,3,4,5,6,7,8,9,10,11,12,13,14,15,16,17,18,19	146.466291392,148.077494781,147.289879647,144.628400281,147.156563662,145.962190526,151.187593224,150.488518628,145.780112896,145.026206463,145.77411696,151.509876926,152.339594511,147.979466618,150.684738754,151.945998799,151.925713995,149.936772963,145.519514956,150.555653819	A	sin	0.2	352000
392927	0,1,2,3,4,5,6,7,8,9,10,11,12,13,14,15,16,17,18,19	155.226343212,158.700879122,159.403413372,155.89266074,157.770969702,157.555541655,154.432891937,159.805830059,159.243991678,159.824898648,155.422141571,157.686776495,160.576449949,156.600168792,162.337206384,161.729654886,158.196781167,159.877534671,159.522327333,157.821944099	A	sin	0.2	352000
393546	0,1,2,3,4,5,6,7,8,9,10,11,12,13,14,15,16,17,18,19	146.547020285,146.354055255,148.574646983,149.408325911,147.60737578,147.65714533,145.696628232,146.00927184,146.88315336,152.548663955,153.441129109,146.465849461,153.544772719,147.881075238,148.449102402,152.425899929,147.223686553,152.816383066,148.450495423,153.389251527	A	sin	0.2	352000
394542	0,1,2,3,4,5,6,7,8,9,10,11,12,13,14,15,16,17,18,19	151.586316479,151.10617251,153.129544169,155.251101368,152.408097923,155.893586944,154.81193708,153.147256649,149.96174505,154.573397467,153.755991217,153.453278337,150.795654418,155.139754346,153.051205295,157.452518135,157.052232358,157.417087157,150.206183032,151.12960025	A	sin	0.2	352000
392349	0,1,2,3,4,5,6,7,8,9,10,11,12,13,14,15,16,17,18,19	163.172551182,161.972532091,164.249146455,161.497696477,161.337421235,162.433822528,161.813273844,160.122714049,157.767245967,160.784889375,162.60051026,160.475159656,163.519582329,163.450857201,162.089740803,163.873715204,162.29605308,160.027068312,161.822827542,160.892699188	A	sin	0.2	352000
394301	0,1,2,3,4,5,6,7,8,9,10,11,12,13,14,15,16,17,18,19	158.047848093,154.704538959,155.10318687,161.589560393,155.728171763,160.651002358,155.639871352,159.749189886,156.500855458,161.683489224,159.247470288,156.204735506,160.391099898,159.307500189,160.460610959,156.381720654,155.874934318,155.546229351,160.919171739,154.932306736	A	sin	0.2	352000
392582	0,1,2,3,4,5,6,7,8,9,10,11,12,13,14,15,16,17,18,19	148.417599959,143.838290649,149.039244677,144.572922736,147.730995753,146.094942961,143.497270849,147.773268345,149.607892353,143.507607307,147.677694195,148.858125562,144.310750538,150.824273678,148.549416943,151.216152726,145.083558788,148.989078739,147.997548695,150.956526528	A	sin	0.2	352000
395866	0,1,2,3,4,5,6,7,8,9,10,11,12,13,14,15,16,17,18,19	163.679873476,166.429673066,165.628013318,162.835219687,166.354904168,163.542618062,163.147302628,159.551514481,166.621341408,166.52337491,163.126250959,162.607586542,167.518815685,168.683865664,162.194116653,165.772822013,161.934393814,167.845731216,167.653262962,165.147937913	A	sin	0.2	352000
395613	0,1,2,3,4,5,6,7,8,9,10,11,12,13,14,15,16,17,18,19	156.872727049,159.149927063,156.238648541,155.842395062,160.357308728,160.254579648,160.209364153,158.752280846,160.437694765,157.834604763,162.060324028,159.395786483,156.487525382,160.938938544,155.755556066,157.979890017,155.320919068,159.080942933,157.213794756,161.297123438	A	sin	0.2	352000
395310	0,1,2,3,4,5,6,7,8,9,10,11,12,13,14,15,16,17,18,19	131.980073354,136.554914557,137.248992518,136.976240566,131.213240315,132.508002871,134.425196039,132.015909887,131.762613158,133.218372207,137.350731506,133.035924109,132.597807876,137.513551712,139.521769211,132.597280421,137.493507703,134.098237571,132.11460511,138.087414578	A	sin	0.2	352000
392375	0,1,2,3,4,5,6,7,8,9,10,11,12,13,14,15,16,17,18,19	154.201270856,150.102978509,152.725575268,153.800760235,152.484011995,150.038562144,151.372168869,148.508009845,147.156545199,148.20518276,148.39996595,148.638106088,154.515820977,154.955951414,149.365899778,150.459249072,149.37760918,150.194791419,151.103997404,151.526330306	A	sin	0.2	352000
394188	0,1,2,3,4,5,6,7,8,9,10,11,12,13,14,15,16,17,18,19	139.317315755,137.563516883,138.482744637,133.40304772,133.858128241,131.846234031,136.302413274,137.377684308,135.291840917,134.82615958,136.530667743,136.086749746,133.253127887,135.301425036,135.215499793,140.246119978,133.369631934,139.198015949,135.73185632,133.036518404	A	sin	0.2	352000
395313	0,1,2,3,4,5,6,7,8,9,10,11,12,13,14,15,16,17,18,19	138.814467861,140.924053089,136.281874325,139.40885783,139.320315169,141.339452267,138.171402028,137.073173898,137.788431611,140.657813397,136.628604553,140.426455361,138.114019987,142.989218411,141.54595833,143.934928573,142.887305657,142.998515678,144.044582694,138.816489671	A	sin	0.2	352000
393565	0,1,2,3,4,5,6,7,8,9,10,11,12,13,14,15,16,17,18,19	156.916064167,152.342960009,155.306877648,156.191504098,151.391435123,153.955843042,151.556136167,152.695882567,156.294425828,152.355193905,153.913948992,156.504773231,156.062149781,156.03710142,157.023827417,154.68810364,154.577717771,159.354023126,154.19112212,152.550730306	A	sin	0.2	352000
395233	0,1,2,3,4,5,6,7,8,9,10,11,12,13,14,15,16,17,18,19	150.258422823,149.32501246,145.415360039,144.417699224,150.315752642,149.981751734,148.393521192,144.593597223,144.030185972,150.364246555,144.245649881,150.647320698,149.051586894,146.840733298,146.31989423,147.402700196,150.299118366,150.104530489,145.058390331,145.444181291	A	sin	0.2	352000
392962	0,1,2,3,4,5,6,7,8,9,10,11,12,13,14,15,16,17,18,19	149.016023927,148.724097757,145.281366716,142.523060331,148.016960741,143.407400717,142.991262574,143.41155138,146.245896159,147.207665393,146.508249746,146.23091564,144.485829881,150.423768818,148.067283331,148.450676409,145.398150687,146.385494742,146.295053142,146.225621203	A	sin	0.2	352000
395558	0,1,2,3,4,5,6,7,8,9,10,11,12,13,14,15,16,17,18,19	161.466096228,161.349365899,154.584984232,159.100509021,154.655242934,160.435322872,158.128449909,160.212921624,156.860676789,159.856223479,156.733367805,156.743269983,157.671531189,159.998230113,156.481699179,160.104685759,163.090803489,160.589274345,156.650594945,157.722737523	A	sin	0.2	352000
393764	0,1,2,3,4,5,6,7,8,9,10,11,12,13,14,15,16,17,18,19	143.467785284,145.595784395,140.200398067,143.013279112,140.784745091,138.400815759,140.468259056,139.356556698,143.120309145,141.163713488,140.491239476,142.791589222,144.529844334,142.02713498,145.007595791,143.841330316,145.588428083,140.052860585,143.338274232,141.746344572	A	sin	0.2	352000
395833	0,1,2,3,4,5,6,7,8,9,10,11,12,13,14,15,16,17,18,19	158.730122252,161.199841167,161.248229346,160.569287651,156.02672576,158.283649126,161.070614926,156.885217933,161.239379855,157.60018539,156.567540761,161.676650077,159.638039792,164.107161068,163.744504929,162.628515524,163.532264366,163.403665256,160.112264961,157.255975982	A	sin	0.2	352000
393636	0,1,2,3,4,5,6,7,8,9,10,11,12,13,14,15,16,17,18,19	156.06736059,159.584201914,158.765758819,160.902185604,161.509922063,159.787422754,154.681216418,157.972768947,157.2915399,159.079623726,161.821747682,156.964458965,162.699483767,161.871369785,159.672469242,160.144960402,163.323088274,162.885893809,162.818260879,159.86115358	A	sin	0.2	352000
394924	0,1,2,3,4,5,6,7,8,9,10,11,12,13,14,15,16,17,18,19	159.488922103,162.560450467,162.559196032,158.436961991,165.307020992,164.087056401,161.234895686,161.079125277,159.901738896,159.325801388,160.743523892,165.037355829,167.268192734,161.640975323,165.934189103,167.530026126,167.475644821,162.218744156,163.958744016,159.738623168	A	sin	0.2	352000
395996	0,1,2,3,4,5,6,7,8,9,10,11,12,13,14,15,16,17,18,19	160.236989596,158.674033062,158.830468744,159.402423101,164.778180779,162.51473186,160.961717954,161.714462493,162.436543411,162.921950407,160.834127312,164.713208111,159.619590524,164.15274885,163.016952164,162.170508321,166.619417501,160.589055311,164.862929128,159.902262175	A	sin	0.2	352000
394365	0,1,2,3,4,5,6,7,8,9,10,11,12,13,14,15,16,17,18,19	137.859954242,142.969960184,141.707536202,140.035954769,143.554492994,141.938480566,142.238187775,137.047499385,141.893778921,144.430979455,142.916456573,141.809870837,141.919791256,143.115579978,140.332081738,143.415169532,142.182535826,140.221408423,142.741286081,141.609093371	A	sin	0.2	352000
393644	0,1,2,3,4,5,6,7,8,9,10,11,12,13,14,15,16,17,18,19	144.804794896,146.465817147,143.852100633,147.743982828,146.33594202,145.927817077,148.059948889,147.310189403,141.151414888,142.411508719,144.071752964,143.374037169,147.48854454,147.887624574,146.857671454,144.459956402,144.688886299,146.463740269,147.709181149,145.849760077	A	sin	0.2	352000
395357	0,1,2,3,4,5,6,7,8,9,10,11,12,13,14,15,16,17,18,19	141.823618424,140.785902847,140.796494835,144.236456129,144.005257296,140.942081885,142.458158584,146.281334908,143.163319659,144.90948731,142.049865564,144.627775751,147.977440921,144.03193619,141.77340939,141.599739634,144.099132966,141.783933942,145.744101354,144.297163541	A	sin	0.2	352000
394302	0,1,2,3,4,5,6,7,8,9,10,11,12,13,14,15,16,17,18,19	138.268402573,139.943381591,137.812121359,138.009336448,135.689645851,139.526285548,135.54558628,138.687593425,139.757456315,141.950594969,138.767854852,142.639813401,140.741114663,137.627417929,138.429527646,142.711706488,140.842677606,138.50506918,136.812421988,141.647743151	A	sin	0.2	352000
393287	0,1,2,3,4,5,6,7,8,9,10,11,12,13,14,15,16,17,18,19	137.447117696,137.790180045,137.061954284,139.822369735,141.120506704,140.816399974,139.908673466,137.357340713,139.786986466,141.713626529,138.855745625,141.893256928,143.118555806,138.472268468,145.230359432,143.397070662,145.676342339,141.657547388,143.785192494,143.217896216	A	sin	0.2	352000
395279	0,1,2,3,4,5,6,7,8,9,10,11,12,13,14,15,16,17,18,19	144.794467334,140.24522294,145.392435996,140.937940067,139.412057567,144.462619468,142.262895132,141.900285717,141.141134689,138.840124739,143.179173036,145.721838541,143.989201572,141.984386328,147.309666817,146.370149994,143.903184031,139.883710214,145.925143748,139.879733408	A	sin	0.2	352000
395461	0,1,2,3,4,5,6,7,8,9,10,11,12,13,14,15,16,17,18,19	145.860706042,144.533232957,144.926180439,145.963277508,144.028136492,149.05903806,145.404545815,147.440790004,145.684680095,147.014775508,148.701374991,151.605294305,150.517568536,150.752101457,151.763355703,146.085950356,146.594590744,148.07260313,150.55485183,149.033734814	A	sin	0.2	352000
393190	0,1,2,3,4,5,6,7,8,9,10,11,12,13,14,15,16,17,18,19	139.821487141,140.935787537,141.159823119,135.896679666,135.768060591,138.742104276,142.372532113,140.134326337,138.650840423,139.682307455,138.677276588,139.525197831,138.853193114,137.659363972,143.11379732,138.180699186,140.202645927,142.427537037,142.496307821,138.198248144	A	sin	0.2	352000
394884	0,1,2,3,4,5,6,7,8,9,10,11,12,13,14,15,16,17,18,19	155.81227799,151.361469854,150.366594318,150.534729595,148.215064221,151.014697575,154.596481021,155.343506481,148.898772869,153.535074247,152.11628305,155.759385351,154.734163046,150.140151698,153.039955418,154.314110005,155.871722621,153.555148556,152.561885044,153.285521136	A	sin	0.2	352000
394533	0,1,2,3,4,5,6,7,8,9,10,11,12,13,14,15,16,17,18,19	160.513002991,160.014915077,156.049395355,157.104312389,154.672606145,154.631746134,161.923130711,157.835893377,161.98798815,160.027473484,163.12467108,157.235413988,161.940942299,163.437136398,162.604409025,158.421995168,160.049310819,158.752253875,160.407394166,158.000427419	A	sin	0.2	352000
393968	0,1,2,3,4,5,6,7,8,9,10,11,12,13,14,15,16,17,18,19	156.597694483,154.869519483,156.589532054,153.739089306,154.383687879,152.032272502,151.466268573,153.196062025,156.389877904,158.632286455,152.806689131,156.063723824,153.625701649,155.431520251,153.671658641,157.271341911,153.580553338,154.440410701,156.632377602,152.225197036	A	sin	0.2	352000
395807	0,1,2,3,4,5,6,7,8,9,10,11,12,13,14,15,16,17,18,19	156.780278775,158.770781757,156.172610442,153.302172016,159.720592186,153.380707278,160.173023848,158.676059317,154.042327699,159.401728768,160.238347197,158.632064056,157.974027758,159.559242832,161.088872783,156.924019239,161.822893616,159.494973954,157.7353071,156.280926013	A	sin	0.2	352000
392902	0,1,2,3,4,5,6,7,8,9,10,11,12,13,14,15,16,17,18,19	147.776570404,144.429156901,140.656427074,142.144843041,144.939828621,140.717105023,139.685498703,145.968363937,146.048214531,144.522293782,145.381434455,144.652013898,147.399033966,144.681144432,144.069153913,147.384534042,143.4898974,143.68218008,141.235742428,143.977489548	A	sin	0.2	352000
392981	0,1,2,3,4,5,6,7,8,9,10,11,12,13,14,15,16,17,18,19	163.84419639,167.400724496,167.31320066,161.357213735,163.251383239,165.505357714,160.000588818,164.232662038,166.379037208,166.638143903,167.38494171,165.765880423,165.528956899,168.1922362,167.981557652,168.220668865,167.173944,164.37124902,167.38355797,163.490450826	A	sin	0.2	352000
393174	0,1,2,3,4,5,6,7,8,9,10,11,12,13,14,15,16,17,18,19	149.077616172,142.33871789,143.809196785,147.728429278,146.855887298,142.387808198,144.149363152,148.593825638,142.53382663,148.029738937,145.778096948,149.224076231,147.56575385,147.856636576,149.974096444,145.208429919,147.383713974,144.694931542,147.906106872,148.180170573	A	sin	0.2	352000
395966	0,1,2,3,4,5,6,7,8,9,10,11,12,13,14,15,16,17,18,19	142.745894356,141.933038739,140.306619541,144.022003211,142.798796953,141.89291876,139.38371159,138.92532223,137.683999917,141.954762049,143.276164375,142.623730166,144.619744306,144.191675322,139.077130994,145.138402711,140.497486577,140.196692402,139.707701988,141.295432496	A	sin	0.2	352000
392632	0,1,2,3,4,5,6,7,8,9,10,11,12,13,14,15,16,17,18,19	158.978,156.678964909,158.623893406,157.293460268,159.39658229,159.231240955,155.270197559,157.887864587,155.883520773,158.193181817,158.368332942,157.454104873,156.695735938,158.562825274,160.937394467,157.427335632,160.82719661,154.82654703,158.739538313,154.65397825	A	sin	0.2	352000
395005	0,1,2,3,4,5,6,7,8,9,10,11,12,13,14,15,16,17,18,19	154.209120484,153.841745882,153.458381218,156.203663514,155.05823861,155.856119612,150.883871851,155.719846669,152.342838776,151.806812552,154.301457166,152.786667867,156.329475391,160.057243827,159.430018349,153.728010991,154.140827071,159.888750633,158.554819368,158.890434733	A	sin	0.2	352000
392302	0,1,2,3,4,5,6,7,8,9,10,11,12,13,14,15,16,17,18,19	147.921927061,150.383284624,143.019119622,144.855667572,146.071170966,149.8430129,146.995636389,145.443538853,147.199326215,145.875492703,144.926852268,149.706558874,147.337923064,145.96784816,146.034977145,147.856321128,150.934613797,146.600235419,149.446188937,148.502245847	A	sin	0.2	352000
394999	0,1,2,3,4,5,6,7,8,9,10,11,12,13,14,15,16,17,18,19	161.71228553,162.158820926,161.878447303,160.366611172,163.747051334,164.393360881,164.244269731,165.133965821,158.572509548,158.705672947,165.758432562,162.066893642,164.158404299,161.736268865,161.360920527,160.474011263,159.872700834,160.851119663,165.90914993,160.981726733	A	sin	0.2	352000
395240	0,1,2,3,4,5,6,7,8,9,10,11,12,13,14,15,16,17,18,19	145.007319882,145.602510435,145.884645844,148.280216242,149.979075683,144.883245493,148.320302265,147.116139885,149.56799271,149.862133393,150.127698527,146.42576574,149.268946269,151.172581579,150.5630238,149.516858125,148.131195266,148.666474653,146.846423913,147.196975516	A	sin	0.2	352000
393216	0,1,2,3,4,5,6,7,8,9,10,11,12,13,14,15,16,17,18,19	136.384894562,141.97677454,137.572718071,137.194568519,136.41147643,135.299422511,135.338401209,134.859041233,136.920605221,140.755857384,141.342809634,142.940240272,137.794792856,139.999547789,138.067787096,140.35230395,138.160937161,136.732094316,138.161139215,141.793444675	A	sin	0.2	352000
395138	0,1,2,3,4,5,6,7,8,9,10,11,12,13,14,15,16,17,18,19	156.712076584,159.372605248,155.753072987,155.588774098,157.22307985,156.129820959,155.27205335,156.760965235,155.381715251,153.259989068,154.981366598,154.53498771,153.985218333,159.941278364,156.145086883,159.275951279,158.263709293,157.971186732,154.189797647,158.89241443	A	sin	0.2	352000
393538	0,1,2,3,4,5,6,7,8,9,10,11,12,13,14,15,16,17,18,19	146.933510101,140.496340764,144.691691333,143.866590606,146.060283352,145.459731542,140.113067224,141.855556151,141.457526252,143.368396191,147.209831899,142.46459027,142.755850387,143.52222498,146.578445264,143.475667823,142.780052415,142.904907515,143.258747533,139.80233608	A	sin	0.2	352000
393107	0,1,2,3,4,5,6,7,8,9,10,11,12,13,14,15,16,17,18,19	153.339449377,146.802302868,149.788973659,151.312840078,151.169863759,149.206229995,149.969290495,152.834138217,149.575666335,151.075819654,153.160194879,148.270915715,149.34440859,147.782338267,154.484898858,149.34513167,152.527012682,147.588539237,149.311005502,147.487764914	A	sin	0.2	352000
392766	0,1,2,3,4,5,6,7,8,9,10,11,12,13,14,15,16,17,18,19	137.468772466,137.652921333,133.388534913,140.215189946,138.385327544,134.585691169,134.02139431,133.08144334,140.469632155,135.785867484,138.5418387,137.32647565,138.100707939,141.573732441,141.287682185,136.395426642,140.703325018,134.459804213,135.252824951,137.070407964	A	sin	0.2	352000
392683	0,1,2,3,4,5,6,7,8,9,10,11,12,13,14,15,16,17,18,19	153.785208057,147.451725224,152.959772002,151.325781453,146.761901195,149.053667716,148.649394585,152.257604024,153.499162278,154.228979745,155.243075497,149.980839696,150.469185272,149.204708151,154.369525018,154.377223906,152.215061803,155.246398835,150.092086292,151.758175093	A	sin	0.2	352000
392010	0,1,2,3,4,5,6,7,8,9,10,11,12,13,14,15,16,17,18,19	138.703919153,137.396625972,142.179209523,137.062237232,139.28348477,142.879813789,136.475577545,136.509334182,142.106846462,140.864671534,138.492089872,141.882126384,144.826280581,143.516259293,141.27324879,144.429341827,141.147475743,139.237562594,142.349457202,143.836205363	A	sin	0.2	352000
392848	0,1,2,3,4,5,6,7,8,9,10,11,12,13,14,15,16,17,18,19	149.90590706,149.842033075,147.399216343,151.513152766,151.475102934,152.256583732,151.184028376,153.655499102,148.619727546,149.766809885,152.726715715,154.729751497,148.862722461,150.914896402,153.549188534,155.869872321,153.42612531,150.055225868,148.784314741,151.75763271	A	sin	0.2	352000
393866	0,1,2,3,4,5,6,7,8,9,10,11,12,13,14,15,16,17,18,19	160.933511093,160.690986388,161.779373928,161.134214547,158.670090185,157.106052993,160.10714765,161.536014951,159.267061213,157.445797183,163.471557268,165.398467724,161.275199533,161.183884627,163.912368399,159.322749908,163.524402808,163.624734171,165.084078669,160.776892629	A	sin	0.2	352000
392342	0,1,2,3,4,5,6,7,8,9,10,11,12,13,14,15,16,17,18,19	148.504748379,149.733743749,145.070514521,150.062395609,144.504704998,151.743740433,149.524755179,145.611397608,146.111070237,150.915063972,149.972322468,146.611892039,152.599931611,148.683931594,150.477823711,152.401999156,148.659399506,146.662641995,150.720815405,149.617119178	A	sin	0.2	352000
393914	0,1,2,3,4,5,6,7,8,9,10,11,12,13,14,15,16,17,18,19	147.737735693,145.843915239,144.598051913,147.850856462,146.070281047,143.749423773,146.370421274,143.770806133,144.5577209,144.192143042,146.137644132,147.706168089,147.872989336,145.002422917,145.232289297,142.460836937,149.105429914,145.33353644,147.247929084,143.112293401	A	sin	0.2	352000
393463	0,1,2,3,4,5,6,7,8,9,10,11,12,13,14,15,16,17,18,19	148.019783217,147.465580374,145.963681162,150.121573448,145.01315434,149.049674522,145.50334021,151.832948125,145.779553638,148.970389235,148.042869312,149.838798261,148.572951209,148.950137255,149.12128542,153.22424399,150.17674629,153.274605876,148.432337081,146.409018635	A	sin	0.2	352000
395819	0,1,2,3,4,5,6,7,8,9,10,11,12,13,14,15,16,17,18,19	157.37221218,157.71651737,157.579167839,159.610054457,161.161899239,161.186317249,154.837041661,156.723311467,161.896383158,160.615851477,156.848567659,159.175864673,156.037463405,161.879246398,160.326475596,163.26296111,158.94769578,162.172897064,161.803257543,159.57817979	A	sin	0.2	352000
392928	0,1,2,3,4,5,6,7,8,9,10,11,12,13,14,15,16,17,18,19	160.360337082,162.258157878,162.698034394,156.629555064,163.577598224,161.384925512,161.11263518,163.924340197,164.370033098,162.885369081,158.242775052,157.983144024,161.246138935,159.733338145,164.521467229,162.657728779,163.214872642,164.475085319,164.207056884,163.277316518	A	sin	0.2	352000
395728	0,1,2,3,4,5,6,7,8,9,10,11,12,13,14,15,16,17,18,19	133.883633089,135.374114007,133.614741789,134.644698356,133.921100916,132.434393526,134.574908687,135.618124008,137.007996693,134.066558512,138.795807005,132.818001273,132.841839795,133.042026589,138.481936611,134.070665022,135.700827664,136.545201849,136.306332191,135.563639948	A	sin	0.2	352000
394737	0,1,2,3,4,5,6,7,8,9,10,11,12,13,14,15,16,17,18,19	140.870467202,134.369005072,139.856340078,133.988422963,135.658714467,139.457406422,139.397034545,140.601941744,134.781523229,140.513737565,140.640327011,137.399450251,140.636305992,135.853255048,139.91373904,138.956181539,140.174674073,137.140524247,139.829778755,141.906292389	A	sin	0.2	352000
393417	0,1,2,3,4,5,6,7,8,9,10,11,12,13,14,15,16,17,18,19	146.015348744,147.693194983,150.965531241,147.737346488,147.382129004,146.215255619,143.484575091,144.217741406,145.864490397,145.503660046,147.401508056,150.52458003,148.581093971,150.040983838,152.459287426,145.600359448,147.740683541,146.460233084,144.959280586,149.474542126	A	sin	0.2	352000
393154	0,1,2,3,4,5,6,7,8,9,10,11,12,13,14,15,16,17,18,19	132.140531134,133.390245296,132.896453221,132.604874313,134.64481009,136.571795657,132.445522856,133.53110485,137.742028277,138.274504619,132.048628624,136.656191739,136.674394137,133.297031734,137.731107743,139.142800382,132.968116391,134.094987386,132.270702981,134.811706418	A	sin	0.2	352000
395134	0,1,2,3,4,5,6,7,8,9,10,11,12,13,14,15,16,17,18,19	154.973676335,150.889283467,154.573894272,155.733864363,149.939753057,155.143895759,155.480921047,156.406890178,151.371287305,152.093126235,151.823192546,157.592521129,153.698216619,151.579135067,154.833818506,155.193885039,158.331219771,156.01721198,156.042605202,155.68244501	A	sin	0.2	352000
392509	0,1,2,3,4,5,6,7,8,9,10,11,12,13,14,15,16,17,18,19	143.959360886,146.247294875,142.255698495,140.509894794,141.458957236,140.775390106,139.833046443,147.177271911,146.471366363,143.642697506,147.820086557,147.857949442,145.696953423,146.263950876,145.784052202,145.58227449,144.212418555,146.933843255,143.674161956,145.179488462	A	sin	0.2	352000
392795	0,1,2,3,4,5,6,7,8,9,10,11,12,13,14,15,16,17,18,19	143.080731763,139.130358199,141.498972896,143.766206997,141.69301306,143.035118152,139.524584228,140.225537726,138.991347184,138.274205629,141.494062191,138.607971527,142.626835681,139.150945875,146.207828466,140.439230917,139.174499952,141.47399643,142.297184229,145.324198248	A	sin	0.2	352000
395398	0,1,2,3,4,5,6,7,8,9,10,11,12,13,14,15,16,17,18,19	141.153324435,142.655190487,142.759214724,144.612371707,139.627795787,141.965948259,145.156991467,142.176065339,145.456170966,146.791543578,141.16967558,143.077301591,145.962360754,148.842467069,147.839668479,143.624458216,144.029305017,146.070106014,147.064352139,143.670841419	A	sin	0.2	352000
394403	0,1,2,3,4,5,6,7,8,9,10,11,12,13,14,15,16,17,18,19	143.055977385,139.331255516,138.410822071,144.919081249,144.879848975,144.662899857,144.242071139,144.666706131,140.487591367,142.691603875,142.178522015,143.241022535,144.534891887,144.888821589,146.502379906,145.609705089,141.309424831,140.249920014,142.843692158,143.99226898	A	sin	0.2	352000
393239	0,1,2,3,4,5,6,7,8,9,10,11,12,13,14,15,16,17,18,19	141.94260277,140.923706063,135.51656014,140.433516842,141.930917568,136.601919579,137.366805655,136.139232677,137.99942574,142.779218095,138.070519416,139.435769871,143.500381241,139.795153377,138.419291108,143.492987964,141.291539271,140.559243198,136.461008732,140.271670169	A	sin	0.2	352000
392133	0,1,2,3,4,5,6,7,8,9,10,11,12,13,14,15,16,17,18,19	146.170247616,147.129955446,145.419024927,146.636727225,145.903228961,143.507867906,145.785905057,147.769160546,147.386648058,143.481758385,147.526820926,142.098491891,145.863802169,149.282982661,142.191411858,144.264580972,149.171338693,146.398991521,145.615416366,145.10196973	A	sin	0.2	352000
395159	0,1,2,3,4,5,6,7,8,9,10,11,12,13,14,15,16,17,18,19	132.549606591,139.156493627,132.306267606,131.783330543,137.761184619,138.413873042,132.643950605,135.801990837,136.719222473,133.66082798,133.208336647,139.409954835,133.048964918,136.005180366,134.318358846,140.106599912,139.161580773,136.214420148,138.179627144,135.539595068	A	sin	0.2	352000
394485	0,1,2,3,4,5,6,7,8,9,10,11,12,13,14,15,16,17,18,19	145.910763154,148.855108462,141.448838514,147.529730224,142.59289534,145.986120202,142.020749142,145.715204332,144.635902668,145.077470391,143.96780637,145.932816706,149.884446645,147.880790938,143.602956021,148.312562569,146.378065937,146.769262242,144.801553561,145.648450888	A	sin	0.2	352000
393562	0,1,2,3,4,5,6,7,8,9,10,11,12,13,14,15,16,17,18,19	145.644134256,145.771018808,141.355139449,143.442007593,142.975847873,146.442553078,142.02472836,142.253361609,143.597470916,143.429458896,144.984652079,143.838749235,148.336501724,144.961090288,146.979533916,148.755336034,147.156346893,145.156465285,141.740538799,141.589295224	A	sin	0.2	352000
393592	0,1,2,3,4,5,6,7,8,9,10,11,12,13,14,15,16,17,18,19	162.691987813,157.152224473,163.259817781,160.892096229,160.600834871,156.864416578,158.497576161,163.164425752,158.789955199,162.051383362,158.398298381,164.967347763,160.61242272,163.008980273,162.838827113,161.447796411,159.885795919,160.088574361,158.263183715,158.064362746	A	sin	0.2	352000
392145	0,1,2,3,4,5,6,7,8,9,10,11,12,13,14,15,16,17,18,19	136.516946967,137.958152252,134.183501591,135.671807618,134.200740193,133.732986664,133.129093714,137.757142535,138.163644074,138.275508757,137.923993013,138.372787298,138.969898499,135.695829376,136.452780147,134.333082822,136.132569352,138.785371746,137.757911247,138.646045038	A	sin	0.2	352000
395836	0,1,2,3,4,5,6,7,8,9,10,11,12,13,14,15,16,17,18,19	149.724906329,151.142914853,148.465189683,153.287535567,146.274101226,152.528778398,151.557668874,152.77596502,147.439591436,151.304903228,150.023089482,153.988796068,151.493842869,155.364292645,150.167943534,154.878129231,153.469860531,152.02929711,153.427154383,151.177985926	A	sin	0.2	352000
395281	0,1,2,3,4,5,6,7,8,9,10,11,12,13,14,15,16,17,18,19	149.61500127,146.985551992,149.897927151,148.576811262,146.69314776,150.946146548,149.555913791,147.423118043,147.461924656,145.816599641,151.932124276,149.175995525,146.531774469,150.116323806,150.097014555,151.22032956,148.529753311,150.65352253,152.839800658,146.419785099	A	sin	0.2	352000
394762	0,1,2,3,4,5,6,7,8,9,10,11,12,13,14,15,16,17,18,19	155.61771178,155.232116324,149.554467919,149.605884212,149.158101036,150.687870293,150.137440121,149.779465803,155.130400319,156.260719912,154.192228072,156.298480186,154.905090498,156.91925439,157.53331902,153.416105822,154.326014948,154.978619762,151.75747047,153.294753432	A	sin	0.2	352000
393536	0,1,2,3,4,5,6,7,8,9,10,11,12,13,14,15,16,17,18,19	159.564861183,156.595618504,157.836091867,161.764668669,157.704343569,155.674503532,156.147188101,155.038834307,155.322663293,158.732643788,156.073638986,159.526127675,157.139198745,157.96569202,160.609651,160.613619543,156.361061326,157.131143082,157.31478434,160.396585833	A	sin	0.2	352000
392968	0,1,2,3,4,5,6,7,8,9,10,11,12,13,14,15,16,17,18,19	141.757429156,144.389192897,141.382442402,141.494516279,141.891264891,143.411017354,143.669812625,142.135714625,145.185759753,147.44562459,143.267329733,143.683531295,149.034842658,147.270386303,149.493621976,143.822961083,144.700680008,148.514690792,145.127004731,141.098928308	A	sin	0.2	352000
394014	0,1,2,3,4,5,6,7,8,9,10,11,12,13,14,15,16,17,18,19	159.885026492,162.04915876,160.754823496,165.212805371,164.802473919,161.35927128,159.346147829,166.522548514,163.864838696,164.030310194,165.395384187,164.639843582,167.885012235,162.255357264,167.854060979,165.687108221,161.541128599,165.808298149,165.929844972,162.598769979	A	sin	0.2	352000
392527	0,1,2,3,4,5,6,7,8,9,10,11,12,13,14,15,16,17,18,19	152.003715845,152.794029779,157.589778945,153.549738873,154.267142577,155.330239046,153.411799123,158.69910416,154.287612801,153.432086226,159.38416058,157.40626302,158.025113555,156.008227273,159.51789215,154.586030426,157.8956933,158.803575695,155.98096141,153.650925166	A	sin	0.2	352000
392460	0,1,2,3,4,5,6,7,8,9,10,11,12,13,14,15,16,17,18,19	167.108127013,161.243281235,164.755272556,166.268793722,159.940106028,162.452410344,165.931850391,162.948748778,165.395223194,162.541580733,165.846306628,164.951325469,163.22473685,162.500769739,163.825021987,166.089837061,167.615810964,162.210066633,163.237444022,164.042723909	A	sin	0.2	352000
394758	0,1,2,3,4,5,6,7,8,9,10,11,12,13,14,15,16,17,18,19	151.346814329,147.890056115,150.59033316,150.62962185,148.870198244,153.95279709,150.836545157,150.642727998,150.99432521,152.717042523,152.789580241,155.585156671,152.007060364,156.317436237,150.668427032,151.820488039,151.724780229,149.7959062,150.438243289,151.798062488	A	sin	0.2	352000
394256	0,1,2,3,4,5,6,7,8,9,10,11,12,13,14,15,16,17,18,19	136.698880057,136.225108373,133.505597035,132.33096105,136.789328238,137.31508057,132.924483063,135.758260841,137.657112462,135.372957601,135.191901381,138.243982655,139.334682907,133.840895987,137.308922107,135.357607177,134.476702126,132.800224858,138.748131039,134.780639642	A	sin	0.2	352000
392649	0,1,2,3,4,5,6,7,8,9,10,11,12,13,14,15,16,17,18,19	157.557312073,153.487486937,155.78592349,159.426309883,156.516972654,157.15051982,156.15066532,157.194557205,154.291276114,155.371287626,159.331830939,156.329973012,161.200665954,160.379021079,160.570790935,157.793622701,158.163784525,156.632024491,158.890879774,157.038741059	A	sin	0.2	352000
392483	0,1,2,3,4,5,6,7,8,9,10,11,12,13,14,15,16,17,18,19	152.240999774,156.848560734,153.756688162,156.937630383,157.692755836,153.055454996,157.807769888,158.436320964,157.26264538,156.571132203,155.327985496,156.162485398,159.350061911,156.129251882,156.195906034,158.909041001,158.009137902,157.697212113,154.04287432,154.31620029	A	sin	0.2	352000
395793	0,1,2,3,4,5,6,7,8,9,10,11,12,13,14,15,16,17,18,19	133.644484743,136.58231179,136.123212884,137.08189127,137.470392945,138.028340878,133.132967849,138.859820106,139.256119268,140.784363446,137.619164977,135.180658897,138.839405844,137.194762568,136.180165252,139.509485227,138.776710477,140.579071842,136.08291374,135.602317146	A	sin	0.2	352000
394411	0,1,2,3,4,5,6,7,8,9,10,11,12,13,14,15,16,17,18,19	149.803076001,149.442978129,143.395727977,145.994294458,146.649281799,147.6105365,144.993818143,150.588325102,149.890221081,150.828002533,148.345945844,147.482655563,146.356345269,146.296033126,151.812929889,147.217651337,146.234781847,148.773604126,147.177048819,149.30119583	A	sin	0.2	352000
393999	0,1,2,3,4,5,6,7,8,9,10,11,12,13,14,15,16,17,18,19	155.234075856,158.273226406,160.805390036,160.76231668,159.344395114,156.45841392,155.009789292,161.658265043,157.056999699,157.937159048,157.689258259,158.464509082,161.325454384,161.579751777,156.598955275,156.271349778,160.726911319,162.078975667,158.384530594,155.368745019	A	sin	0.2	352000
394235	0,1,2,3,4,5,6,7,8,9,10,11,12,13,14,15,16,17,18,19	142.369452691,137.630264185,137.078348086,140.415340451,139.998687423,142.236147688,141.126827175,138.918164435,136.073548597,139.509031038,137.707234977,136.834289572,142.212325325,138.742855,138.392656462,144.136313161,140.462347527,140.658790842,137.143529875,142.067889817	A	sin	0.2	352000
