ID	X	Y	cluster	func	noise	original_trajectory,,
99952	0.0,1.0,2.0,3.0,4.0,5.0,6.0,7.0,8.0,9.0,10.0,11.0,12.0,13.0,14.0,15.0,16.0,17.0,18.0,19.0	63.3328662956,38.7483982524,19.2568868571,2.79763767032,-13.1315457083,-25.996216144,-35.8992968745,-41.9901240441,-52.1027845569,-56.0783204213,-60.7990387137,-64.6501878444,-67.8958511642,-69.9594121233,-74.367661074,-74.5136261676,-79.1415722351,-78.4052232257,-78.1603055362,-79.1341940724	4	exponential	0.04	88000,,
97764	0.0,1.0,2.0,3.0,4.0,5.0,6.0,7.0,8.0,9.0,10.0,11.0,12.0,13.0,14.0,15.0,16.0,17.0,18.0,19.0	165.046914697,139.368903841,118.920523169,101.712594453,88.5431760564,74.7779114077,66.2932235034,59.3271073265,49.8032700493,43.747199599,40.9290370482,36.7967454263,32.9201703978,27.9199104668,28.7761843544,26.7269183663,22.4417455034,22.2247560646,19.9663319721,21.5356521946	4	exponential	0.04	88000,,
97979	0.0,1.0,2.0,3.0,4.0,5.0,6.0,7.0,8.0,9.0,10.0,11.0,12.0,13.0,14.0,15.0,16.0,17.0,18.0,19.0	32.8449534655,7.20493721706,-16.8808184693,-31.3859434503,-48.4195461534,-58.000984377,-68.9622711624,-77.6682813412,-83.1021774022,-91.8485464326,-95.407990586,-100.043518453,-103.832300509,-106.119933757,-107.354535279,-111.076967407,-110.713402221,-111.651670534,-111.582025858,-116.617455559	4	exponential	0.04	88000,,
97404	0.0,1.0,2.0,3.0,4.0,5.0,6.0,7.0,8.0,9.0,10.0,11.0,12.0,13.0,14.0,15.0,16.0,17.0,18.0,19.0	126.924484922,98.9539393056,77.3398779209,60.3407984213,47.5138474555,37.5451778422,26.4640276348,17.3790376944,11.8653291996,2.25677469427,-1.17278497204,-5.50772355582,-6.50124403405,-9.50275560951,-15.0185772875,-14.3013712511,-16.6203662179,-16.8433994349,-20.7606701176,-18.4191676707	4	exponential	0.04	88000,,
98883	0.0,1.0,2.0,3.0,4.0,5.0,6.0,7.0,8.0,9.0,10.0,11.0,12.0,13.0,14.0,15.0,16.0,17.0,18.0,19.0	166.602076854,137.380646923,116.70392612,100.551167697,85.0180429102,73.0238458737,66.3832182764,58.3658714755,48.9321826462,45.5362802715,39.9027132147,35.9802547588,29.4900993081,26.7667317893,26.3226777961,23.417447375,23.3224490364,20.7850601925,21.1266808484,19.6291156499	4	exponential	0.04	88000,,
96453	0.0,1.0,2.0,3.0,4.0,5.0,6.0,7.0,8.0,9.0,10.0,11.0,12.0,13.0,14.0,15.0,16.0,17.0,18.0,19.0	252.397028963,226.371625774,205.785544638,192.160345989,176.793048429,164.672084999,154.831291352,146.552979574,137.179589927,133.316880602,127.541416274,122.494877905,119.768756964,119.465353106,116.470726542,113.811634799,109.82261511,108.927078918,108.211316866,106.760156265	4	exponential	0.04	88000,,
96789	0.0,1.0,2.0,3.0,4.0,5.0,6.0,7.0,8.0,9.0,10.0,11.0,12.0,13.0,14.0,15.0,16.0,17.0,18.0,19.0	160.217986498,133.748169115,115.862406725,95.122662232,83.7565341767,70.2323758104,58.3800392142,50.5372042573,44.3787924223,38.8188105718,34.7051983716,30.0097269403,24.8006640882,24.6322659465,22.1783132974,17.9243538832,17.5031296205,16.0090707415,15.4176157882,14.8358892799	4	exponential	0.04	88000,,
96929	0.0,1.0,2.0,3.0,4.0,5.0,6.0,7.0,8.0,9.0,10.0,11.0,12.0,13.0,14.0,15.0,16.0,17.0,18.0,19.0	179.769587509,154.340048917,134.097339593,117.113238548,101.382483168,91.4675649396,80.4225298222,69.43365848,63.2345339359,59.6612830362,54.3385056837,48.2371800438,47.6551915465,42.5811366087,41.9530434925,40.4998084108,37.5923114084,34.9350327238,33.3067355522,34.347987051	4	exponential	0.04	88000,,
96072	0.0,1.0,2.0,3.0,4.0,5.0,6.0,7.0,8.0,9.0,10.0,11.0,12.0,13.0,14.0,15.0,16.0,17.0,18.0,19.0	112.689268188,85.9642231845,66.7131397387,49.8618102372,34.302016173,22.3770641117,11.9890121303,4.16719099855,-5.49401700211,-10.1414196323,-16.0315268635,-17.3872681424,-23.6738967065,-23.7238601122,-27.7341836382,-30.0305501473,-29.4139721593,-33.0263029243,-35.1555653466,-34.4452424735	4	exponential	0.04	88000,,
97129	0.0,1.0,2.0,3.0,4.0,5.0,6.0,7.0,8.0,9.0,10.0,11.0,12.0,13.0,14.0,15.0,16.0,17.0,18.0,19.0	36.1555198538,12.3852968655,-8.8537954995,-27.9306487136,-40.0979186058,-51.1254323116,-64.1547803978,-72.3268994754,-79.5968508043,-83.4524208526,-89.2185559044,-91.4199875195,-97.7061353936,-98.602062613,-99.201658384,-102.561930193,-105.326599868,-108.250929982,-108.74328575,-107.796609533	4	exponential	0.04	88000,,
98794	0.0,1.0,2.0,3.0,4.0,5.0,6.0,7.0,8.0,9.0,10.0,11.0,12.0,13.0,14.0,15.0,16.0,17.0,18.0,19.0	215.039245257,191.200076418,168.344660236,151.975981375,137.213581827,127.427127711,115.361276125,108.150740759,100.649291915,94.6470917028,88.8338528361,86.7351695002,84.9674917175,79.4966134998,78.2134486042,74.6622280464,74.4696297983,74.449513186,73.3706642091,71.604934245	4	exponential	0.04	88000,,
97570	0.0,1.0,2.0,3.0,4.0,5.0,6.0,7.0,8.0,9.0,10.0,11.0,12.0,13.0,14.0,15.0,16.0,17.0,18.0,19.0	163.940840836,138.599898515,118.112502041,101.416884781,87.3168936946,75.7722108982,67.1900683301,55.7307096311,49.4472187859,45.7380692207,41.2713531804,33.3135566902,33.2697938489,28.1040546494,28.3096798437,26.4398976205,21.2914635126,21.4354351834,19.0681587529,18.0531178511	4	exponential	0.04	88000,,
99663	0.0,1.0,2.0,3.0,4.0,5.0,6.0,7.0,8.0,9.0,10.0,11.0,12.0,13.0,14.0,15.0,16.0,17.0,18.0,19.0	215.037992058,188.977365943,165.949285399,152.094306055,136.526956551,124.294117724,115.339229936,107.115154448,98.419817075,92.1680585047,88.7456800278,84.8237293445,79.5813777203,76.834878282,77.0116974636,74.2211306155,69.768968399,69.7266629454,70.0602678849,65.9886426009	4	exponential	0.04	88000,,
99123	0.0,1.0,2.0,3.0,4.0,5.0,6.0,7.0,8.0,9.0,10.0,11.0,12.0,13.0,14.0,15.0,16.0,17.0,18.0,19.0	102.374744696,75.5384069242,57.0450933113,39.9419313174,25.9999380076,11.957341292,2.67059604382,-5.78698308937,-12.9779745836,-17.4226188626,-23.0236359208,-25.2545564113,-32.7859569652,-35.1026373756,-34.6738321354,-37.6916629383,-37.9260576898,-42.8838089867,-42.7093706829,-43.9582662506	4	exponential	0.04	88000,,
99749	0.0,1.0,2.0,3.0,4.0,5.0,6.0,7.0,8.0,9.0,10.0,11.0,12.0,13.0,14.0,15.0,16.0,17.0,18.0,19.0	280.112830517,255.761274781,233.562592618,214.960373834,203.026482984,190.277122292,178.909687042,171.914874381,165.587965744,157.524038006,154.189185033,146.997156806,146.496416732,142.021453673,140.949300163,138.317094686,135.404866332,133.822557892,135.4764932,132.165933827	4	exponential	0.04	88000,,
99933	0.0,1.0,2.0,3.0,4.0,5.0,6.0,7.0,8.0,9.0,10.0,11.0,12.0,13.0,14.0,15.0,16.0,17.0,18.0,19.0	59.4141364112,34.0314270965,14.6087106399,-3.680813157,-17.4971013804,-27.9989154105,-40.7956060182,-47.5870772619,-54.9972237654,-59.9798223581,-67.0802980163,-67.6346708306,-74.1479320113,-75.2249205299,-79.6200087268,-78.7210950998,-81.3138672971,-82.1441210979,-82.5256581236,-86.9113119416	4	exponential	0.04	88000,,
98073	0.0,1.0,2.0,3.0,4.0,5.0,6.0,7.0,8.0,9.0,10.0,11.0,12.0,13.0,14.0,15.0,16.0,17.0,18.0,19.0	145.30027863,119.464516395,100.161683595,81.9875308954,68.0869636822,55.7553849369,46.0381556214,37.7787053081,30.1834377972,26.8350830341,21.5816643801,14.060044432,12.1244615212,9.15851428501,9.73806832897,6.89779291906,1.95798182677,3.88064434765,2.52678947383,1.55577398267	4	exponential	0.04	88000,,
97554	0.0,1.0,2.0,3.0,4.0,5.0,6.0,7.0,8.0,9.0,10.0,11.0,12.0,13.0,14.0,15.0,16.0,17.0,18.0,19.0	107.947254955,83.5356496576,64.9600360514,45.1027242231,31.7875624067,18.2489550817,7.30517060821,0.115629448094,-7.44292048914,-10.9057692387,-17.1494293841,-22.3576838536,-22.3987375018,-27.9313584192,-29.2520934224,-30.4134478773,-32.1999101631,-34.2886427922,-33.619723887,-37.5351211043	4	exponential	0.04	88000,,
98965	0.0,1.0,2.0,3.0,4.0,5.0,6.0,7.0,8.0,9.0,10.0,11.0,12.0,13.0,14.0,15.0,16.0,17.0,18.0,19.0	229.411176618,206.135557648,183.373017828,169.669611617,151.544134675,140.000558651,130.403148468,121.916213934,114.212216826,111.772030419,104.099016632,101.166509669,98.1123027934,95.1146452059,93.9438069526,90.035267568,87.9117368485,85.8254858637,85.9074864409,83.9811001021	4	exponential	0.04	88000,,
96149	0.0,1.0,2.0,3.0,4.0,5.0,6.0,7.0,8.0,9.0,10.0,11.0,12.0,13.0,14.0,15.0,16.0,17.0,18.0,19.0	141.489923507,117.183224235,97.8332456053,78.4424974825,65.4301503923,52.9405334365,45.4726298558,35.5453739789,28.8050931051,23.3991284102,17.8084149125,12.508322577,9.50794147687,9.23120457554,4.65050046782,2.35847894058,-0.208762308766,0.562401629269,-1.52548087479,0.250013507437	4	exponential	0.04	88000,,
98205	0.0,1.0,2.0,3.0,4.0,5.0,6.0,7.0,8.0,9.0,10.0,11.0,12.0,13.0,14.0,15.0,16.0,17.0,18.0,19.0	116.252769148,91.4952531455,70.6852624386,53.5457916407,36.3943663656,25.6143378175,13.3152340838,4.89077256528,1.55732202892,-7.25498586551,-10.5335447588,-16.6757356228,-19.2605356722,-23.0304886639,-23.8512953357,-27.1912438727,-28.4542874707,-30.0305878423,-31.4800600321,-30.9028377266	4	exponential	0.04	88000,,
99386	0.0,1.0,2.0,3.0,4.0,5.0,6.0,7.0,8.0,9.0,10.0,11.0,12.0,13.0,14.0,15.0,16.0,17.0,18.0,19.0	244.963151974,220.307983737,195.842356431,182.183133323,166.570254881,155.587297631,143.473927194,133.419900666,129.165306224,123.256191996,116.068499368,115.052363083,109.390855698,105.864414436,105.785777166,101.428775503,103.27288973,100.213919397,100.101106092,98.6367130452	4	exponential	0.04	88000,,
96571	0.0,1.0,2.0,3.0,4.0,5.0,6.0,7.0,8.0,9.0,10.0,11.0,12.0,13.0,14.0,15.0,16.0,17.0,18.0,19.0	261.600453771,238.059514551,217.856536343,200.780206055,183.430739752,173.477209333,163.044489531,155.512937303,148.006377471,140.993727337,138.208595562,131.111894135,129.857395775,126.187501442,121.961092355,121.385123173,120.414268192,119.179255502,115.939744746,116.477891302	4	exponential	0.04	88000,,
98687	0.0,1.0,2.0,3.0,4.0,5.0,6.0,7.0,8.0,9.0,10.0,11.0,12.0,13.0,14.0,15.0,16.0,17.0,18.0,19.0	116.695726514,92.2762709973,73.2187684879,55.6448284533,41.7826003333,26.7430064359,20.6361803367,9.79318896848,3.82234227084,-0.347983508261,-7.60319959076,-9.26041271644,-16.0741043453,-16.0578980101,-20.0772501761,-20.8060487034,-23.6896481762,-26.2243379047,-26.3407804693,-27.843566424	4	exponential	0.04	88000,,
99582	0.0,1.0,2.0,3.0,4.0,5.0,6.0,7.0,8.0,9.0,10.0,11.0,12.0,13.0,14.0,15.0,16.0,17.0,18.0,19.0	243.899944123,216.870918765,196.076903919,179.41500278,163.759810581,150.652943808,141.80837272,134.36634082,125.99167346,120.755684872,117.860897439,113.88050057,107.027511181,107.433423126,105.395059003,103.256968362,100.080620034,99.1585101178,99.4362933288,96.706615617	4	exponential	0.04	88000,,
99999	0.0,1.0,2.0,3.0,4.0,5.0,6.0,7.0,8.0,9.0,10.0,11.0,12.0,13.0,14.0,15.0,16.0,17.0,18.0,19.0	134.81424742,111.755580361,91.9760741089,71.8981160894,57.2002004875,48.1761272198,35.5755299879,27.132793272,19.777674653,15.5589958614,11.1064013803,8.38177522752,4.98658030352,-0.398007156113,-1.25678965567,-5.72556044084,-7.0525349177,-6.30308181135,-6.6459798815,-10.1208081649	4	exponential	0.04	88000,,
97221	0.0,1.0,2.0,3.0,4.0,5.0,6.0,7.0,8.0,9.0,10.0,11.0,12.0,13.0,14.0,15.0,16.0,17.0,18.0,19.0	138.774396515,109.84503503,91.0085530732,72.9766714979,60.4271355443,46.0037410069,37.2123638408,29.5503505196,22.4052710543,14.0710073648,9.75369521471,5.83057315519,5.66713522518,1.4417818265,-0.0138102186833,-4.70830242482,-5.42540732831,-5.02209943508,-5.62562617503,-9.71752151747	4	exponential	0.04	88000,,
98260	0.0,1.0,2.0,3.0,4.0,5.0,6.0,7.0,8.0,9.0,10.0,11.0,12.0,13.0,14.0,15.0,16.0,17.0,18.0,19.0	146.322366513,121.343578701,102.592770152,82.279346222,71.1965970452,58.0457451783,47.7738373647,40.1916919502,32.0679875786,24.0418142129,19.4346940267,17.1155117075,15.4806689495,10.4574807155,9.18274373793,5.74585270016,5.91816783319,3.44009102546,3.6554225167,2.21836303136	4	exponential	0.04	88000,,
98401	0.0,1.0,2.0,3.0,4.0,5.0,6.0,7.0,8.0,9.0,10.0,11.0,12.0,13.0,14.0,15.0,16.0,17.0,18.0,19.0	5.95857328218,-17.3932561696,-38.4584210997,-57.8103866936,-72.2458522124,-84.1594074186,-96.0187926448,-100.949311564,-110.733481771,-113.627366908,-119.007880048,-123.161564472,-128.97092825,-132.044201206,-130.88518842,-133.362649161,-136.178024044,-137.832831086,-139.548190528,-141.220272665	4	exponential	0.04	88000,,
97102	0.0,1.0,2.0,3.0,4.0,5.0,6.0,7.0,8.0,9.0,10.0,11.0,12.0,13.0,14.0,15.0,16.0,17.0,18.0,19.0	273.501938347,247.805392258,225.414358461,208.055867088,195.432449811,181.90034192,171.950048334,167.082726697,159.017607257,150.534925987,147.788525622,144.838870817,138.683420738,138.459356251,135.052634353,134.013389478,132.234856402,128.494154915,129.441440562,130.091096791	4	exponential	0.04	88000,,
98726	0.0,1.0,2.0,3.0,4.0,5.0,6.0,7.0,8.0,9.0,10.0,11.0,12.0,13.0,14.0,15.0,16.0,17.0,18.0,19.0	69.3285282427,46.8366062939,23.6769957989,9.54420858681,-6.33134910205,-19.8191435057,-29.2804248831,-35.227385169,-44.1633349867,-51.6192455084,-55.0302803057,-60.1202008471,-62.3788405157,-66.8586471257,-66.5283860928,-69.2386212755,-71.924222522,-70.4707980393,-74.2685289855,-75.2074248425	4	exponential	0.04	88000,,
97637	0.0,1.0,2.0,3.0,4.0,5.0,6.0,7.0,8.0,9.0,10.0,11.0,12.0,13.0,14.0,15.0,16.0,17.0,18.0,19.0	121.007317191,94.0942362128,75.2779500511,56.7578675881,43.5882039998,31.342948206,18.8411946971,11.2656150512,3.71436745767,-3.89943272268,-8.60721448009,-8.98154596246,-15.5529547002,-18.6992124467,-17.6629015657,-19.6960399402,-20.9796757572,-23.6219778295,-26.9484468821,-26.4335924286	4	exponential	0.04	88000,,
96774	0.0,1.0,2.0,3.0,4.0,5.0,6.0,7.0,8.0,9.0,10.0,11.0,12.0,13.0,14.0,15.0,16.0,17.0,18.0,19.0	26.4128380321,-2.05302786426,-22.1358994558,-40.9914896401,-52.0960895571,-64.3127117463,-73.5076725146,-85.5227400015,-89.0374185786,-96.9827717192,-103.220453125,-105.490564271,-108.661752717,-111.456030225,-116.071080163,-115.867641764,-118.661621763,-120.344381678,-118.339691631,-122.921901057	4	exponential	0.04	88000,,
96462	0.0,1.0,2.0,3.0,4.0,5.0,6.0,7.0,8.0,9.0,10.0,11.0,12.0,13.0,14.0,15.0,16.0,17.0,18.0,19.0	250.347874003,227.519101154,203.495785185,188.357337898,173.048791207,162.470028938,153.000656102,143.189789759,137.739664539,128.09712106,126.875906178,122.662944573,119.617981918,112.885004313,111.267863093,112.224471093,109.523186086,107.502321488,107.150248368,103.430356446	4	exponential	0.04	88000,,
99956	0.0,1.0,2.0,3.0,4.0,5.0,6.0,7.0,8.0,9.0,10.0,11.0,12.0,13.0,14.0,15.0,16.0,17.0,18.0,19.0	194.640146798,167.871582552,145.117852638,129.50962915,116.236327061,103.058749198,90.9519014345,82.9357380681,75.8333533891,71.8727119427,66.6310673083,61.1817384746,57.5354942312,55.6926087778,56.6497043585,52.6074275513,50.5215721035,50.5867827974,49.6240757056,48.1912858869	4	exponential	0.04	88000,,
99012	0.0,1.0,2.0,3.0,4.0,5.0,6.0,7.0,8.0,9.0,10.0,11.0,12.0,13.0,14.0,15.0,16.0,17.0,18.0,19.0	219.515676141,192.953518053,171.703636939,157.021137102,139.846859456,130.82460135,117.71168315,111.145181833,104.36034018,99.9657071049,95.0981746196,87.7354434639,85.9785740634,83.0212521211,81.0228923927,79.3735703302,78.5300113258,77.7503395021,73.9344358517,72.9498988549	4	exponential	0.04	88000,,
97947	0.0,1.0,2.0,3.0,4.0,5.0,6.0,7.0,8.0,9.0,10.0,11.0,12.0,13.0,14.0,15.0,16.0,17.0,18.0,19.0	42.9886511148,16.7746577969,-2.62786371979,-20.6959440846,-33.5855325191,-48.5849086027,-57.8819764194,-67.1357407573,-71.680913723,-80.3364971493,-83.0434181173,-88.8071212041,-90.8020861226,-92.1659130607,-96.207098714,-98.8297814045,-100.565858593,-101.324914969,-104.144739981,-100.891449742	4	exponential	0.04	88000,,
97801	0.0,1.0,2.0,3.0,4.0,5.0,6.0,7.0,8.0,9.0,10.0,11.0,12.0,13.0,14.0,15.0,16.0,17.0,18.0,19.0	141.51307686,113.697378778,96.824678652,78.9434388318,64.6121373512,52.0796486458,42.3041731462,33.527254913,25.3340526045,20.1840999049,14.7814168704,9.07958764335,8.41262170511,6.09049153248,1.90343654387,0.727086362122,-0.689014399739,-2.33244511322,-3.88485465159,-5.415021854	4	exponential	0.04	88000,,
99516	0.0,1.0,2.0,3.0,4.0,5.0,6.0,7.0,8.0,9.0,10.0,11.0,12.0,13.0,14.0,15.0,16.0,17.0,18.0,19.0	118.656390701,92.92373272,74.2596567419,53.1363419476,42.256057346,28.5975605599,18.4188696867,10.3481921372,2.56154414824,-3.40319977969,-5.68438781259,-10.7150017846,-16.9485866973,-18.6011527709,-21.3471721125,-21.3537104157,-22.0767199851,-23.4426804592,-27.3870743936,-28.4646976027	4	exponential	0.04	88000,,
96803	0.0,1.0,2.0,3.0,4.0,5.0,6.0,7.0,8.0,9.0,10.0,11.0,12.0,13.0,14.0,15.0,16.0,17.0,18.0,19.0	213.453200084,187.753463037,165.529922862,150.058098628,134.38158306,123.710888732,112.802717397,102.740556763,98.8748441474,90.2318783246,85.9143862156,82.3507857715,79.4024895335,75.0143524964,75.2692917721,73.3718224102,71.1015673237,66.852039223,69.453171016,67.4370509187	4	exponential	0.04	88000,,
99023	0.0,1.0,2.0,3.0,4.0,5.0,6.0,7.0,8.0,9.0,10.0,11.0,12.0,13.0,14.0,15.0,16.0,17.0,18.0,19.0	278.328445768,255.627500469,231.790423131,215.011166464,201.696323774,187.475564127,178.08461989,169.806909392,163.551469343,157.043189374,155.097929082,148.380917625,145.869777414,142.399004683,141.703440889,139.39808363,135.455290476,135.24960172,135.918660931,133.878400335	4	exponential	0.04	88000,,
97504	0.0,1.0,2.0,3.0,4.0,5.0,6.0,7.0,8.0,9.0,10.0,11.0,12.0,13.0,14.0,15.0,16.0,17.0,18.0,19.0	143.593410478,115.801407156,96.1897045806,78.7273490006,65.1060489624,54.4889467498,44.3219676892,35.0311834995,27.2115396358,20.0523420574,17.4652052717,12.9075579707,10.5752432686,5.93326468482,3.39716581605,4.22959723052,2.27168978524,1.10346491435,-1.6178600471,-4.21276498726	4	exponential	0.04	88000,,
98075	0.0,1.0,2.0,3.0,4.0,5.0,6.0,7.0,8.0,9.0,10.0,11.0,12.0,13.0,14.0,15.0,16.0,17.0,18.0,19.0	293.871120831,267.719782137,246.002681921,231.25588232,215.733262009,205.645953198,194.88270607,186.901153833,180.685606674,172.73549835,165.990130965,165.359254288,162.021950181,157.080915031,156.446442324,154.443459023,152.715745869,149.25776852,149.47559878,147.230536363	4	exponential	0.04	88000,,
99685	0.0,1.0,2.0,3.0,4.0,5.0,6.0,7.0,8.0,9.0,10.0,11.0,12.0,13.0,14.0,15.0,16.0,17.0,18.0,19.0	216.290670231,189.961277312,169.765388141,154.246375821,139.498919758,126.530799187,116.245914337,107.943564582,103.904498268,98.1409447153,90.2104688472,87.4388186044,85.3945709657,79.8923606,79.4373065929,76.9585533815,76.6302200198,73.506385415,72.9159807467,72.6330920923	4	exponential	0.04	88000,,
97091	0.0,1.0,2.0,3.0,4.0,5.0,6.0,7.0,8.0,9.0,10.0,11.0,12.0,13.0,14.0,15.0,16.0,17.0,18.0,19.0	238.143970867,209.824409046,190.401186248,173.461195328,158.089039505,147.261951824,135.981701816,127.902669487,121.187561696,115.286294353,109.876504865,105.603913289,104.720302517,98.3892647659,97.395569293,97.3848664367,95.4022352519,93.5123493419,90.9145497608,91.306128132	4	exponential	0.04	88000,,
97097	0.0,1.0,2.0,3.0,4.0,5.0,6.0,7.0,8.0,9.0,10.0,11.0,12.0,13.0,14.0,15.0,16.0,17.0,18.0,19.0	292.450549736,267.787459871,247.85907725,229.144334586,213.924342729,203.731383097,194.778315095,184.041081704,177.743494639,173.301066673,167.320626109,160.888719223,159.338392226,158.272796154,154.585645964,150.507471999,152.726530078,149.226174826,146.433954987,147.990445814	4	exponential	0.04	88000,,
99528	0.0,1.0,2.0,3.0,4.0,5.0,6.0,7.0,8.0,9.0,10.0,11.0,12.0,13.0,14.0,15.0,16.0,17.0,18.0,19.0	111.139272676,86.2249740265,64.9891477484,46.6137157946,30.2421647113,21.8915501013,11.7405103003,3.40152099079,-6.45085001179,-11.287478156,-15.6183306435,-19.7392126528,-24.9926114964,-26.0603205167,-30.2801149658,-31.7415179231,-31.0568699477,-33.9878992585,-34.2313690005,-37.2137195593	4	exponential	0.04	88000,,
98072	0.0,1.0,2.0,3.0,4.0,5.0,6.0,7.0,8.0,9.0,10.0,11.0,12.0,13.0,14.0,15.0,16.0,17.0,18.0,19.0	129.762200946,105.444840334,82.875581782,63.604884846,52.9873291256,39.2514072287,30.5417728782,20.3184171591,12.5115852031,5.83959543849,4.99176590092,-0.79947979673,-5.92113387261,-7.09418820305,-9.51600678251,-9.67185167155,-11.3300109424,-13.2149346257,-14.4425077009,-18.0684416992	4	exponential	0.04	88000,,
99251	0.0,1.0,2.0,3.0,4.0,5.0,6.0,7.0,8.0,9.0,10.0,11.0,12.0,13.0,14.0,15.0,16.0,17.0,18.0,19.0	102.868613985,78.9525010192,58.1856603937,42.769752338,26.1825139979,14.2822660251,7.00481328456,-4.13082189342,-11.7711914728,-17.7500081048,-18.8165596746,-26.972399557,-28.7784748291,-30.0866177588,-32.5658020117,-34.1130306589,-35.1301919336,-36.4864515548,-41.14401989,-38.6476293975	4	exponential	0.04	88000,,
96654	0.0,1.0,2.0,3.0,4.0,5.0,6.0,7.0,8.0,9.0,10.0,11.0,12.0,13.0,14.0,15.0,16.0,17.0,18.0,19.0	188.644246696,163.660576818,143.186039107,125.753388167,108.529165747,96.0244648096,89.4668318202,77.9662672987,71.5158801534,67.5869790662,63.855956078,57.9537674856,53.9442520009,53.2837134083,49.5794035154,47.0866447665,44.3708359383,46.1087665261,41.7953194321,43.2980455329	4	exponential	0.04	88000,,
99661	0.0,1.0,2.0,3.0,4.0,5.0,6.0,7.0,8.0,9.0,10.0,11.0,12.0,13.0,14.0,15.0,16.0,17.0,18.0,19.0	284.687829336,260.729805737,241.419222281,223.15526051,207.849143416,196.107321316,186.406986973,179.128886822,171.679229915,164.212762465,160.226924318,154.463503032,154.049484067,152.101305584,148.908611536,145.635361663,144.213479178,144.337541178,141.132143268,141.462752638	4	exponential	0.04	88000,,
99810	0.0,1.0,2.0,3.0,4.0,5.0,6.0,7.0,8.0,9.0,10.0,11.0,12.0,13.0,14.0,15.0,16.0,17.0,18.0,19.0	57.8319492019,33.2315495195,13.7955984262,-2.62993757147,-20.1221537666,-30.7219585999,-39.4964799832,-50.6693017951,-55.1726559032,-62.4947979285,-66.896333495,-69.7590831379,-71.9491860221,-75.2976295073,-78.0111075337,-80.8671514477,-84.5396012133,-85.806582976,-85.278474825,-84.3103951259	4	exponential	0.04	88000,,
96805	0.0,1.0,2.0,3.0,4.0,5.0,6.0,7.0,8.0,9.0,10.0,11.0,12.0,13.0,14.0,15.0,16.0,17.0,18.0,19.0	214.999141615,189.608184826,169.683500103,150.90343247,136.545843001,122.805631725,114.061798189,103.800926448,98.3385016713,91.8441900353,88.7494636465,82.5836450541,80.8256244792,79.2471281015,76.9914152694,74.6306014913,72.7470899099,68.9339582803,68.5993319532,67.254070402	4	exponential	0.04	88000,,
98302	0.0,1.0,2.0,3.0,4.0,5.0,6.0,7.0,8.0,9.0,10.0,11.0,12.0,13.0,14.0,15.0,16.0,17.0,18.0,19.0	201.801769673,178.352606224,156.632006802,141.133755828,123.998479198,112.823348851,102.659605933,95.940659022,86.0958840301,79.8351208151,76.588289261,73.4648701776,68.7439575894,67.175949203,66.2846178209,63.8405432259,61.1780490129,60.8459000314,57.5426152867,58.0966757999	4	exponential	0.04	88000,,
97602	0.0,1.0,2.0,3.0,4.0,5.0,6.0,7.0,8.0,9.0,10.0,11.0,12.0,13.0,14.0,15.0,16.0,17.0,18.0,19.0	63.8946844716,36.666703389,16.0282441211,-0.481481513498,-16.4003783404,-29.9691182542,-37.3664664247,-47.3528542893,-53.1830947756,-58.7485859343,-63.9877562287,-66.2798524095,-71.0043505202,-72.0629729596,-76.6152444361,-80.007449183,-81.2367104301,-79.2632189645,-83.7393855906,-82.5842310423	4	exponential	0.04	88000,,
99695	0.0,1.0,2.0,3.0,4.0,5.0,6.0,7.0,8.0,9.0,10.0,11.0,12.0,13.0,14.0,15.0,16.0,17.0,18.0,19.0	276.890826376,254.643797308,231.686941677,216.859317797,200.479845884,187.74508954,178.449636587,171.963342322,162.9188232,159.022365507,154.441972059,149.914638822,145.236039616,144.451082478,138.032179019,139.176235676,138.41832961,136.914706317,133.22279439,134.006784156	4	exponential	0.04	88000,,
96509	0.0,1.0,2.0,3.0,4.0,5.0,6.0,7.0,8.0,9.0,10.0,11.0,12.0,13.0,14.0,15.0,16.0,17.0,18.0,19.0	150.851049267,126.212808571,106.445732119,89.745276576,74.1566759964,59.6747848229,53.0315076133,43.1884919857,37.4411203918,29.7368480906,24.6929375461,19.8488365356,15.819153316,13.6334993803,13.7351894185,9.53783921876,8.31559109735,8.78024461668,7.77211318997,4.59686173166	4	exponential	0.04	88000,,
97457	0.0,1.0,2.0,3.0,4.0,5.0,6.0,7.0,8.0,9.0,10.0,11.0,12.0,13.0,14.0,15.0,16.0,17.0,18.0,19.0	229.94401782,205.432133224,180.914628826,167.239788211,149.365848676,139.834338545,129.097681885,120.286759649,114.56273194,105.606040906,103.752669189,97.3270390118,94.3585862652,90.3154106971,89.8664345352,87.7167708545,84.7906435257,85.9684440574,82.5976268311,84.5518292037	4	exponential	0.04	88000,,
98768	0.0,1.0,2.0,3.0,4.0,5.0,6.0,7.0,8.0,9.0,10.0,11.0,12.0,13.0,14.0,15.0,16.0,17.0,18.0,19.0	15.9510111494,-11.7511377554,-32.1958790742,-46.5460041241,-60.6286238174,-73.8859319025,-82.976088451,-95.0932367878,-100.612420202,-105.075835131,-111.082521811,-115.41577555,-118.860596282,-122.695250158,-124.862556877,-125.968700693,-125.685895798,-127.326186942,-127.6140505,-130.667779759	4	exponential	0.04	88000,,
97928	0.0,1.0,2.0,3.0,4.0,5.0,6.0,7.0,8.0,9.0,10.0,11.0,12.0,13.0,14.0,15.0,16.0,17.0,18.0,19.0	258.250594303,232.172665477,212.726869556,195.081988844,179.470658763,169.046166314,157.739698421,149.268098686,143.967257402,135.789223453,134.146671399,127.553559108,123.967844825,123.2679387,120.3459156,119.457007709,115.146596477,113.403408439,114.048692469,112.763860103	4	exponential	0.04	88000,,
97173	0.0,1.0,2.0,3.0,4.0,5.0,6.0,7.0,8.0,9.0,10.0,11.0,12.0,13.0,14.0,15.0,16.0,17.0,18.0,19.0	216.988206946,191.221480095,171.690937643,152.851931735,137.799701808,127.310158779,116.569276529,109.289192052,101.879247151,97.4284293025,91.3597964191,86.5266495989,84.742249314,82.4226498927,78.8197757626,76.8929333756,75.0890114779,73.3724067105,72.5416766506,71.9759224243	4	exponential	0.04	88000,,
99027	0.0,1.0,2.0,3.0,4.0,5.0,6.0,7.0,8.0,9.0,10.0,11.0,12.0,13.0,14.0,15.0,16.0,17.0,18.0,19.0	52.1652786301,28.1640251713,3.89899940107,-13.301065428,-23.9457974726,-36.6627643841,-46.2744683971,-55.0427822643,-61.3772486955,-67.4455821624,-73.1902831663,-76.7679968876,-80.6200826076,-85.5253904359,-85.603869394,-89.3037801844,-88.6434891555,-92.8482043131,-91.3584334481,-95.0565033266	4	exponential	0.04	88000,,
96246	0.0,1.0,2.0,3.0,4.0,5.0,6.0,7.0,8.0,9.0,10.0,11.0,12.0,13.0,14.0,15.0,16.0,17.0,18.0,19.0	163.724065456,137.608188474,118.229029422,101.114133193,84.0651350924,74.0107916673,60.7281762843,53.8188839945,48.8940838009,39.5030875427,35.734633333,30.8422405466,30.2001802007,27.6445589486,23.2432448794,21.4653239287,22.0548665455,17.2098997771,16.1056239612,17.0919818309	4	exponential	0.04	88000,,
96370	0.0,1.0,2.0,3.0,4.0,5.0,6.0,7.0,8.0,9.0,10.0,11.0,12.0,13.0,14.0,15.0,16.0,17.0,18.0,19.0	38.6799066781,11.7987966554,-7.18945354887,-24.8372679329,-42.5140106824,-52.8721627183,-61.1300372286,-72.2518227789,-78.2425386537,-85.1140020737,-87.8306643487,-92.6946928749,-94.4781429778,-100.890159539,-99.2766246967,-102.249815774,-104.004069225,-105.487666686,-109.080688987,-108.677053135	4	exponential	0.04	88000,,
99832	0.0,1.0,2.0,3.0,4.0,5.0,6.0,7.0,8.0,9.0,10.0,11.0,12.0,13.0,14.0,15.0,16.0,17.0,18.0,19.0	173.057260534,146.141974874,123.584267513,107.487165826,92.7483234438,81.8035932154,73.5562858833,62.1950444372,56.5418332407,48.7440094107,47.1419942292,42.774180295,39.0038489678,33.7220040795,34.4157323207,33.0258625333,29.8124129653,26.2041310177,27.6956785645,27.2764348413	4	exponential	0.04	88000,,
97006	0.0,1.0,2.0,3.0,4.0,5.0,6.0,7.0,8.0,9.0,10.0,11.0,12.0,13.0,14.0,15.0,16.0,17.0,18.0,19.0	121.077836486,99.7301319813,74.7253020392,60.7636086779,44.3912001128,34.4828003874,24.7722069185,13.2033006266,7.59768658155,1.73889002771,-4.09771446772,-7.75050663164,-10.5234876869,-14.8405756335,-17.6419126634,-19.680900981,-19.6856915115,-18.4891720853,-22.2216470801,-23.733455912	4	exponential	0.04	88000,,
99809	0.0,1.0,2.0,3.0,4.0,5.0,6.0,7.0,8.0,9.0,10.0,11.0,12.0,13.0,14.0,15.0,16.0,17.0,18.0,19.0	273.701284236,251.156743506,227.624718084,212.013237995,195.120225738,184.749998923,172.394473019,164.426717968,159.437243691,151.994375385,147.256195746,144.426013841,142.439147249,138.732779464,135.769057385,132.87003126,133.251599512,132.098428454,127.739826147,128.565241676	4	exponential	0.04	88000,,
98012	0.0,1.0,2.0,3.0,4.0,5.0,6.0,7.0,8.0,9.0,10.0,11.0,12.0,13.0,14.0,15.0,16.0,17.0,18.0,19.0	187.830184809,161.325892576,140.490567431,125.486030892,111.795599539,100.474248541,86.9751841599,78.9501761961,72.9808667712,67.7048022903,64.5294734921,57.1586103421,54.0380145025,54.3988857215,52.1802017407,46.696961214,45.0679960739,43.4789507289,44.4317119618,42.7070040668	4	exponential	0.04	88000,,
97925	0.0,1.0,2.0,3.0,4.0,5.0,6.0,7.0,8.0,9.0,10.0,11.0,12.0,13.0,14.0,15.0,16.0,17.0,18.0,19.0	42.1259753463,17.5982917598,-3.05534480369,-18.8721067297,-35.8388688768,-46.415442996,-58.2689563982,-65.5607058029,-72.2478247768,-78.9869554669,-81.0479102671,-85.0817492545,-92.4208646265,-95.2378873398,-94.0463656985,-97.0782493358,-99.503142867,-100.648281084,-101.648622129,-101.510658664	4	exponential	0.04	88000,,
96495	0.0,1.0,2.0,3.0,4.0,5.0,6.0,7.0,8.0,9.0,10.0,11.0,12.0,13.0,14.0,15.0,16.0,17.0,18.0,19.0	44.5903052833,19.9394182912,-2.54041804866,-19.5825898729,-34.6227828257,-48.7446942287,-55.0474891004,-66.6233012498,-73.751077541,-79.8991745772,-84.2248824421,-88.11144649,-88.3870084564,-90.9446035873,-93.9679444594,-97.6161447206,-100.523994619,-99.8879787269,-99.2542627226,-102.240830892	4	exponential	0.04	88000,,
99518	0.0,1.0,2.0,3.0,4.0,5.0,6.0,7.0,8.0,9.0,10.0,11.0,12.0,13.0,14.0,15.0,16.0,17.0,18.0,19.0	41.8003268351,17.628211,-5.79504100531,-23.1160394326,-36.9576400407,-45.6113755026,-56.4163699128,-65.3227821054,-71.5479654213,-77.1919409823,-82.8822654998,-89.573060462,-93.1736270814,-94.9861906855,-96.8716381064,-97.3539853735,-101.371058677,-102.673139812,-101.380654209,-103.894346081	4	exponential	0.04	88000,,
96764	0.0,1.0,2.0,3.0,4.0,5.0,6.0,7.0,8.0,9.0,10.0,11.0,12.0,13.0,14.0,15.0,16.0,17.0,18.0,19.0	162.840139813,134.374932098,117.475808896,98.3556242197,85.3541801133,70.3923463395,60.8966737157,53.1817157067,45.0370846338,40.3100514894,36.9098604741,32.7821842605,28.3627942726,25.8765467818,23.1895694196,20.758730792,21.0207180623,16.4734337713,18.3241297996,17.9003952351	4	exponential	0.04	88000,,
99662	0.0,1.0,2.0,3.0,4.0,5.0,6.0,7.0,8.0,9.0,10.0,11.0,12.0,13.0,14.0,15.0,16.0,17.0,18.0,19.0	181.551725345,155.734329504,136.304089702,120.823834694,103.062840593,93.9328910886,84.6875546496,73.9371090086,69.248427499,62.590122998,55.8395977866,52.6206045633,48.0306388236,44.7428674145,42.6383980549,40.1308973715,42.494991891,37.1382511173,37.333845823,35.6048109318	4	exponential	0.04	88000,,
98582	0.0,1.0,2.0,3.0,4.0,5.0,6.0,7.0,8.0,9.0,10.0,11.0,12.0,13.0,14.0,15.0,16.0,17.0,18.0,19.0	109.760816209,85.8134705785,62.9927877083,47.1828823128,30.2663801848,21.6331848796,8.11581257248,0.817874343034,-3.93239667877,-11.5346076029,-15.6105561058,-19.7578666594,-23.7619020077,-27.7072553929,-30.1238614999,-32.7813056436,-33.385552693,-32.8386969645,-33.2210180672,-34.7289098348	4	exponential	0.04	88000,,
97080	0.0,1.0,2.0,3.0,4.0,5.0,6.0,7.0,8.0,9.0,10.0,11.0,12.0,13.0,14.0,15.0,16.0,17.0,18.0,19.0	43.3875736486,16.4920806971,-2.08832701997,-22.5929979453,-35.5469533394,-46.7105043774,-57.1431472404,-67.3855691663,-72.4952211483,-79.8867170444,-84.2547513639,-87.3182603025,-92.3960848761,-94.4078476026,-94.0138224951,-96.6490444894,-99.7260310254,-100.064272624,-102.776564245,-103.045246964	4	exponential	0.04	88000,,
96993	0.0,1.0,2.0,3.0,4.0,5.0,6.0,7.0,8.0,9.0,10.0,11.0,12.0,13.0,14.0,15.0,16.0,17.0,18.0,19.0	136.232760712,110.920823741,88.1621483339,73.5435365917,56.5624583519,45.4361628892,37.2105403464,28.1219514506,20.422663631,15.7923466524,9.37484744685,5.80705820884,0.0934257816519,-2.32655623137,-4.46466489787,-6.53415407364,-5.44178037045,-7.37271053197,-11.2344311005,-8.48489888315	4	exponential	0.04	88000,,
97818	0.0,1.0,2.0,3.0,4.0,5.0,6.0,7.0,8.0,9.0,10.0,11.0,12.0,13.0,14.0,15.0,16.0,17.0,18.0,19.0	215.969556026,188.487914784,170.250403985,149.218061204,138.798621835,122.919773516,115.768842906,104.152041501,97.7751081683,92.6579102521,88.5325119058,84.4699423173,80.7311032242,77.1274070512,75.8580817315,72.3700905384,72.5811986432,69.0261687391,71.4014451148,69.4141739568	4	exponential	0.04	88000,,
96950	0.0,1.0,2.0,3.0,4.0,5.0,6.0,7.0,8.0,9.0,10.0,11.0,12.0,13.0,14.0,15.0,16.0,17.0,18.0,19.0	60.5343754252,37.9639629661,15.8720228222,-3.88212522894,-15.6687206572,-26.3743562609,-38.847140641,-48.0548983983,-55.0224009665,-57.9180321838,-65.4161581082,-68.8613987456,-73.2385112426,-75.0310617988,-76.6187516309,-78.9143514829,-78.8502449415,-82.1012070538,-84.5311732859,-85.8606018165	4	exponential	0.04	88000,,
98370	0.0,1.0,2.0,3.0,4.0,5.0,6.0,7.0,8.0,9.0,10.0,11.0,12.0,13.0,14.0,15.0,16.0,17.0,18.0,19.0	48.8223449577,23.1693432289,2.81608507057,-16.6490910002,-28.8942347375,-44.0204556084,-53.7775977007,-60.7635554452,-66.8358228079,-72.5121415325,-77.1876054367,-83.9147554898,-87.8638322864,-91.2529706936,-90.4402112871,-94.4739967406,-96.3229166697,-96.9725595434,-99.33485132,-97.6799755022	4	exponential	0.04	88000,,
97211	0.0,1.0,2.0,3.0,4.0,5.0,6.0,7.0,8.0,9.0,10.0,11.0,12.0,13.0,14.0,15.0,16.0,17.0,18.0,19.0	15.942146536,-9.88716003751,-32.0346497284,-46.7245592633,-63.6622698881,-74.3989365694,-85.0290737744,-93.8328585932,-101.371857668,-107.027006752,-110.075674051,-115.165394586,-116.822886222,-119.63239803,-122.358745744,-125.576498443,-126.566755296,-127.851498437,-130.181886074,-129.462789799	4	exponential	0.04	88000,,
98803	0.0,1.0,2.0,3.0,4.0,5.0,6.0,7.0,8.0,9.0,10.0,11.0,12.0,13.0,14.0,15.0,16.0,17.0,18.0,19.0	119.392936566,96.0817533014,76.3579167367,59.5504353277,45.8717693679,31.8279451133,20.7650882442,14.1520237249,5.47046176464,1.69476491631,-5.97768765572,-8.00958722779,-12.5582874306,-13.9291925537,-16.4361709808,-18.126807127,-21.2380415855,-20.1691692625,-21.0463699879,-24.2452984494	4	exponential	0.04	88000,,
98057	0.0,1.0,2.0,3.0,4.0,5.0,6.0,7.0,8.0,9.0,10.0,11.0,12.0,13.0,14.0,15.0,16.0,17.0,18.0,19.0	145.161877046,120.254653601,99.1582003024,81.9220428049,66.276688843,52.4903351856,44.2195199609,33.7336323602,29.1552278134,20.3655799985,15.2796050445,15.421101597,10.805138017,7.89460108643,5.85418960082,2.95188487479,1.09036223915,-0.193675054443,0.230318884412,-3.27607101602	4	exponential	0.04	88000,,
99545	0.0,1.0,2.0,3.0,4.0,5.0,6.0,7.0,8.0,9.0,10.0,11.0,12.0,13.0,14.0,15.0,16.0,17.0,18.0,19.0	23.0999056006,-2.938323064,-22.3123444602,-42.5457659921,-55.4570822374,-69.149601757,-77.2412595144,-83.3018519698,-93.1546524042,-96.1472002531,-103.916278166,-108.164103714,-110.793080274,-112.377606922,-116.991626262,-118.514620809,-120.553890583,-119.200315297,-120.042959468,-122.496805989	4	exponential	0.04	88000,,
98000	0.0,1.0,2.0,3.0,4.0,5.0,6.0,7.0,8.0,9.0,10.0,11.0,12.0,13.0,14.0,15.0,16.0,17.0,18.0,19.0	217.461690394,192.791386349,171.81041832,152.69506486,138.85907743,126.889208502,116.889347203,109.688217086,103.025303351,95.0370180281,90.0014470306,86.8578911807,81.8885848422,79.6568039868,77.7867575757,76.4620632286,75.2564300974,75.0645301451,71.1076092594,71.0400033854	4	exponential	0.04	88000,,
99079	0.0,1.0,2.0,3.0,4.0,5.0,6.0,7.0,8.0,9.0,10.0,11.0,12.0,13.0,14.0,15.0,16.0,17.0,18.0,19.0	158.458900824,133.125996666,109.9166131,93.4506677904,78.203673636,67.7451089858,56.9018393355,46.3964394554,41.407849716,34.647387567,30.5615268074,27.361122905,21.7266197657,21.6977456753,19.1068423014,18.4553082029,13.8713666627,13.4695955407,11.6293454153,10.114935872	4	exponential	0.04	88000,,
99595	0.0,1.0,2.0,3.0,4.0,5.0,6.0,7.0,8.0,9.0,10.0,11.0,12.0,13.0,14.0,15.0,16.0,17.0,18.0,19.0	196.348922573,174.897958115,154.708150676,136.395356699,119.491621147,109.531711612,98.4127646026,92.2784863803,83.8371112704,79.0337913192,73.3508298914,69.6445949815,65.7030770233,64.3973837416,61.531935417,60.0557883934,54.4624526018,54.7328763876,53.563541997,53.02427071	4	exponential	0.04	88000,,
96113	0.0,1.0,2.0,3.0,4.0,5.0,6.0,7.0,8.0,9.0,10.0,11.0,12.0,13.0,14.0,15.0,16.0,17.0,18.0,19.0	106.538941303,79.8205075795,61.2674027644,39.9325644271,28.0589435541,14.3636523862,6.39665060944,-3.41146292796,-10.8224132533,-14.2343808077,-18.7864867025,-23.0106264586,-26.0136807024,-31.0234994839,-34.8616274595,-35.5188226798,-37.4059247812,-36.9571736366,-37.0164116307,-41.4639822879	4	exponential	0.04	88000,,
99383	0.0,1.0,2.0,3.0,4.0,5.0,6.0,7.0,8.0,9.0,10.0,11.0,12.0,13.0,14.0,15.0,16.0,17.0,18.0,19.0	275.074675195,249.272258185,229.923189345,212.196287388,195.838991979,187.29790522,175.772875535,167.961616204,158.162737992,152.669950695,148.686545071,146.743097103,142.586386597,140.66484121,135.160457918,133.074896765,134.852665867,132.683055909,132.152012495,128.791596459	4	exponential	0.04	88000,,
96688	0.0,1.0,2.0,3.0,4.0,5.0,6.0,7.0,8.0,9.0,10.0,11.0,12.0,13.0,14.0,15.0,16.0,17.0,18.0,19.0	153.364872253,130.845252899,109.078730961,89.4078631451,78.6586378155,63.5267194027,56.954475726,45.3429989406,38.7465355801,35.0532194277,28.1524462247,23.4631148624,20.0374162091,19.4875185711,18.164714521,13.1795604384,11.8979868475,12.2653433628,9.97608266245,9.10553615941	4	exponential	0.04	88000,,
99279	0.0,1.0,2.0,3.0,4.0,5.0,6.0,7.0,8.0,9.0,10.0,11.0,12.0,13.0,14.0,15.0,16.0,17.0,18.0,19.0	132.223092942,108.519097779,88.415807125,71.0229616951,53.7524262201,44.1536106585,34.3966204131,23.8352127789,16.6513151806,10.9010284995,8.97078925774,2.06326461765,-2.66603164315,-5.06568986767,-6.79051112791,-9.51726249026,-10.5025220235,-10.7946448556,-9.74371935284,-11.4772656382	4	exponential	0.04	88000,,
98808	0.0,1.0,2.0,3.0,4.0,5.0,6.0,7.0,8.0,9.0,10.0,11.0,12.0,13.0,14.0,15.0,16.0,17.0,18.0,19.0	277.265199895,254.506374151,233.926681176,213.395652226,201.070196397,186.496259659,178.727892,168.557120655,162.88746732,156.783037784,151.843077831,149.598201219,144.548525959,143.011724202,141.321514264,137.536326375,137.921748997,134.577728022,135.645649629,134.435374048	4	exponential	0.04	88000,,
97193	0.0,1.0,2.0,3.0,4.0,5.0,6.0,7.0,8.0,9.0,10.0,11.0,12.0,13.0,14.0,15.0,16.0,17.0,18.0,19.0	60.1209795971,38.6024920322,17.7228892978,-1.50235880192,-17.5748821479,-27.5388538967,-36.5241968348,-44.6451871497,-51.4873398936,-58.3974379483,-63.3413878859,-66.5116462698,-72.8646602777,-74.7263146345,-74.8201754407,-79.7452735337,-78.5372702562,-79.4069894277,-83.1240307267,-83.4394609975	4	exponential	0.04	88000,,
96024	0.0,1.0,2.0,3.0,4.0,5.0,6.0,7.0,8.0,9.0,10.0,11.0,12.0,13.0,14.0,15.0,16.0,17.0,18.0,19.0	283.003726057,260.627698097,237.418396035,220.883797351,204.808280422,194.070016524,185.24948404,173.968275214,170.380638578,164.439267931,158.126845885,152.559447026,149.206704779,147.624662691,145.837146114,143.528176212,139.854614322,139.52675494,137.739705754,138.018589318	4	exponential	0.04	88000,,
99103	0.0,1.0,2.0,3.0,4.0,5.0,6.0,7.0,8.0,9.0,10.0,11.0,12.0,13.0,14.0,15.0,16.0,17.0,18.0,19.0	187.424040315,165.60881578,143.377685449,127.268052556,108.988581749,98.1237310667,90.086951855,80.7434181799,74.0548902848,66.4212924659,62.6824507206,58.0834859279,57.2574369915,54.3683333589,50.8079507549,46.4532892475,48.5793961867,44.8716244148,43.2379574069,43.6443765973	4	exponential	0.04	88000,,
96636	0.0,1.0,2.0,3.0,4.0,5.0,6.0,7.0,8.0,9.0,10.0,11.0,12.0,13.0,14.0,15.0,16.0,17.0,18.0,19.0	156.938336721,132.569942681,112.470836644,93.5343491074,76.5671127919,67.0743167212,56.7937588048,47.1915423611,41.576206073,34.8430913983,31.8247502357,25.1624463041,22.9059501833,19.5835478121,19.039637088,16.4948868105,12.831238528,11.209838361,11.8182356341,11.3961520102	4	exponential	0.04	88000,,
98786	0.0,1.0,2.0,3.0,4.0,5.0,6.0,7.0,8.0,9.0,10.0,11.0,12.0,13.0,14.0,15.0,16.0,17.0,18.0,19.0	256.95988872,234.17397344,211.407405441,194.454534295,178.709829045,168.728297948,157.226266582,149.912114962,142.42261664,135.984419236,130.256973365,129.670573295,126.495786208,121.079876639,119.102969016,119.303062977,115.19696187,114.468526617,111.816889684,110.699433292	4	exponential	0.04	88000,,
96321	0.0,1.0,2.0,3.0,4.0,5.0,6.0,7.0,8.0,9.0,10.0,11.0,12.0,13.0,14.0,15.0,16.0,17.0,18.0,19.0	8.13556242316,-19.5802530342,-39.4772997124,-56.9273720634,-71.9900549117,-83.0399753048,-92.4097821407,-102.362108302,-106.4953657,-113.832438132,-117.427357878,-123.825652756,-124.146296875,-127.708164013,-129.928058073,-132.772272044,-136.875509047,-134.742987624,-137.85906223,-139.149833362	4	exponential	0.04	88000,,
97575	0.0,1.0,2.0,3.0,4.0,5.0,6.0,7.0,8.0,9.0,10.0,11.0,12.0,13.0,14.0,15.0,16.0,17.0,18.0,19.0	97.5274317358,69.9306860172,51.6078593731,33.9876332072,16.7764353099,6.42631702718,-4.07752247711,-12.3010093508,-19.1872180705,-22.7822401505,-29.5313912212,-35.3487561279,-37.1230124564,-40.5864180566,-41.9772707379,-44.3669839641,-46.6813340436,-47.155805663,-46.6549384696,-48.8665747014	4	exponential	0.04	88000,,
98764	0.0,1.0,2.0,3.0,4.0,5.0,6.0,7.0,8.0,9.0,10.0,11.0,12.0,13.0,14.0,15.0,16.0,17.0,18.0,19.0	217.850585852,192.892075172,171.862106408,152.4363025,140.97197594,127.53697467,117.415462433,110.007313397,101.2982609,95.8478201393,92.7226942626,88.2762996818,85.2128718778,81.0334642479,79.1243124257,76.2516195607,76.8440837128,71.7377980885,72.2815206425,73.3901994606	4	exponential	0.04	88000,,
99207	0.0,1.0,2.0,3.0,4.0,5.0,6.0,7.0,8.0,9.0,10.0,11.0,12.0,13.0,14.0,15.0,16.0,17.0,18.0,19.0	282.129539447,254.419490231,232.776483286,218.294531284,202.870208572,189.197916665,180.024695916,171.326395487,166.350099275,159.568951213,154.079550058,150.938853169,149.152861789,145.52432053,142.372338958,141.22385075,138.145838639,139.116215991,134.630301545,135.026326817	4	exponential	0.04	88000,,
99044	0.0,1.0,2.0,3.0,4.0,5.0,6.0,7.0,8.0,9.0,10.0,11.0,12.0,13.0,14.0,15.0,16.0,17.0,18.0,19.0	243.050417827,219.186882564,198.298233897,179.52554504,167.165298197,154.941989867,142.022673332,133.914299541,127.536610076,124.380030413,115.99523008,115.965442251,109.241646694,106.595232058,104.875735794,101.565614424,101.508281054,101.540556155,99.833205736,99.085822959	4	exponential	0.04	88000,,
98518	0.0,1.0,2.0,3.0,4.0,5.0,6.0,7.0,8.0,9.0,10.0,11.0,12.0,13.0,14.0,15.0,16.0,17.0,18.0,19.0	63.7923873488,35.6228696808,16.929482006,0.749602147462,-17.1029385133,-29.1098872288,-35.3235305955,-44.529182303,-53.8583136175,-58.6253627896,-62.2774596418,-66.4367034114,-69.7055090366,-75.3386241594,-74.0161130346,-77.7388140217,-77.7965485573,-81.6800512584,-80.8136613027,-80.6259401621	4	exponential	0.04	88000,,
99957	0.0,1.0,2.0,3.0,4.0,5.0,6.0,7.0,8.0,9.0,10.0,11.0,12.0,13.0,14.0,15.0,16.0,17.0,18.0,19.0	8.2983905435,-16.8747697947,-34.2354529564,-55.4161783975,-69.9619374492,-79.3203524401,-91.7352524439,-98.1174136086,-105.662437485,-113.382974505,-114.975947632,-122.073796433,-123.540831151,-126.546458512,-127.458441555,-131.070257662,-133.178560873,-134.822234978,-135.875922854,-134.161619264	4	exponential	0.04	88000,,
97872	0.0,1.0,2.0,3.0,4.0,5.0,6.0,7.0,8.0,9.0,10.0,11.0,12.0,13.0,14.0,15.0,16.0,17.0,18.0,19.0	245.060527512,219.179657016,197.308960517,179.086823285,168.052745325,152.464569361,145.154408748,136.815035022,127.479553426,121.798460849,116.789394649,112.723206657,109.854670374,107.106900887,106.455874415,101.804883268,103.944762123,99.985003616,99.2001005691,96.7433357976	4	exponential	0.04	88000,,
99819	0.0,1.0,2.0,3.0,4.0,5.0,6.0,7.0,8.0,9.0,10.0,11.0,12.0,13.0,14.0,15.0,16.0,17.0,18.0,19.0	125.256664828,98.3647535548,77.4622248265,61.2063760132,45.8549926211,35.1413248886,23.5384271125,16.8013007252,9.38184246815,2.66060593951,-2.29002538882,-6.93843782111,-9.65522368608,-11.6592958071,-13.9254441138,-18.2714996334,-17.5310091746,-18.5277105537,-21.9148779121,-20.3428205309	4	exponential	0.04	88000,,
97077	0.0,1.0,2.0,3.0,4.0,5.0,6.0,7.0,8.0,9.0,10.0,11.0,12.0,13.0,14.0,15.0,16.0,17.0,18.0,19.0	43.599223058,14.6284908074,-5.5520371906,-23.2403615348,-35.4831809458,-46.9343895097,-58.2906108644,-67.6357055294,-72.5753167005,-79.9121254282,-86.0411547835,-88.3682939327,-90.9593048125,-95.6525889936,-97.8934014651,-97.8190884292,-102.061222243,-103.410583664,-104.604607291,-103.417142188	4	exponential	0.04	88000,,
97741	0.0,1.0,2.0,3.0,4.0,5.0,6.0,7.0,8.0,9.0,10.0,11.0,12.0,13.0,14.0,15.0,16.0,17.0,18.0,19.0	287.465211952,262.995475573,242.155471823,228.065125458,212.262039645,199.02662131,188.81674734,181.651485067,172.358116548,170.178786039,161.420178494,158.939058048,156.159600604,152.596056542,150.897217478,148.954894564,147.986712958,144.1249201,143.772973888,145.90214515	4	exponential	0.04	88000,,
98037	0.0,1.0,2.0,3.0,4.0,5.0,6.0,7.0,8.0,9.0,10.0,11.0,12.0,13.0,14.0,15.0,16.0,17.0,18.0,19.0	263.255781238,241.596070122,217.949847799,202.890375039,187.274930741,172.950734568,166.517386416,155.821685705,149.4842841,142.264999893,139.341836392,136.948290654,132.340232077,129.376185277,127.692415866,124.768788913,123.190597175,122.473167021,119.678844051,118.45898714	4	exponential	0.04	88000,,
96451	0.0,1.0,2.0,3.0,4.0,5.0,6.0,7.0,8.0,9.0,10.0,11.0,12.0,13.0,14.0,15.0,16.0,17.0,18.0,19.0	138.809028086,115.692478192,94.3016291011,75.3896988601,60.8292511122,51.6323349744,40.4188653691,31.8163361255,23.0863869525,18.2774265849,12.8304970521,11.6409703822,4.87267672683,4.48710392554,3.37460390691,-1.90426360429,-2.71101150759,-2.77758133466,-5.3080344036,-4.99682179965	4	exponential	0.04	88000,,
99564	0.0,1.0,2.0,3.0,4.0,5.0,6.0,7.0,8.0,9.0,10.0,11.0,12.0,13.0,14.0,15.0,16.0,17.0,18.0,19.0	250.568491319,226.705674552,207.912143314,190.000166509,172.629322304,161.252697087,153.905296895,143.413991189,136.687901926,132.61816868,123.824685053,123.207347584,118.12967745,117.628855697,111.637220022,111.553496844,109.169789336,107.182414745,108.184537118,104.676979505	4	exponential	0.04	88000,,
99513	0.0,1.0,2.0,3.0,4.0,5.0,6.0,7.0,8.0,9.0,10.0,11.0,12.0,13.0,14.0,15.0,16.0,17.0,18.0,19.0	259.727918392,236.507361637,214.500840448,196.394253735,184.248368931,169.386080312,162.160999362,154.639247917,144.666096136,139.991995432,136.182262366,129.233566994,126.450017881,126.515153552,120.673974335,120.449370034,117.156954203,115.967405467,115.51140303,116.795148992	4	exponential	0.04	88000,,
98208	0.0,1.0,2.0,3.0,4.0,5.0,6.0,7.0,8.0,9.0,10.0,11.0,12.0,13.0,14.0,15.0,16.0,17.0,18.0,19.0	90.219594662,65.6441982669,46.2879106065,29.7252921913,11.8633232669,2.0184758449,-9.27112266504,-15.4466614379,-25.4578784794,-31.7010939494,-35.1997590928,-40.7606594868,-42.5306457856,-44.7471745378,-46.7757337639,-49.0221438733,-53.1952053066,-54.5576795814,-51.9592967148,-56.6307597576	4	exponential	0.04	88000,,
99537	0.0,1.0,2.0,3.0,4.0,5.0,6.0,7.0,8.0,9.0,10.0,11.0,12.0,13.0,14.0,15.0,16.0,17.0,18.0,19.0	190.236193354,164.92973514,144.813182919,126.552195561,112.260735973,98.3390059502,89.2616219329,81.1078591328,75.9193171941,70.6542147732,62.3093906294,60.5163919976,57.7154442494,54.02685867,51.9308195009,51.2439576263,47.7425769982,45.558868351,47.2806226468,44.684697915	4	exponential	0.04	88000,,
97368	0.0,1.0,2.0,3.0,4.0,5.0,6.0,7.0,8.0,9.0,10.0,11.0,12.0,13.0,14.0,15.0,16.0,17.0,18.0,19.0	9.86194409517,-17.0122615604,-34.7496090393,-52.6861309793,-66.6904174924,-82.3616403287,-90.2844896069,-97.9600238157,-104.66989308,-109.537551615,-115.847878654,-120.052290013,-124.04048379,-126.124708978,-130.613294456,-130.899856743,-132.256512634,-132.243622915,-136.701317905,-135.008685684	4	exponential	0.04	88000,,
99108	0.0,1.0,2.0,3.0,4.0,5.0,6.0,7.0,8.0,9.0,10.0,11.0,12.0,13.0,14.0,15.0,16.0,17.0,18.0,19.0	51.5642862645,27.1006515842,6.05980007119,-13.1981282514,-25.2671811336,-39.209740106,-46.1361972599,-57.3044124444,-64.6060801879,-69.5438466913,-75.9638336574,-79.1390156118,-79.6604678746,-82.0447595929,-86.6036428031,-86.5704093998,-89.6025942704,-92.6299272468,-91.106148556,-91.5689961563	4	exponential	0.04	88000,,
96932	0.0,1.0,2.0,3.0,4.0,5.0,6.0,7.0,8.0,9.0,10.0,11.0,12.0,13.0,14.0,15.0,16.0,17.0,18.0,19.0	27.0599497853,4.32456314366,-17.2569200605,-33.8033032642,-50.0270040729,-61.3001450919,-71.3117302173,-80.2674325608,-87.1015551116,-91.5176080214,-96.2720050715,-103.55265967,-106.27525648,-106.620590706,-108.866727744,-112.50683528,-115.179723677,-116.381471912,-113.862941544,-118.914290809	4	exponential	0.04	88000,,
96665	0.0,1.0,2.0,3.0,4.0,5.0,6.0,7.0,8.0,9.0,10.0,11.0,12.0,13.0,14.0,15.0,16.0,17.0,18.0,19.0	213.428093041,187.504709512,166.138163964,148.611635402,133.693712042,120.898754579,111.72992456,103.520902276,96.5569215027,92.2384863414,85.121246752,82.6072331547,78.2871019306,74.6741214576,73.7247635886,71.6595232923,70.9640681856,67.5588165813,65.2500719621,66.7451318044	4	exponential	0.04	88000,,
96240	0.0,1.0,2.0,3.0,4.0,5.0,6.0,7.0,8.0,9.0,10.0,11.0,12.0,13.0,14.0,15.0,16.0,17.0,18.0,19.0	5.44072859801,-18.1706579235,-39.4676749909,-56.6661051591,-73.4855793251,-83.0955938663,-91.6060988901,-103.070226987,-109.084719573,-112.842898879,-119.410857293,-123.674316047,-126.359331826,-130.788686766,-132.323722713,-135.383527922,-134.942044815,-136.290717743,-138.796887197,-139.878146876	4	exponential	0.04	88000,,
98412	0.0,1.0,2.0,3.0,4.0,5.0,6.0,7.0,8.0,9.0,10.0,11.0,12.0,13.0,14.0,15.0,16.0,17.0,18.0,19.0	183.240647782,159.252834935,137.650017176,121.151383914,103.495718338,94.4455129565,81.3210076704,74.5325055257,68.6123287934,60.8757269457,55.7693112168,52.5698446696,51.0325070147,47.9058635816,45.1883636865,40.3064312913,40.2621513215,37.0713674397,39.0245488938,38.9957789985	4	exponential	0.04	88000,,
96759	0.0,1.0,2.0,3.0,4.0,5.0,6.0,7.0,8.0,9.0,10.0,11.0,12.0,13.0,14.0,15.0,16.0,17.0,18.0,19.0	178.945188454,154.348779641,134.036797023,116.352219882,99.600606266,89.5864004935,76.8411686537,69.0397370363,62.3079080526,56.7439345892,50.9306803489,47.1114605357,43.4045111335,40.3305300927,40.1356292113,37.3219721573,37.1114807258,36.6616483217,32.9988198571,33.0642136973	4	exponential	0.04	88000,,
98438	0.0,1.0,2.0,3.0,4.0,5.0,6.0,7.0,8.0,9.0,10.0,11.0,12.0,13.0,14.0,15.0,16.0,17.0,18.0,19.0	79.8998666648,53.6534831008,32.6868378147,14.6427466237,3.27308002352,-11.0326943897,-18.9816457089,-30.196196136,-36.7754871502,-40.3970834631,-46.6758967152,-50.6670059936,-55.1971209287,-54.6988533486,-58.553570535,-60.2432041001,-63.2196120146,-64.1066743638,-64.4150603642,-65.1669936504	4	exponential	0.04	88000,,
97614	0.0,1.0,2.0,3.0,4.0,5.0,6.0,7.0,8.0,9.0,10.0,11.0,12.0,13.0,14.0,15.0,16.0,17.0,18.0,19.0	226.870804359,202.64208229,180.653170273,162.946185562,148.343818095,134.013858842,126.411125895,117.832689403,108.636960797,103.233371817,98.7934282042,97.3454231379,92.6775771275,89.573136438,85.5760703434,85.840289387,83.1159984404,84.0305846674,82.6954054824,82.2850547435	4	exponential	0.04	88000,,
96673	0.0,1.0,2.0,3.0,4.0,5.0,6.0,7.0,8.0,9.0,10.0,11.0,12.0,13.0,14.0,15.0,16.0,17.0,18.0,19.0	17.7732886093,-6.57124841363,-29.8917200744,-46.0737946363,-59.7635158197,-74.0756244256,-84.8377009505,-92.7270211765,-97.1088878676,-104.710041604,-109.667513323,-114.383187524,-115.139868637,-121.531747774,-122.419425368,-124.364915983,-127.513529636,-127.073408292,-128.196113381,-128.163954926	4	exponential	0.04	88000,,
97436	0.0,1.0,2.0,3.0,4.0,5.0,6.0,7.0,8.0,9.0,10.0,11.0,12.0,13.0,14.0,15.0,16.0,17.0,18.0,19.0	184.414401267,159.41398599,138.360407792,120.750821112,107.914832049,94.2816968973,83.5474574719,75.9714919057,70.4905499834,64.5168378104,61.295265201,55.6444535309,50.2113757737,47.825103467,45.4429959789,46.242295761,41.1734050462,43.153529811,40.567622545,38.2748531576	4	exponential	0.04	88000,,
97668	0.0,1.0,2.0,3.0,4.0,5.0,6.0,7.0,8.0,9.0,10.0,11.0,12.0,13.0,14.0,15.0,16.0,17.0,18.0,19.0	158.182843272,132.421964319,112.175784654,96.5539379821,81.7752408264,70.6023548986,58.4699622839,49.6768791092,43.5037092873,36.1714536979,34.5613939638,29.8452380574,26.3933596815,21.1099742842,20.9153383297,19.3486715605,16.2197666526,14.6810185434,14.8736526808,11.8691105883	4	exponential	0.04	88000,,
99619	0.0,1.0,2.0,3.0,4.0,5.0,6.0,7.0,8.0,9.0,10.0,11.0,12.0,13.0,14.0,15.0,16.0,17.0,18.0,19.0	285.625408985,261.994113003,241.810461958,222.449640474,209.836628624,198.10444393,189.485408128,178.099867845,171.834269013,165.48761097,161.645353775,159.846931861,155.675206975,152.544436336,148.106049284,147.859441018,144.769732494,143.184573352,145.069949012,142.134647507	4	exponential	0.04	88000,,
96186	0.0,1.0,2.0,3.0,4.0,5.0,6.0,7.0,8.0,9.0,10.0,11.0,12.0,13.0,14.0,15.0,16.0,17.0,18.0,19.0	123.847196193,97.5690294682,75.8260492111,60.0433596653,46.631358814,34.7644200601,22.2153113725,16.4526282067,9.97488663857,2.84578776726,-4.26589483851,-8.31452876237,-11.1677332819,-13.9245303875,-15.5272742267,-17.9605280177,-19.8102241588,-19.2975879808,-18.9961287825,-22.6982702579	4	exponential	0.04	88000,,
99604	0.0,1.0,2.0,3.0,4.0,5.0,6.0,7.0,8.0,9.0,10.0,11.0,12.0,13.0,14.0,15.0,16.0,17.0,18.0,19.0	291.834913806,264.722218933,244.06868848,228.873330003,213.150851496,203.565099646,189.835176454,182.039948025,177.39149442,170.294332863,164.500351711,163.050858388,156.083975061,153.966033481,154.901644288,150.279905223,150.994797606,147.211413836,146.425237354,146.137225021	4	exponential	0.04	88000,,
98625	0.0,1.0,2.0,3.0,4.0,5.0,6.0,7.0,8.0,9.0,10.0,11.0,12.0,13.0,14.0,15.0,16.0,17.0,18.0,19.0	107.244111546,80.758473968,59.9770961771,43.0455692291,28.2060525591,17.7109913746,9.89905965592,1.77505540006,-7.4572245573,-12.5227638985,-18.8148125957,-21.8149313056,-25.6120455181,-28.6773594661,-32.2287790552,-32.7905146542,-34.7848765826,-34.9349371323,-35.4402961123,-38.8609702738	4	exponential	0.04	88000,,
96164	0.0,1.0,2.0,3.0,4.0,5.0,6.0,7.0,8.0,9.0,10.0,11.0,12.0,13.0,14.0,15.0,16.0,17.0,18.0,19.0	291.501418476,266.453161788,246.789969498,231.019195833,213.817858793,203.09600295,192.180694031,185.480362528,175.80502072,170.12841119,168.298379933,164.497213708,161.000155784,157.297818124,154.772727252,150.672018899,150.02687814,148.612606155,148.810653429,148.831554332	4	exponential	0.04	88000,,
97196	0.0,1.0,2.0,3.0,4.0,5.0,6.0,7.0,8.0,9.0,10.0,11.0,12.0,13.0,14.0,15.0,16.0,17.0,18.0,19.0	74.999706557,49.9430764685,28.8118368119,10.1278050956,-1.29963300109,-12.704914744,-22.9138891289,-30.8186202982,-38.0026348066,-47.1684067342,-51.917982506,-52.2989134089,-56.2066625907,-61.6388892547,-63.0841198252,-65.220648077,-65.7780385264,-68.3260837056,-70.9106810824,-69.4303413972	4	exponential	0.04	88000,,
99728	0.0,1.0,2.0,3.0,4.0,5.0,6.0,7.0,8.0,9.0,10.0,11.0,12.0,13.0,14.0,15.0,16.0,17.0,18.0,19.0	49.4002293668,24.2746661833,5.25535760405,-14.4918300842,-28.4810350074,-39.0661082867,-51.8583530674,-59.8962981898,-66.7071840696,-70.6087886065,-74.3166482304,-82.1334608476,-82.1218730924,-87.6110740394,-89.4912060946,-89.1818462693,-91.7052458637,-95.554161823,-96.5924005197,-97.4140778853	4	exponential	0.04	88000,,
96465	0.0,1.0,2.0,3.0,4.0,5.0,6.0,7.0,8.0,9.0,10.0,11.0,12.0,13.0,14.0,15.0,16.0,17.0,18.0,19.0	246.515141956,222.893308518,201.279226557,186.135594599,171.19915514,158.788374347,148.845152357,138.978931935,134.525883144,128.409750096,121.822563826,116.162667984,114.70785279,110.37363275,111.123545312,109.494544337,104.954448948,103.164607271,103.078907233,103.109386317	4	exponential	0.04	88000,,
99319	0.0,1.0,2.0,3.0,4.0,5.0,6.0,7.0,8.0,9.0,10.0,11.0,12.0,13.0,14.0,15.0,16.0,17.0,18.0,19.0	107.561546048,79.1338185453,62.559596762,41.5024788209,27.4660008191,17.8790743043,7.96954256344,-3.40410502037,-7.3695620692,-13.6542586624,-21.0802959735,-24.8203683717,-28.0646486083,-29.8830089152,-30.1413934374,-33.4891989844,-37.0560682497,-36.3951090879,-36.0645158884,-38.6154859975	4	exponential	0.04	88000,,
98129	0.0,1.0,2.0,3.0,4.0,5.0,6.0,7.0,8.0,9.0,10.0,11.0,12.0,13.0,14.0,15.0,16.0,17.0,18.0,19.0	213.347337866,188.741404471,168.616567241,149.2035945,136.572054703,126.460797547,116.133410257,104.626777602,97.9262056139,93.767973308,89.5650177538,82.5708340809,79.7364218447,79.3244964301,76.7438562989,72.7975413651,71.8604301992,72.1080296104,68.6064167805,70.3857977036	4	exponential	0.04	88000,,
98471	0.0,1.0,2.0,3.0,4.0,5.0,6.0,7.0,8.0,9.0,10.0,11.0,12.0,13.0,14.0,15.0,16.0,17.0,18.0,19.0	150.177130714,123.768527938,102.599207266,86.907284575,73.893600058,61.0559578493,48.4480714453,41.3994919432,35.9568706173,29.4034911151,26.1442504276,20.5335889742,16.2946422071,13.0912889494,11.4333283956,11.5444582544,9.76249581753,7.801041939,4.03492903932,5.91397189156	4	exponential	0.04	88000,,
97765	0.0,1.0,2.0,3.0,4.0,5.0,6.0,7.0,8.0,9.0,10.0,11.0,12.0,13.0,14.0,15.0,16.0,17.0,18.0,19.0	161.360050087,138.738346102,115.635479247,100.515784995,85.849176901,74.1968899665,61.3673229245,57.1231397608,47.5728449026,43.9851655389,35.4510214909,35.4518658903,30.7377394435,28.024857165,23.8881984653,20.8640459891,21.2649744093,21.304930717,19.2004354789,16.7360147714	4	exponential	0.04	88000,,
96886	0.0,1.0,2.0,3.0,4.0,5.0,6.0,7.0,8.0,9.0,10.0,11.0,12.0,13.0,14.0,15.0,16.0,17.0,18.0,19.0	283.900649633,258.842452429,235.155176085,220.79786263,205.041078186,190.914862869,181.784353759,172.814493623,167.509306464,163.44248799,156.416774777,151.069015921,147.054370128,147.604529912,144.568378682,141.67358777,141.448012462,139.232166869,140.009322779,136.40521424	4	exponential	0.04	88000,,
97530	0.0,1.0,2.0,3.0,4.0,5.0,6.0,7.0,8.0,9.0,10.0,11.0,12.0,13.0,14.0,15.0,16.0,17.0,18.0,19.0	27.4598066854,1.63759722261,-18.466635301,-39.3743960383,-50.3327457513,-65.9133313649,-76.2959474179,-83.3622954874,-91.3042674956,-93.8515880727,-98.3091546116,-105.163852711,-107.72654521,-111.771395412,-111.999915112,-115.42678696,-114.994408776,-115.763688289,-120.456640606,-121.000000246	4	exponential	0.04	88000,,
96741	0.0,1.0,2.0,3.0,4.0,5.0,6.0,7.0,8.0,9.0,10.0,11.0,12.0,13.0,14.0,15.0,16.0,17.0,18.0,19.0	14.9097220906,-7.92366116934,-30.5554044149,-48.1478720924,-61.8953453138,-72.0127360476,-81.917891525,-90.5467980041,-100.737616265,-107.106639999,-110.890454598,-115.550367741,-118.351537202,-119.679137526,-122.752423566,-122.85965003,-125.076069556,-129.085018354,-129.29603971,-127.627769009	4	exponential	0.04	88000,,
98665	0.0,1.0,2.0,3.0,4.0,5.0,6.0,7.0,8.0,9.0,10.0,11.0,12.0,13.0,14.0,15.0,16.0,17.0,18.0,19.0	132.003982129,106.225189127,88.8422222157,68.9852558678,56.2398664019,41.8343683527,31.0801433408,24.0552063754,19.4962580944,11.6364179198,7.37795901795,3.83448217079,-0.172538193375,-4.25265979159,-4.31143980396,-6.29779677068,-9.91130956749,-10.7826141982,-12.8723622341,-11.9215633257	4	exponential	0.04	88000,,
96352	0.0,1.0,2.0,3.0,4.0,5.0,6.0,7.0,8.0,9.0,10.0,11.0,12.0,13.0,14.0,15.0,16.0,17.0,18.0,19.0	70.1164109605,45.3521892755,24.7184526317,8.15958361014,-5.37258200782,-18.7120793209,-27.5233582097,-37.6321162971,-42.9499299917,-50.0171001194,-52.5242570834,-59.8732307683,-61.9467784651,-62.2559287918,-68.3085457547,-69.1976240924,-70.0477528776,-70.2680867076,-72.6377486913,-72.1524979536	4	exponential	0.04	88000,,
98598	0.0,1.0,2.0,3.0,4.0,5.0,6.0,7.0,8.0,9.0,10.0,11.0,12.0,13.0,14.0,15.0,16.0,17.0,18.0,19.0	10.8834961539,-11.7812986811,-34.8723273997,-51.1006660226,-63.9192080659,-78.5620222235,-89.2589008089,-97.9091878135,-104.773733788,-111.31830909,-112.445203376,-119.657174878,-119.711174366,-125.645428518,-128.740241902,-129.13856111,-131.076643713,-131.941386444,-132.589640861,-131.975146147	4	exponential	0.04	88000,,
98985	0.0,1.0,2.0,3.0,4.0,5.0,6.0,7.0,8.0,9.0,10.0,11.0,12.0,13.0,14.0,15.0,16.0,17.0,18.0,19.0	258.837525322,233.943423454,213.503084424,194.039514139,179.855069413,168.291672494,159.459400674,151.213408058,143.934162968,137.041495938,131.434506971,127.707457811,126.588867627,123.46928756,121.329788779,120.408125957,117.772368035,114.639270935,116.154274337,114.639196355	4	exponential	0.04	88000,,
98986	0.0,1.0,2.0,3.0,4.0,5.0,6.0,7.0,8.0,9.0,10.0,11.0,12.0,13.0,14.0,15.0,16.0,17.0,18.0,19.0	225.609853,200.51750665,181.956636246,162.824063324,148.602623443,137.784570748,124.992411593,117.099357354,112.592204649,106.720215492,101.417801503,95.2717627255,94.8787107791,88.3442470281,86.0370990585,84.9559524733,82.119953564,84.4643943471,82.9677027994,80.4576085285	4	exponential	0.04	88000,,
99321	0.0,1.0,2.0,3.0,4.0,5.0,6.0,7.0,8.0,9.0,10.0,11.0,12.0,13.0,14.0,15.0,16.0,17.0,18.0,19.0	262.834395427,236.167581302,217.905445481,200.310805144,186.887210222,174.529555918,162.998083305,153.108969129,146.538739187,143.990539725,137.914662438,134.160977691,131.908115259,127.873758147,123.789839078,123.328576999,120.429978695,119.716064776,120.214307888,119.705931086	4	exponential	0.04	88000,,
98221	0.0,1.0,2.0,3.0,4.0,5.0,6.0,7.0,8.0,9.0,10.0,11.0,12.0,13.0,14.0,15.0,16.0,17.0,18.0,19.0	25.1776482153,0.0500759744158,-24.4346530371,-39.7621116646,-55.3583263034,-65.5015911367,-78.0375087798,-84.5871179112,-90.5273686223,-99.1339272473,-101.565015512,-106.952435733,-111.559370747,-112.37669467,-115.54585669,-119.193444335,-118.046708719,-120.329595845,-123.198226957,-120.246469557	4	exponential	0.04	88000,,
97714	0.0,1.0,2.0,3.0,4.0,5.0,6.0,7.0,8.0,9.0,10.0,11.0,12.0,13.0,14.0,15.0,16.0,17.0,18.0,19.0	41.3606081303,17.1975504669,-4.24703625542,-21.4405635052,-36.5002663892,-50.9180279896,-60.5861625327,-68.6861944039,-75.4581080668,-80.6439100608,-82.7738384352,-89.3421449848,-90.1617589641,-93.3586678911,-97.8336781355,-101.2075351,-99.3918973442,-101.13298301,-101.843154701,-104.428003017	4	exponential	0.04	88000,,
99611	0.0,1.0,2.0,3.0,4.0,5.0,6.0,7.0,8.0,9.0,10.0,11.0,12.0,13.0,14.0,15.0,16.0,17.0,18.0,19.0	90.6301104839,67.0463280266,46.1502775322,30.0055601267,14.1862436893,1.21959865877,-5.62396864546,-16.4368928937,-21.5470310022,-26.5913177466,-32.9727975095,-36.5306261109,-38.3460671859,-45.3173473071,-43.7906680168,-48.7231388938,-47.0781787885,-50.4116858186,-52.8249589445,-51.8834771399	4	exponential	0.04	88000,,
97598	0.0,1.0,2.0,3.0,4.0,5.0,6.0,7.0,8.0,9.0,10.0,11.0,12.0,13.0,14.0,15.0,16.0,17.0,18.0,19.0	49.3255552848,20.9199195168,2.28040742843,-15.2518611373,-30.9394487048,-41.9799852967,-51.5013625504,-60.6921819715,-65.5666597246,-71.1598134925,-76.8283053293,-80.919303403,-85.5940129097,-87.7353096975,-88.4715120112,-91.8132786719,-95.6255388008,-97.2824673234,-97.0018539711,-97.1271619111	4	exponential	0.04	88000,,
97794	0.0,1.0,2.0,3.0,4.0,5.0,6.0,7.0,8.0,9.0,10.0,11.0,12.0,13.0,14.0,15.0,16.0,17.0,18.0,19.0	112.411620438,87.2914856522,64.8320094095,49.9987651112,33.3076200302,22.4843049332,12.579994275,4.34433253515,-4.27050013471,-9.76707605943,-13.6355169693,-17.7547695008,-19.5283062788,-26.269306558,-24.978547202,-27.7296231472,-30.5915998218,-31.6891924899,-32.0890559435,-33.7479043203	4	exponential	0.04	88000,,
96073	0.0,1.0,2.0,3.0,4.0,5.0,6.0,7.0,8.0,9.0,10.0,11.0,12.0,13.0,14.0,15.0,16.0,17.0,18.0,19.0	95.7346662214,73.4172802495,50.1735079129,32.4035894306,19.7820274653,8.45209455034,-5.16891315206,-13.1391419712,-16.9305370363,-24.8368023042,-29.3904368469,-32.2894686147,-37.5226503925,-38.9952096959,-40.1715774223,-44.1227225133,-45.9277083569,-44.895423745,-46.3697708274,-48.341432306	4	exponential	0.04	88000,,
99052	0.0,1.0,2.0,3.0,4.0,5.0,6.0,7.0,8.0,9.0,10.0,11.0,12.0,13.0,14.0,15.0,16.0,17.0,18.0,19.0	68.8610419208,43.2050115335,21.5546318224,5.10422731998,-7.64678537124,-21.8800850649,-32.6625007701,-37.8917463114,-48.6067774975,-53.0339353286,-59.2768473114,-63.5917180153,-66.2384409124,-68.6523814833,-71.2133733228,-73.781994074,-73.9842597269,-75.1462443727,-76.9387558198,-76.7107850795	4	exponential	0.04	88000,,
98479	0.0,1.0,2.0,3.0,4.0,5.0,6.0,7.0,8.0,9.0,10.0,11.0,12.0,13.0,14.0,15.0,16.0,17.0,18.0,19.0	185.612823203,160.656105549,140.798110573,124.597826212,105.990346419,97.6609319296,86.2963548808,77.7562728596,69.9647898312,64.6010000014,60.9492070839,54.9577879543,52.2357868774,48.2114434659,48.2314060273,46.1288845255,43.1001790377,42.8424079217,41.6484602068,38.790112159	4	exponential	0.04	88000,,
98685	0.0,1.0,2.0,3.0,4.0,5.0,6.0,7.0,8.0,9.0,10.0,11.0,12.0,13.0,14.0,15.0,16.0,17.0,18.0,19.0	88.4686066324,64.9879026554,42.9133404225,23.8041240791,9.69843976592,-2.79721906086,-10.2295112706,-18.1326397777,-26.3214691259,-31.143731794,-37.7486523543,-39.9145613351,-45.0207581277,-48.2369754186,-51.1919563454,-51.0967851867,-54.7780224702,-54.9808348269,-55.3500971964,-55.4107653628	4	exponential	0.04	88000,,
99802	0.0,1.0,2.0,3.0,4.0,5.0,6.0,7.0,8.0,9.0,10.0,11.0,12.0,13.0,14.0,15.0,16.0,17.0,18.0,19.0	223.102645485,195.372447058,176.004798518,157.549649869,142.826539817,130.712967219,122.973263598,115.863694868,107.144213292,101.528517397,94.3819893965,91.9515066684,90.3908197222,85.0415854096,83.2041921203,80.015089259,81.9015652136,80.4633691812,78.4194542821,75.2935536727	4	exponential	0.04	88000,,
96773	0.0,1.0,2.0,3.0,4.0,5.0,6.0,7.0,8.0,9.0,10.0,11.0,12.0,13.0,14.0,15.0,16.0,17.0,18.0,19.0	178.183788408,156.915894755,134.408975767,115.953488361,101.668208325,91.7548754421,79.4623401104,69.9178259911,62.9227594311,59.1380642569,54.6453746197,50.4863847462,47.5086754455,43.6741535906,41.5680246451,40.4041247622,37.8067272437,34.8816560527,34.9613965107,33.0518858518	4	exponential	0.04	88000,,
99322	0.0,1.0,2.0,3.0,4.0,5.0,6.0,7.0,8.0,9.0,10.0,11.0,12.0,13.0,14.0,15.0,16.0,17.0,18.0,19.0	108.519403687,82.5892307374,61.6712503329,47.754386635,29.8981240935,21.7828711241,10.6012217774,0.851323767942,-4.32756818576,-10.4747833653,-17.833808774,-19.7375179075,-24.6069728356,-26.577953114,-27.2355055297,-30.2818151891,-30.6875256622,-35.7979111549,-36.8747681183,-35.084080811	4	exponential	0.04	88000,,
97547	0.0,1.0,2.0,3.0,4.0,5.0,6.0,7.0,8.0,9.0,10.0,11.0,12.0,13.0,14.0,15.0,16.0,17.0,18.0,19.0	231.031723743,205.34103235,185.180044937,168.543077678,156.530641364,140.55606055,131.852869243,125.168243983,119.32493957,112.946181252,105.565670231,102.536657324,99.34956471,95.015925015,95.3075644497,91.3283637817,91.1563196126,88.8907186147,87.7467189768,85.0256567075	4	exponential	0.04	88000,,
99583	0.0,1.0,2.0,3.0,4.0,5.0,6.0,7.0,8.0,9.0,10.0,11.0,12.0,13.0,14.0,15.0,16.0,17.0,18.0,19.0	276.675580757,251.085039669,229.527781234,214.39636592,199.016465335,187.124725752,175.217146158,169.061129314,159.605146531,155.055735846,149.492777292,146.607334268,141.637655311,137.949595957,136.557042695,135.808819754,134.084135781,134.12746883,130.326590231,130.135929536	4	exponential	0.04	88000,,
99610	0.0,1.0,2.0,3.0,4.0,5.0,6.0,7.0,8.0,9.0,10.0,11.0,12.0,13.0,14.0,15.0,16.0,17.0,18.0,19.0	23.7548821001,-0.747702925265,-19.8752976081,-35.740707545,-50.936473861,-63.3519562946,-75.4919351981,-80.98026488,-87.3153438499,-93.8651395638,-97.9636813553,-103.23294051,-108.253067648,-112.075203673,-112.225409809,-112.553858009,-115.83514693,-117.586601005,-119.89448689,-118.193153744	4	exponential	0.04	88000,,
96464	0.0,1.0,2.0,3.0,4.0,5.0,6.0,7.0,8.0,9.0,10.0,11.0,12.0,13.0,14.0,15.0,16.0,17.0,18.0,19.0	187.764522282,162.958987929,140.279516602,125.525246694,110.836145127,96.6943955451,88.1160390647,81.2490398815,72.8071376501,68.4165261547,60.9490471102,56.3883688086,52.9461464545,53.3810526482,50.1628642368,49.7957565775,46.3286007252,43.1816435054,45.0122056153,42.468707436	4	exponential	0.04	88000,,
96534	0.0,1.0,2.0,3.0,4.0,5.0,6.0,7.0,8.0,9.0,10.0,11.0,12.0,13.0,14.0,15.0,16.0,17.0,18.0,19.0	238.960870589,212.247552481,192.472244105,177.0903924,161.223526658,149.15092995,138.859608213,129.196821934,121.275566386,118.76645829,112.017534769,109.376876534,105.276928273,100.96029205,100.188416066,98.795321889,96.1920784555,93.756401017,93.9393543274,91.8202345066	4	exponential	0.04	88000,,
96163	0.0,1.0,2.0,3.0,4.0,5.0,6.0,7.0,8.0,9.0,10.0,11.0,12.0,13.0,14.0,15.0,16.0,17.0,18.0,19.0	255.190161757,233.106290221,209.207965813,194.669187509,178.352691854,166.877207404,157.251217867,147.505665865,139.884831396,137.009619271,133.201995566,127.568946062,123.535373897,119.856210685,119.429381383,114.653739981,114.337504191,112.908631167,114.24010327,110.092754976	4	exponential	0.04	88000,,
99760	0.0,1.0,2.0,3.0,4.0,5.0,6.0,7.0,8.0,9.0,10.0,11.0,12.0,13.0,14.0,15.0,16.0,17.0,18.0,19.0	44.7664939457,19.6747052268,2.40378347622,-15.836119647,-30.3078743036,-41.6159286156,-50.8897395932,-61.6136107149,-68.1632332907,-73.9391553619,-78.0480854823,-83.2772153776,-86.6518035351,-91.0627410258,-91.9463793582,-94.8629887937,-95.1337481645,-97.548721097,-98.9740867507,-97.6640279787	4	exponential	0.04	88000,,
99388	0.0,1.0,2.0,3.0,4.0,5.0,6.0,7.0,8.0,9.0,10.0,11.0,12.0,13.0,14.0,15.0,16.0,17.0,18.0,19.0	199.827488545,175.255680162,153.873067336,137.296954419,123.744860381,110.542370454,101.912691113,92.1368477115,87.2718041798,81.1133957164,76.1418141977,69.7222856839,67.643830418,63.5601959734,60.9993799696,63.0470731728,58.4337526761,58.7672641831,56.0287940551,54.4372762798	4	exponential	0.04	88000,,
96317	0.0,1.0,2.0,3.0,4.0,5.0,6.0,7.0,8.0,9.0,10.0,11.0,12.0,13.0,14.0,15.0,16.0,17.0,18.0,19.0	189.663074231,165.335184558,145.397325142,125.803612424,113.830734677,101.82154032,88.6693136269,81.6426096088,73.1469371348,68.3287982618,65.4138196356,59.8502386407,56.8858268841,51.7731981225,50.6607160356,49.6649576719,48.9216333523,46.9474600788,45.4490417067,44.3854501437	4	exponential	0.04	88000,,
96409	0.0,1.0,2.0,3.0,4.0,5.0,6.0,7.0,8.0,9.0,10.0,11.0,12.0,13.0,14.0,15.0,16.0,17.0,18.0,19.0	163.107183281,137.473526968,117.43737171,98.0949795738,85.1066551629,74.7238131646,62.2560733656,55.1063953027,47.4158085577,41.0346608991,38.4649164703,34.5651407975,29.0689600958,27.9302168782,24.0148490583,24.4759125791,19.6469280127,20.1253142034,20.3967265548,17.3657893126	4	exponential	0.04	88000,,
96637	0.0,1.0,2.0,3.0,4.0,5.0,6.0,7.0,8.0,9.0,10.0,11.0,12.0,13.0,14.0,15.0,16.0,17.0,18.0,19.0	92.1184178502,67.2177560653,43.1740189022,28.5591688026,12.5848443765,-0.185616991489,-6.72588808407,-15.7016309946,-22.6363635522,-31.3730015759,-34.3529035132,-37.5978092567,-42.1404142927,-43.5883900398,-45.388915512,-49.4241464074,-50.852447328,-50.4125944572,-53.2216451988,-53.731772493	4	exponential	0.04	88000,,
96195	0.0,1.0,2.0,3.0,4.0,5.0,6.0,7.0,8.0,9.0,10.0,11.0,12.0,13.0,14.0,15.0,16.0,17.0,18.0,19.0	235.372325831,207.221986431,188.636188299,171.438654821,153.856881396,141.626027094,135.643993263,124.262224806,119.948786063,112.815842168,109.350774863,105.013896957,99.7239636725,95.9817749176,96.6992384956,94.1751006025,92.3127855976,91.3842022476,90.7228052789,89.6172738117	4	exponential	0.04	88000,,
97199	0.0,1.0,2.0,3.0,4.0,5.0,6.0,7.0,8.0,9.0,10.0,11.0,12.0,13.0,14.0,15.0,16.0,17.0,18.0,19.0	236.780958016,209.754247525,192.516325453,174.563628228,158.782200742,148.807901056,136.335004892,127.230173235,119.979062417,115.66355774,110.824438534,104.645076263,104.309150375,100.98105675,96.1756143771,94.1495500955,94.0771909,94.6484122767,94.2974077544,92.9244867256	4	exponential	0.04	88000,,
98192	0.0,1.0,2.0,3.0,4.0,5.0,6.0,7.0,8.0,9.0,10.0,11.0,12.0,13.0,14.0,15.0,16.0,17.0,18.0,19.0	181.722085595,156.503090618,137.875510907,119.105954172,104.436307542,92.283983764,83.0254900225,73.6976107176,68.8664464079,63.3673818914,56.3032878309,54.481766498,48.8473659455,49.0788135479,46.7314080355,41.3715594528,41.4967963949,38.6097165708,37.8084349313,37.2457380166	4	exponential	0.04	88000,,
97690	0.0,1.0,2.0,3.0,4.0,5.0,6.0,7.0,8.0,9.0,10.0,11.0,12.0,13.0,14.0,15.0,16.0,17.0,18.0,19.0	278.006141812,251.511902726,229.734537477,215.392228701,200.606763652,186.502636106,175.812674406,169.558037947,159.519605361,156.108339984,151.795474374,147.326610505,142.923718068,142.101763091,137.407095037,137.976216579,134.128255621,133.340105224,131.056001326,130.020018564	4	exponential	0.04	88000,,
97611	0.0,1.0,2.0,3.0,4.0,5.0,6.0,7.0,8.0,9.0,10.0,11.0,12.0,13.0,14.0,15.0,16.0,17.0,18.0,19.0	139.403403781,115.492224013,94.9724279699,78.5928856943,62.397852041,51.8692874829,39.9545363589,32.4105813594,24.3592181925,21.1109285483,15.4165034653,10.0827673687,9.41994563982,3.95664254065,2.12581474371,1.4524513714,-0.0353890061362,-4.55315805148,-4.20741887982,-3.22978670443	4	exponential	0.04	88000,,
97777	0.0,1.0,2.0,3.0,4.0,5.0,6.0,7.0,8.0,9.0,10.0,11.0,12.0,13.0,14.0,15.0,16.0,17.0,18.0,19.0	167.044902241,141.049954819,118.040614934,102.32168248,87.6762285444,74.4604093852,64.4078673491,55.9138973079,48.7593459305,46.8409686773,39.5930286146,35.4135876273,31.4605034045,31.6458438915,26.8948398112,23.3450555101,21.8531382809,21.9210581182,19.3947923401,19.1103378199	4	exponential	0.04	88000,,
97153	0.0,1.0,2.0,3.0,4.0,5.0,6.0,7.0,8.0,9.0,10.0,11.0,12.0,13.0,14.0,15.0,16.0,17.0,18.0,19.0	133.160260657,109.520472189,88.0583478197,71.3923337688,53.847784814,41.8043246676,32.6138426375,26.0024216319,18.9483010501,10.1170156131,6.17530215475,1.36963148594,-0.357165326737,-2.89533460362,-6.82119723028,-6.39914089376,-7.07724708228,-9.17546155257,-9.81080188587,-11.7307103013	4	exponential	0.04	88000,,
96896	0.0,1.0,2.0,3.0,4.0,5.0,6.0,7.0,8.0,9.0,10.0,11.0,12.0,13.0,14.0,15.0,16.0,17.0,18.0,19.0	280.071946625,256.856348447,235.242422549,216.554563223,204.993181192,191.225872093,183.995211422,172.693868794,168.108685963,159.773089362,157.690691043,153.58860951,148.026131298,144.065559278,141.351980186,141.571754043,138.164506099,136.883819984,138.863430901,134.465461809	4	exponential	0.04	88000,,
96976	0.0,1.0,2.0,3.0,4.0,5.0,6.0,7.0,8.0,9.0,10.0,11.0,12.0,13.0,14.0,15.0,16.0,17.0,18.0,19.0	186.020393193,159.833917906,142.185643017,124.248178743,110.124105463,97.371916528,88.4841295821,77.1971576788,70.4267221102,67.5109269648,62.2910589369,57.7633516139,54.2825617068,51.7668131426,49.4400904877,46.1615584868,43.1888271856,42.9483137744,40.6611405572,39.3379434928	4	exponential	0.04	88000,,
96501	0.0,1.0,2.0,3.0,4.0,5.0,6.0,7.0,8.0,9.0,10.0,11.0,12.0,13.0,14.0,15.0,16.0,17.0,18.0,19.0	149.753355721,125.999950104,103.744735125,87.5207605664,72.4216076851,61.9376612248,52.1246238122,41.4121094992,37.8085593468,27.9335188883,22.8826704112,22.5976775892,16.1106662762,12.7512533131,13.9185165737,9.859851365,10.1123098752,9.19167315503,6.36763655108,4.20063898684	4	exponential	0.04	88000,,
96871	0.0,1.0,2.0,3.0,4.0,5.0,6.0,7.0,8.0,9.0,10.0,11.0,12.0,13.0,14.0,15.0,16.0,17.0,18.0,19.0	188.341374296,166.260978401,143.997127546,127.120011687,114.388244548,99.6227664937,89.9457755466,83.9673355567,76.1539713239,68.8949094132,65.3229774634,61.5078270195,56.8893079506,52.6810366126,51.3890484129,49.325242254,47.6598220291,45.4598323289,45.2544224706,46.0875113867	4	exponential	0.04	88000,,
96596	0.0,1.0,2.0,3.0,4.0,5.0,6.0,7.0,8.0,9.0,10.0,11.0,12.0,13.0,14.0,15.0,16.0,17.0,18.0,19.0	118.919676259,94.6495803194,72.7052550691,55.2332090316,40.1055381936,30.3353409931,18.236213943,9.88396797267,5.10159537972,-1.79242409779,-8.59183559604,-11.7948596281,-14.2662387201,-17.5592270438,-19.9644367981,-22.3334856895,-23.3124211823,-22.5902767579,-23.3908311323,-27.5446117458	4	exponential	0.04	88000,,
97707	0.0,1.0,2.0,3.0,4.0,5.0,6.0,7.0,8.0,9.0,10.0,11.0,12.0,13.0,14.0,15.0,16.0,17.0,18.0,19.0	3.50343024546,-17.9025029989,-39.1494010994,-59.8851365671,-73.5782421528,-83.4551460996,-94.075221913,-101.872175075,-109.15452747,-117.692405472,-120.504712694,-123.003337839,-126.650382773,-130.042641602,-132.024672779,-134.732782813,-136.171026829,-137.811035212,-140.195496824,-138.271222123	4	exponential	0.04	88000,,
98533	0.0,1.0,2.0,3.0,4.0,5.0,6.0,7.0,8.0,9.0,10.0,11.0,12.0,13.0,14.0,15.0,16.0,17.0,18.0,19.0	248.620719139,223.488988385,206.467760687,185.247278462,171.65988056,161.776191093,151.029810234,140.477519701,136.524058617,129.085730383,124.845393798,119.190016758,115.575628069,115.815667191,113.685513943,109.186729187,107.704608512,108.103219359,107.941154113,103.920129021	4	exponential	0.04	88000,,
99752	0.0,1.0,2.0,3.0,4.0,5.0,6.0,7.0,8.0,9.0,10.0,11.0,12.0,13.0,14.0,15.0,16.0,17.0,18.0,19.0	130.944471921,105.600597722,82.8136749338,69.3266309,51.0863916985,39.9914027281,30.4494564282,20.6778227562,14.5631938828,9.63578859936,4.52488423158,-0.174370340535,-2.57714638773,-7.15387708984,-8.00421500114,-8.08627177813,-11.8348689688,-11.457770945,-14.5094484179,-16.5763082567	4	exponential	0.04	88000,,
98393	0.0,1.0,2.0,3.0,4.0,5.0,6.0,7.0,8.0,9.0,10.0,11.0,12.0,13.0,14.0,15.0,16.0,17.0,18.0,19.0	237.358719165,211.686893335,188.452187292,171.80365814,157.353001776,146.572678824,137.375077425,128.505274997,120.761163158,114.293184544,111.956695445,105.749716758,100.766395795,101.162296016,99.1374987829,96.9014412938,92.8919891738,93.7003302062,91.6397439266,90.0547896171	4	exponential	0.04	88000,,
99795	0.0,1.0,2.0,3.0,4.0,5.0,6.0,7.0,8.0,9.0,10.0,11.0,12.0,13.0,14.0,15.0,16.0,17.0,18.0,19.0	106.788664248,82.2750755517,61.2037219615,45.6704106242,30.7377479664,19.9430114436,7.02974397867,0.383334657089,-7.7042816426,-12.8552082657,-16.5530440502,-18.8692747827,-23.0565264871,-27.4156005795,-28.5537646974,-33.0760473422,-34.3318650049,-34.7817757346,-35.7731753412,-35.9979135962	4	exponential	0.04	88000,,
97622	0.0,1.0,2.0,3.0,4.0,5.0,6.0,7.0,8.0,9.0,10.0,11.0,12.0,13.0,14.0,15.0,16.0,17.0,18.0,19.0	54.3983880983,31.6340376408,9.21829121436,-8.19647088487,-22.0503528179,-34.4755081203,-44.726309525,-53.5042006295,-60.9726610138,-64.1699631714,-68.9361459456,-73.8647039567,-78.6723629867,-80.3767936279,-81.5732661823,-85.2055675404,-84.7640319604,-85.5239819078,-87.5658605611,-90.3041934742	4	exponential	0.04	88000,,
97662	0.0,1.0,2.0,3.0,4.0,5.0,6.0,7.0,8.0,9.0,10.0,11.0,12.0,13.0,14.0,15.0,16.0,17.0,18.0,19.0	149.458343607,123.297705678,102.4869505,86.657749597,70.425668856,57.9110235472,47.5503201845,38.36459404,35.3032634573,27.417259733,21.9593098511,20.0713552479,15.0942132359,14.6607048255,12.3820885192,10.2777571094,7.38477162413,4.80966207568,3.30121833655,5.43374322094	4	exponential	0.04	88000,,
98456	0.0,1.0,2.0,3.0,4.0,5.0,6.0,7.0,8.0,9.0,10.0,11.0,12.0,13.0,14.0,15.0,16.0,17.0,18.0,19.0	236.756151319,211.26528545,191.002296799,175.185168415,159.050670189,148.778670121,136.440901782,129.662747413,119.729884655,116.085918312,110.978707002,105.308370616,101.595981594,100.951190356,98.443942465,94.9124093055,93.0312277097,93.1751671724,92.9682472818,90.8668833459	4	exponential	0.04	88000,,
99365	0.0,1.0,2.0,3.0,4.0,5.0,6.0,7.0,8.0,9.0,10.0,11.0,12.0,13.0,14.0,15.0,16.0,17.0,18.0,19.0	129.972816642,103.85830006,84.1157853166,65.8970547662,52.5189722361,42.5977619835,30.6414772012,22.726755432,13.783811359,10.912411848,4.05407553221,1.22291853296,-0.451215304291,-3.37508305278,-6.05160077195,-7.57116095825,-9.53832479965,-10.6037734098,-12.6733638594,-14.3375381063	4	exponential	0.04	88000,,
96853	0.0,1.0,2.0,3.0,4.0,5.0,6.0,7.0,8.0,9.0,10.0,11.0,12.0,13.0,14.0,15.0,16.0,17.0,18.0,19.0	154.125382449,126.612108686,107.457477434,88.223176737,74.771363043,61.7151356687,52.2776667092,45.0199360697,37.1595095257,29.37000513,28.0664146494,23.4345802284,20.5075103406,15.4633450451,14.2159386745,11.4767624145,10.2809471231,10.9659625383,7.50339411856,9.03168644746	4	exponential	0.04	88000,,
99966	0.0,1.0,2.0,3.0,4.0,5.0,6.0,7.0,8.0,9.0,10.0,11.0,12.0,13.0,14.0,15.0,16.0,17.0,18.0,19.0	284.90597047,258.460963181,239.4913854,220.655694044,204.9054108,194.101638639,186.000388951,177.502777583,168.874923767,165.012530605,157.554427504,153.191895761,149.929062817,149.060742656,147.181794328,145.858108511,142.154190615,142.247691464,142.05867806,138.906336981	4	exponential	0.04	88000,,
98702	0.0,1.0,2.0,3.0,4.0,5.0,6.0,7.0,8.0,9.0,10.0,11.0,12.0,13.0,14.0,15.0,16.0,17.0,18.0,19.0	172.054824464,149.353595701,126.427222356,109.810906779,92.9747887701,81.5750593045,71.7783703592,64.4558864932,57.1701024099,49.2482475927,47.973248156,43.7040990943,39.1604536164,35.3183250581,33.8340572369,32.0641877973,30.8296632654,29.5781329396,29.5596868476,28.073970218	4	exponential	0.04	88000,,
97320	0.0,1.0,2.0,3.0,4.0,5.0,6.0,7.0,8.0,9.0,10.0,11.0,12.0,13.0,14.0,15.0,16.0,17.0,18.0,19.0	98.1947915734,71.4195686417,48.7207064953,33.4044315892,18.0190075402,8.6119211322,-1.62219521648,-11.0876205153,-17.0893761589,-26.3756561851,-30.9521139239,-34.1091114867,-38.5700240722,-37.7021155656,-40.9297184175,-42.2616348596,-44.3043514202,-46.526739557,-47.2859080669,-50.3834301962	4	exponential	0.04	88000,,
99417	0.0,1.0,2.0,3.0,4.0,5.0,6.0,7.0,8.0,9.0,10.0,11.0,12.0,13.0,14.0,15.0,16.0,17.0,18.0,19.0	51.0122206074,24.2364482699,5.10620229075,-13.3836767937,-28.9443546548,-39.4768709225,-47.2231149727,-58.3110282689,-62.4153525395,-70.5397443193,-74.0257643151,-79.1112043569,-83.138343647,-87.041374409,-88.5332724875,-87.8526125331,-91.2784266004,-92.544061146,-94.4981202689,-94.7504676616	4	exponential	0.04	88000,,
96273	0.0,1.0,2.0,3.0,4.0,5.0,6.0,7.0,8.0,9.0,10.0,11.0,12.0,13.0,14.0,15.0,16.0,17.0,18.0,19.0	256.172653501,231.537379039,207.721338636,190.074155029,178.818452917,166.370087464,155.172468658,148.998766138,141.056880836,136.237591008,130.217572552,127.419180403,123.517479198,119.051598082,115.263123518,113.871276943,113.472518905,111.552021568,112.593230161,109.714337035	4	exponential	0.04	88000,,
98243	0.0,1.0,2.0,3.0,4.0,5.0,6.0,7.0,8.0,9.0,10.0,11.0,12.0,13.0,14.0,15.0,16.0,17.0,18.0,19.0	289.679646615,266.772695708,244.640411069,224.578385126,211.463364594,202.09719215,188.715319265,183.315153784,175.194145269,168.643901418,162.677874527,159.934872587,157.907396706,153.28690248,153.411678855,147.654025025,147.874469418,146.843578482,145.680386114,144.126293837	4	exponential	0.04	88000,,
97710	0.0,1.0,2.0,3.0,4.0,5.0,6.0,7.0,8.0,9.0,10.0,11.0,12.0,13.0,14.0,15.0,16.0,17.0,18.0,19.0	231.548487933,207.598770986,184.183164354,165.830611669,152.248406351,140.881475021,129.312968501,124.001980467,117.201306874,108.044738774,106.197887485,100.695129345,99.3134429858,95.6336943321,92.7674292371,89.2889099272,89.1638650104,89.1402111584,84.5960098943,83.9627359489	4	exponential	0.04	88000,,
99001	0.0,1.0,2.0,3.0,4.0,5.0,6.0,7.0,8.0,9.0,10.0,11.0,12.0,13.0,14.0,15.0,16.0,17.0,18.0,19.0	14.4612189202,-10.0016278392,-33.085978367,-51.9765515999,-65.9182346354,-75.029969046,-87.7959486786,-95.0125842252,-103.553861644,-106.939269488,-110.462019078,-118.282195799,-120.203105677,-122.784761288,-125.133889682,-125.731010816,-127.625639688,-130.490763221,-129.776492492,-131.410586305	4	exponential	0.04	88000,,
97584	0.0,1.0,2.0,3.0,4.0,5.0,6.0,7.0,8.0,9.0,10.0,11.0,12.0,13.0,14.0,15.0,16.0,17.0,18.0,19.0	271.240920344,245.809912988,225.547073378,209.444043552,193.258058936,182.867067434,172.713508082,163.342808414,158.372115922,149.68054211,144.945514259,141.38952071,138.70527863,135.115766407,134.734245687,131.254245281,132.043325541,129.287572975,128.263533205,127.653782661	4	exponential	0.04	88000,,
53051	0.0,1.0,2.0,3.0,4.0,5.0,6.0,7.0,8.0,9.0,10.0,11.0,12.0,13.0,14.0,15.0,16.0,17.0,18.0,19.0	-19.8763436088,-15.2401487412,-11.4331044438,-7.31595083059,-3.87383715708,0.858573407289,4.72080203383,7.75110347855,11.1211567203,16.7552462653,18.6750580947,24.6041489288,28.8090323143,31.543785831,35.3572820842,40.9666749816,42.8850341926,47.7659714011,52.3115578769,56.2882943913	5	linear	0.04	44000,,
52948	0.0,1.0,2.0,3.0,4.0,5.0,6.0,7.0,8.0,9.0,10.0,11.0,12.0,13.0,14.0,15.0,16.0,17.0,18.0,19.0	39.5167744618,45.6239653947,48.1241327475,52.6913955863,57.2013080171,59.5910961265,65.6333145921,67.9528711884,72.1875187547,76.8306707216,81.306383052,84.17737747,88.0890716812,93.575636105,97.413306389,101.471889362,105.119160131,108.955261835,112.813221452,116.169139496	5	linear	0.04	44000,,
55844	0.0,1.0,2.0,3.0,4.0,5.0,6.0,7.0,8.0,9.0,10.0,11.0,12.0,13.0,14.0,15.0,16.0,17.0,18.0,19.0	69.662872782,75.0565672258,78.7257548288,81.3539150998,86.3979044479,91.2364785973,94.6673397647,97.4609521542,102.813329466,106.569901174,111.706125529,115.671181407,118.730736607,121.534202578,127.364306303,130.730067262,134.595254414,137.849599918,141.580255216,147.532317238	5	linear	0.04	44000,,
55452	0.0,1.0,2.0,3.0,4.0,5.0,6.0,7.0,8.0,9.0,10.0,11.0,12.0,13.0,14.0,15.0,16.0,17.0,18.0,19.0	-8.34774233835,-2.86147684731,1.39073317174,5.154924473,9.32319610883,11.5499734537,17.5122904844,19.7354500735,25.0028172466,28.6693956145,31.6538288486,35.6399107228,39.29059952,43.5031698344,47.7300962058,52.0499355947,56.9408690663,59.5091116287,63.7757505567,68.5073378616	5	linear	0.04	44000,,
54698	0.0,1.0,2.0,3.0,4.0,5.0,6.0,7.0,8.0,9.0,10.0,11.0,12.0,13.0,14.0,15.0,16.0,17.0,18.0,19.0	-48.8589000575,-43.9280322026,-40.1226470808,-37.1275100205,-32.2627004166,-27.9952196303,-25.092448679,-21.4775044451,-16.8508852437,-13.4579808423,-9.79911394284,-3.8310915942,-1.83082323066,2.54792973015,7.94235286806,11.8841810121,15.4103396931,19.893141663,22.4889784087,27.9371568158	5	linear	0.04	44000,,
54266	0.0,1.0,2.0,3.0,4.0,5.0,6.0,7.0,8.0,9.0,10.0,11.0,12.0,13.0,14.0,15.0,16.0,17.0,18.0,19.0	-27.1028488793,-21.8578808462,-18.9636354537,-14.7779667196,-10.252047267,-6.77821125247,-2.51993380805,0.900232878411,6.41172992099,8.42453240514,14.3248415383,16.9737322358,22.6780457511,24.3864405337,30.4119062797,32.8564666313,36.6650139478,42.2203077944,45.3007207917,49.8676897634	5	linear	0.04	44000,,
54324	0.0,1.0,2.0,3.0,4.0,5.0,6.0,7.0,8.0,9.0,10.0,11.0,12.0,13.0,14.0,15.0,16.0,17.0,18.0,19.0	-54.003477712,-50.8917263544,-45.6648133837,-42.9760279329,-38.7824896965,-34.0549051922,-29.8712837244,-25.5969730849,-21.1658971697,-18.6503928187,-14.9140024535,-10.7253352838,-4.89547666132,-2.92367906361,2.96470126714,5.03029759238,8.85683164411,14.7223871708,18.3980257026,21.327796024	5	linear	0.04	44000,,
54891	0.0,1.0,2.0,3.0,4.0,5.0,6.0,7.0,8.0,9.0,10.0,11.0,12.0,13.0,14.0,15.0,16.0,17.0,18.0,19.0	-40.4964766618,-35.9356962814,-32.5007431028,-27.3468912562,-24.4576945854,-21.076384123,-16.8507785513,-12.0165377501,-8.42226561373,-5.28463150016,-1.13093314645,4.44173762429,7.55523868098,12.5927544968,15.3416579804,19.9913048849,24.4857506237,26.5556402878,30.9389944145,36.0930922033	5	linear	0.04	44000,,
54283	0.0,1.0,2.0,3.0,4.0,5.0,6.0,7.0,8.0,9.0,10.0,11.0,12.0,13.0,14.0,15.0,16.0,17.0,18.0,19.0	71.0302464384,76.4253379627,80.7176445876,83.418871271,88.7759441571,90.5565646118,94.5530810669,100.247012813,104.386512234,107.124817495,111.94078355,116.049547352,119.362639585,124.581134511,127.145738913,132.107706541,136.382382712,139.793290449,144.534420503,147.126145693	5	linear	0.04	44000,,
55754	0.0,1.0,2.0,3.0,4.0,5.0,6.0,7.0,8.0,9.0,10.0,11.0,12.0,13.0,14.0,15.0,16.0,17.0,18.0,19.0	8.78552099762,11.3958032107,17.3319000324,20.0519349045,25.5533134125,28.0785585518,32.0817447575,36.7474681399,40.7500107521,45.4238108741,48.9483895454,53.3397478901,57.1924199338,59.3182845112,64.5851273493,67.7614127727,72.8548894329,76.8396343027,81.2496160883,83.7081102721	5	linear	0.04	44000,,
55236	0.0,1.0,2.0,3.0,4.0,5.0,6.0,7.0,8.0,9.0,10.0,11.0,12.0,13.0,14.0,15.0,16.0,17.0,18.0,19.0	3.83139315167,7.02535818307,13.1194052706,16.5054083618,19.2755326039,24.9726098952,27.7109483644,32.2066968575,35.1336981327,38.9499320875,43.7011081551,47.2992876288,50.9312844387,57.2058602776,60.7586489757,63.312755131,67.459310009,71.459185855,77.0011528553,80.7579883826	5	linear	0.04	44000,,
53680	0.0,1.0,2.0,3.0,4.0,5.0,6.0,7.0,8.0,9.0,10.0,11.0,12.0,13.0,14.0,15.0,16.0,17.0,18.0,19.0	-19.6938785043,-17.5332258315,-13.6526845177,-9.54465757761,-5.41192898156,-1.70555978022,3.63375023353,6.46852841847,11.1396663108,14.7040975141,18.4600266048,23.2442603849,27.5091191561,32.0896811282,35.9935697957,39.3272311433,43.4255692101,47.1102840689,51.385519525,56.1957769944	5	linear	0.04	44000,,
55665	0.0,1.0,2.0,3.0,4.0,5.0,6.0,7.0,8.0,9.0,10.0,11.0,12.0,13.0,14.0,15.0,16.0,17.0,18.0,19.0	-52.7803873276,-48.1034673782,-46.2833027667,-41.3837680551,-38.0914694665,-34.3716696643,-28.3072061535,-25.7549114307,-22.2895961447,-17.3218233268,-13.5562521016,-9.07103147151,-6.08046717165,-1.02757838649,3.20234579808,5.87072977321,11.3630890825,15.315643503,19.539381119,23.0109759865	5	linear	0.04	44000,,
54098	0.0,1.0,2.0,3.0,4.0,5.0,6.0,7.0,8.0,9.0,10.0,11.0,12.0,13.0,14.0,15.0,16.0,17.0,18.0,19.0	-15.3323072014,-12.8048988936,-9.16204334756,-4.09155542673,-0.0637172455589,2.94629928122,8.44655509987,11.3291493497,16.0028858265,19.505692528,25.0138654753,27.2517337434,32.1556833089,35.5578813618,41.0459283001,43.1829440585,48.2471028756,52.1696145158,55.0512318083,60.7274152193	5	linear	0.04	44000,,
52583	0.0,1.0,2.0,3.0,4.0,5.0,6.0,7.0,8.0,9.0,10.0,11.0,12.0,13.0,14.0,15.0,16.0,17.0,18.0,19.0	87.9215888695,90.8235735369,95.3269054412,100.192368307,103.378066406,107.43693202,111.442487855,114.613238748,118.857820384,124.748002136,128.726140573,132.032611221,134.721078834,139.810872781,144.205964068,146.882231684,150.739744945,155.818180992,159.73004453,164.080162824	5	linear	0.04	44000,,
52565	0.0,1.0,2.0,3.0,4.0,5.0,6.0,7.0,8.0,9.0,10.0,11.0,12.0,13.0,14.0,15.0,16.0,17.0,18.0,19.0	62.8803833265,68.7432630074,71.7885368846,76.1803215088,80.3738433108,84.6315178006,86.7953103793,91.4096306458,95.8116152676,100.062688631,103.433249451,106.897553965,110.779820252,116.529083873,120.341238498,125.071532902,128.049617651,132.598468943,135.135464368,139.741279869	5	linear	0.04	44000,,
52212	0.0,1.0,2.0,3.0,4.0,5.0,6.0,7.0,8.0,9.0,10.0,11.0,12.0,13.0,14.0,15.0,16.0,17.0,18.0,19.0	-10.1325879353,-7.82249732878,-2.37212467736,1.13186323195,5.20629577028,10.055481194,13.2553564136,17.5600081327,22.022454974,25.1012434833,28.3533504018,33.4168290968,37.6319477219,41.1914918273,44.9811547427,49.3858033906,52.9730783293,58.1001875637,60.446853252,64.1841346755	5	linear	0.04	44000,,
55280	0.0,1.0,2.0,3.0,4.0,5.0,6.0,7.0,8.0,9.0,10.0,11.0,12.0,13.0,14.0,15.0,16.0,17.0,18.0,19.0	18.1329944562,20.8233424431,25.5569488889,28.0157470546,33.9203862878,36.0465436354,41.7222589176,43.9069933902,49.6245142839,52.4735673165,57.9503094687,62.0489602192,65.3611750176,69.0088657435,73.9780505087,76.9974452496,80.730086563,85.0866703611,89.4937360802,93.2252232003	5	linear	0.04	44000,,
52835	0.0,1.0,2.0,3.0,4.0,5.0,6.0,7.0,8.0,9.0,10.0,11.0,12.0,13.0,14.0,15.0,16.0,17.0,18.0,19.0	-58.562243309,-53.1622970228,-49.5988455808,-45.6113097945,-41.1194120209,-37.5341788991,-34.9142472397,-29.856907604,-26.2716785914,-21.3415039876,-17.3099379839,-13.932637512,-10.2214955568,-4.91855543182,-2.99848996626,1.43647077129,6.37065850504,10.7970541639,13.3323857811,17.8190937403	5	linear	0.04	44000,,
54957	0.0,1.0,2.0,3.0,4.0,5.0,6.0,7.0,8.0,9.0,10.0,11.0,12.0,13.0,14.0,15.0,16.0,17.0,18.0,19.0	46.9212818749,51.9131391407,55.5307430413,59.714961459,61.89368594,66.9589501396,69.7478855311,74.1113470499,78.0322650067,83.3658546962,86.2541482414,90.291604893,93.7830384875,98.7807279496,102.261031134,107.752760253,110.517662984,113.90631443,118.160477521,123.612265594	5	linear	0.04	44000,,
54402	0.0,1.0,2.0,3.0,4.0,5.0,6.0,7.0,8.0,9.0,10.0,11.0,12.0,13.0,14.0,15.0,16.0,17.0,18.0,19.0	21.3117722311,24.6997448834,29.121612135,33.330857209,36.9826238922,41.3154311839,44.8909535967,49.2767373317,54.1879509298,57.7520846567,61.1957594825,65.9296986814,68.5991980443,72.554089331,77.5943644103,82.2881421302,84.3825991925,90.4647529583,92.3973638531,97.7548403417	5	linear	0.04	44000,,
54173	0.0,1.0,2.0,3.0,4.0,5.0,6.0,7.0,8.0,9.0,10.0,11.0,12.0,13.0,14.0,15.0,16.0,17.0,18.0,19.0	63.3159854605,67.0623814221,71.7763814327,75.1544188643,79.9257886996,84.535618938,86.8625043745,91.0645784199,95.1129432275,100.806172386,104.983089706,107.07804168,112.018458866,115.776839428,120.929826711,125.015672123,127.57803619,131.096971843,135.265110272,139.626687528	5	linear	0.04	44000,,
55896	0.0,1.0,2.0,3.0,4.0,5.0,6.0,7.0,8.0,9.0,10.0,11.0,12.0,13.0,14.0,15.0,16.0,17.0,18.0,19.0	-40.148591199,-36.2282741198,-33.3613629406,-30.3270359061,-24.8007671581,-20.2366108003,-18.1162425305,-12.9159160305,-9.43986779649,-4.70653993508,-1.30121544277,3.77282905334,7.49728646592,11.2803790027,14.0682101399,19.3652564141,22.9558342712,27.797659249,30.8426741458,34.0557395636	5	linear	0.04	44000,,
55669	0.0,1.0,2.0,3.0,4.0,5.0,6.0,7.0,8.0,9.0,10.0,11.0,12.0,13.0,14.0,15.0,16.0,17.0,18.0,19.0	77.1869458275,82.5391750936,85.6148469047,90.0178189185,94.4341039255,97.4523635677,100.893445055,104.439376526,109.793066325,114.370526308,117.073774203,121.737657617,125.448315715,128.863141371,134.245572088,138.082493512,142.455736826,146.666756288,148.733663848,153.844926178	5	linear	0.04	44000,,
55585	0.0,1.0,2.0,3.0,4.0,5.0,6.0,7.0,8.0,9.0,10.0,11.0,12.0,13.0,14.0,15.0,16.0,17.0,18.0,19.0	-45.752673426,-41.8049980314,-38.7731327774,-32.7544616837,-30.2952157278,-24.9078454848,-22.7276319767,-17.6092714882,-13.1159193758,-9.81140243567,-5.37275423903,-1.01384572912,3.03301107683,5.95013582414,10.2726159442,15.408407197,18.592715955,22.949664717,25.4160419838,30.0325620541	5	linear	0.04	44000,,
52107	0.0,1.0,2.0,3.0,4.0,5.0,6.0,7.0,8.0,9.0,10.0,11.0,12.0,13.0,14.0,15.0,16.0,17.0,18.0,19.0	17.1830168344,19.0866870872,24.4394049471,27.3326946657,31.6103104312,35.6583681372,41.4058792058,43.3598535585,48.635315856,51.3770960093,57.415850989,60.08196762,64.3915596961,68.5820246553,72.7897606367,75.7588437088,80.6000900116,84.8130655043,88.0950819715,92.4059649147	5	linear	0.04	44000,,
52576	0.0,1.0,2.0,3.0,4.0,5.0,6.0,7.0,8.0,9.0,10.0,11.0,12.0,13.0,14.0,15.0,16.0,17.0,18.0,19.0	54.5606994806,57.3795706598,62.6426493761,66.5422304463,70.437050183,73.7410951346,78.7857462405,82.2630911811,85.5011646313,91.5735822799,94.8832859399,97.8505863512,101.486032078,106.0446649,110.821086037,115.088265783,119.071382934,121.505099736,125.914077632,131.63717251	5	linear	0.04	44000,,
52909	0.0,1.0,2.0,3.0,4.0,5.0,6.0,7.0,8.0,9.0,10.0,11.0,12.0,13.0,14.0,15.0,16.0,17.0,18.0,19.0	74.2293626724,79.9572453616,82.8635075025,87.0961886787,90.4176089682,94.8864431912,98.5460357218,102.447021261,107.037206046,110.697897677,113.930942875,118.494553822,122.81913527,126.024847424,130.412218749,134.254491435,139.841836284,141.973799731,146.030418685,151.472134469	5	linear	0.04	44000,,
53145	0.0,1.0,2.0,3.0,4.0,5.0,6.0,7.0,8.0,9.0,10.0,11.0,12.0,13.0,14.0,15.0,16.0,17.0,18.0,19.0	79.1556625443,84.2688641712,87.9269955554,91.2747789931,96.8071964694,100.885599051,104.978423186,106.954225871,111.833100515,115.068984277,120.954226252,123.990775268,127.850621662,132.074989784,135.337635033,140.377129962,144.625743131,147.195322644,151.769085215,154.897745501	5	linear	0.04	44000,,
53215	0.0,1.0,2.0,3.0,4.0,5.0,6.0,7.0,8.0,9.0,10.0,11.0,12.0,13.0,14.0,15.0,16.0,17.0,18.0,19.0	-20.0088848455,-17.3308807866,-11.4830323692,-8.37131900479,-4.88028188856,-0.261621649044,2.77708883396,7.53941246537,11.4213704965,16.6255238653,19.9189589303,22.9230522411,26.7909570089,32.1506006495,35.7868120718,40.331696987,43.4770923466,48.4333308672,51.6546935611,56.5319886789	5	linear	0.04	44000,,
54501	0.0,1.0,2.0,3.0,4.0,5.0,6.0,7.0,8.0,9.0,10.0,11.0,12.0,13.0,14.0,15.0,16.0,17.0,18.0,19.0	49.4096403223,52.9371240918,57.1402765171,61.4906608352,64.436531348,69.5757714417,73.1941937794,76.5032706346,81.2135151929,85.3008354548,89.0624171469,94.1934195078,96.5904141799,100.427278131,105.046508247,108.293266502,112.584761196,116.203377233,120.605535504,124.878191471	5	linear	0.04	44000,,
53398	0.0,1.0,2.0,3.0,4.0,5.0,6.0,7.0,8.0,9.0,10.0,11.0,12.0,13.0,14.0,15.0,16.0,17.0,18.0,19.0	-18.5679050896,-14.2940577532,-11.0403498789,-6.24556527118,-1.31630934368,1.61008165142,6.72542643065,10.4320793178,13.7439675313,18.0801549788,22.214977864,26.2891668415,29.2165910599,34.0336866654,37.5168398747,40.767829147,45.8754360026,50.3524261188,52.8378385575,57.2854929619	5	linear	0.04	44000,,
52582	0.0,1.0,2.0,3.0,4.0,5.0,6.0,7.0,8.0,9.0,10.0,11.0,12.0,13.0,14.0,15.0,16.0,17.0,18.0,19.0	4.24261309798,7.30966479551,12.8085192027,15.2328126559,19.2794436624,23.6091049737,28.9983905812,32.7138041582,37.2020468388,39.7435322008,43.9939977297,47.6275873475,52.8986781417,56.0573747212,60.3385676975,65.0832744528,68.4586399059,72.5721145459,75.4033066958,80.6964909907	5	linear	0.04	44000,,
55521	0.0,1.0,2.0,3.0,4.0,5.0,6.0,7.0,8.0,9.0,10.0,11.0,12.0,13.0,14.0,15.0,16.0,17.0,18.0,19.0	72.2976374344,76.164150793,81.6710137729,85.7703146813,88.275713512,91.8731332496,95.5922530535,100.983996395,103.989709749,108.951551797,112.639972154,115.797343856,121.11946718,124.283723668,127.777324306,132.106380396,135.718362623,140.441537796,145.41968883,148.470927967	5	linear	0.04	44000,,
53981	0.0,1.0,2.0,3.0,4.0,5.0,6.0,7.0,8.0,9.0,10.0,11.0,12.0,13.0,14.0,15.0,16.0,17.0,18.0,19.0	44.2735109335,47.9566582668,51.200974004,55.6422210113,59.2878238226,62.0223984223,66.9318571061,71.587613132,74.7177415672,78.4774000564,84.2579346269,86.0500288045,90.6304193266,95.610548254,100.167475479,103.168345148,106.4110201,110.689544625,113.987062552,119.049725951	5	linear	0.04	44000,,
54593	0.0,1.0,2.0,3.0,4.0,5.0,6.0,7.0,8.0,9.0,10.0,11.0,12.0,13.0,14.0,15.0,16.0,17.0,18.0,19.0	35.665361314,38.4728510301,43.1789486555,47.7917085069,51.4990564409,54.0439951905,59.2170778054,63.48260348,66.3645984921,70.8181344328,74.1233437773,78.368894086,82.9321264333,86.017086632,90.4011484757,94.675284224,99.8643172653,103.043718205,106.900563496,109.926689143	5	linear	0.04	44000,,
54907	0.0,1.0,2.0,3.0,4.0,5.0,6.0,7.0,8.0,9.0,10.0,11.0,12.0,13.0,14.0,15.0,16.0,17.0,18.0,19.0	3.93586223852,8.15049877057,10.9475047948,15.6531428586,20.7238430116,23.5569517955,28.8095382515,31.3077621468,36.1551622571,38.9382610283,43.9629040143,47.0707715258,51.6495605352,56.191176042,58.8231296641,64.3122453876,67.2675368039,72.8263520336,75.7532123478,79.9201367934	5	linear	0.04	44000,,
53812	0.0,1.0,2.0,3.0,4.0,5.0,6.0,7.0,8.0,9.0,10.0,11.0,12.0,13.0,14.0,15.0,16.0,17.0,18.0,19.0	43.3610013285,47.4927134486,53.366859983,57.2148908779,61.0183162921,63.6189521567,69.5904393699,73.3954073221,77.1879107312,80.8501098321,83.9167852005,88.1734643432,92.7882310781,95.3073927292,99.7633937104,103.982159267,109.165804897,111.645853823,116.456984046,119.542143531	5	linear	0.04	44000,,
55603	0.0,1.0,2.0,3.0,4.0,5.0,6.0,7.0,8.0,9.0,10.0,11.0,12.0,13.0,14.0,15.0,16.0,17.0,18.0,19.0	-14.6214388642,-10.7719800725,-6.46087149573,-3.77672045788,0.0420275048416,4.52577852664,7.99979850992,12.0406156755,17.3680089331,20.3873857138,25.2513450559,29.2840946294,32.2289541038,36.748438053,40.231615098,45.743620162,48.1802618591,52.749359449,57.840912352,61.1522079336	5	linear	0.04	44000,,
52861	0.0,1.0,2.0,3.0,4.0,5.0,6.0,7.0,8.0,9.0,10.0,11.0,12.0,13.0,14.0,15.0,16.0,17.0,18.0,19.0	85.4016201105,90.4911769281,95.0613807725,97.2076768902,102.491572594,106.248000564,110.988301413,113.420078423,117.607920004,122.997234226,126.26871221,129.019496378,133.183333562,137.681642164,141.959107362,146.007085497,149.688284064,154.096856368,158.610903107,161.160255292	5	linear	0.04	44000,,
52225	0.0,1.0,2.0,3.0,4.0,5.0,6.0,7.0,8.0,9.0,10.0,11.0,12.0,13.0,14.0,15.0,16.0,17.0,18.0,19.0	14.2937611678,20.0155551192,21.8731591849,26.5901563002,31.2406001992,33.9853460686,39.3110314231,43.8426552525,48.1242124737,51.6885425182,54.1662126918,58.3869022649,62.2649230095,66.3411135992,70.1334000679,75.0894316001,78.7786953651,82.3070120378,86.664393508,89.9247611817	5	linear	0.04	44000,,
52435	0.0,1.0,2.0,3.0,4.0,5.0,6.0,7.0,8.0,9.0,10.0,11.0,12.0,13.0,14.0,15.0,16.0,17.0,18.0,19.0	78.0689979633,80.4965012016,84.4201058572,88.6855053941,92.2274059829,98.4958481264,100.703703546,105.549714294,110.391996999,114.073852222,118.423590642,120.912876588,126.102645902,128.787726593,133.854878152,138.481883651,142.071363417,145.383149187,149.897154851,152.619549454	5	linear	0.04	44000,,
55457	0.0,1.0,2.0,3.0,4.0,5.0,6.0,7.0,8.0,9.0,10.0,11.0,12.0,13.0,14.0,15.0,16.0,17.0,18.0,19.0	80.8325634399,84.3292566545,88.0800849354,91.2780547907,97.2234240824,100.594601902,103.334548389,109.007945636,112.102909812,116.783229158,120.28426705,125.122054544,129.183881268,132.750614871,137.134507483,140.54716641,143.313761631,147.901819265,151.914606585,157.383356367	5	linear	0.04	44000,,
53780	0.0,1.0,2.0,3.0,4.0,5.0,6.0,7.0,8.0,9.0,10.0,11.0,12.0,13.0,14.0,15.0,16.0,17.0,18.0,19.0	41.3283753155,44.2562392229,49.1728396619,51.8996690887,57.3294031532,59.7100926036,63.277485186,69.2228520427,72.5214695563,77.0111139606,79.4949682758,84.7031031487,88.5116548604,92.9968745219,97.0647578094,99.3592896818,103.351870607,107.418124941,113.259912902,117.392649815	5	linear	0.04	44000,,
54241	0.0,1.0,2.0,3.0,4.0,5.0,6.0,7.0,8.0,9.0,10.0,11.0,12.0,13.0,14.0,15.0,16.0,17.0,18.0,19.0	14.9176576815,18.9689700323,23.7355756594,27.4653068837,31.7092026603,35.5204163879,39.3029090918,43.2269273867,47.4908586881,50.4140085275,55.5531564741,60.126935815,62.8748019623,66.6590823903,72.5653311969,76.5561109315,79.7002920644,84.4767795398,87.3345868474,90.7961711763	5	linear	0.04	44000,,
53302	0.0,1.0,2.0,3.0,4.0,5.0,6.0,7.0,8.0,9.0,10.0,11.0,12.0,13.0,14.0,15.0,16.0,17.0,18.0,19.0	66.7187201972,70.6191185925,73.9574496016,77.2563891752,81.4605605503,85.1923179535,89.6156041996,93.7720259195,98.8741710757,101.498137949,107.206078994,109.483340481,113.272452794,118.06145935,121.903906753,125.387338308,130.449786038,134.914253673,139.238527075,142.943065478	5	linear	0.04	44000,,
52276	0.0,1.0,2.0,3.0,4.0,5.0,6.0,7.0,8.0,9.0,10.0,11.0,12.0,13.0,14.0,15.0,16.0,17.0,18.0,19.0	11.3761799908,16.2027471259,19.3105076472,22.6482028489,26.3134360567,32.4333746018,35.9694265343,40.0780106829,42.455443955,47.4820454037,50.7800449663,55.0803922762,58.6480505316,63.2520734542,68.0099494025,70.6231191742,76.4414397811,79.2965327504,83.642146412,87.3320676783	5	linear	0.04	44000,,
53656	0.0,1.0,2.0,3.0,4.0,5.0,6.0,7.0,8.0,9.0,10.0,11.0,12.0,13.0,14.0,15.0,16.0,17.0,18.0,19.0	-49.1926826037,-45.0509009061,-40.9435062147,-36.8726748777,-32.0728821037,-28.0016949039,-25.7582321112,-20.7776794295,-17.6758867602,-12.7290736362,-9.38668623184,-4.0784892017,-0.030635589871,2.37436596865,6.58641904804,10.9256313179,14.8330960602,20.3241879601,23.9609195361,26.8870045937	5	linear	0.04	44000,,
54234	0.0,1.0,2.0,3.0,4.0,5.0,6.0,7.0,8.0,9.0,10.0,11.0,12.0,13.0,14.0,15.0,16.0,17.0,18.0,19.0	56.0304498426,59.421781045,65.4017795665,69.6074971294,73.6206867739,76.0287064218,79.8811159593,85.0137547693,89.1422874316,93.5626104501,95.3733895033,101.415860703,103.568156851,108.982963449,112.449654357,116.792081179,119.687784387,125.104685513,129.547012329,133.224437283	5	linear	0.04	44000,,
54590	0.0,1.0,2.0,3.0,4.0,5.0,6.0,7.0,8.0,9.0,10.0,11.0,12.0,13.0,14.0,15.0,16.0,17.0,18.0,19.0	25.0466611008,28.0166497041,32.2752805726,36.4078913539,41.277665328,43.8695027726,48.9178756397,53.2908199739,56.2891195347,59.4104330621,64.463986908,68.5485641689,71.5761747863,75.7153484682,81.124612352,85.1040590434,87.4643573095,92.6695131154,95.9804014847,100.196740263	5	linear	0.04	44000,,
53755	0.0,1.0,2.0,3.0,4.0,5.0,6.0,7.0,8.0,9.0,10.0,11.0,12.0,13.0,14.0,15.0,16.0,17.0,18.0,19.0	0.97783707479,4.09780026609,7.86462122995,13.0053726311,15.5355955718,20.7807202144,25.3069871887,27.3995925188,32.5270580795,36.6851040822,41.6413703879,43.7644177998,48.4907139555,53.6812718161,57.4188286606,61.5543596065,63.4646666026,69.6755602472,71.7797237611,76.1802659967	5	linear	0.04	44000,,
52052	0.0,1.0,2.0,3.0,4.0,5.0,6.0,7.0,8.0,9.0,10.0,11.0,12.0,13.0,14.0,15.0,16.0,17.0,18.0,19.0	-31.355201544,-28.4380540659,-24.8407091425,-19.304767273,-15.3694273411,-12.7076062301,-7.52433253208,-3.41312940728,0.673760828089,3.07320898427,9.24013229658,12.6297657651,17.1005101294,20.749456219,23.5993776092,27.3727967474,31.9920845015,35.649930028,40.4313657826,43.3087455341	5	linear	0.04	44000,,
52971	0.0,1.0,2.0,3.0,4.0,5.0,6.0,7.0,8.0,9.0,10.0,11.0,12.0,13.0,14.0,15.0,16.0,17.0,18.0,19.0	-49.1053078049,-46.196012477,-42.9298821163,-38.0096390112,-34.5414635851,-28.9923759313,-26.5342469481,-22.4559846142,-17.407268201,-13.8199577938,-10.0376327505,-6.4162089792,-2.04678213312,0.765673216528,5.02590475902,9.56432032808,13.3927391857,17.0023352473,22.1519885335,26.2958510618	5	linear	0.04	44000,,
53997	0.0,1.0,2.0,3.0,4.0,5.0,6.0,7.0,8.0,9.0,10.0,11.0,12.0,13.0,14.0,15.0,16.0,17.0,18.0,19.0	22.4103895805,26.7966265364,29.8474888565,34.2436702166,37.5504722225,41.0473730137,45.8735318014,50.0502529718,52.9084630806,58.737414299,62.2442943543,66.2176981449,68.6785840956,73.7480302256,78.7170438148,80.7629570275,85.0549731655,89.9771704449,93.9521533715,97.1067106593	5	linear	0.04	44000,,
54493	0.0,1.0,2.0,3.0,4.0,5.0,6.0,7.0,8.0,9.0,10.0,11.0,12.0,13.0,14.0,15.0,16.0,17.0,18.0,19.0	-26.597960345,-21.7197481624,-18.7290292837,-13.1714563287,-10.028287598,-6.8484846132,-1.43012173963,0.781262586858,6.83028794151,10.8938990325,14.4069038551,18.623998381,22.6207773523,25.4614469997,30.490658341,33.5139115023,36.9483847103,40.814336923,45.2667684097,50.9417302796	5	linear	0.04	44000,,
55141	0.0,1.0,2.0,3.0,4.0,5.0,6.0,7.0,8.0,9.0,10.0,11.0,12.0,13.0,14.0,15.0,16.0,17.0,18.0,19.0	-3.0173345253,1.35806212025,5.46087044272,8.94392639146,11.7651421826,16.2090501632,20.5919905164,25.5319924463,29.1657994307,32.9483900776,37.0251436417,41.5169064952,45.6845553604,47.4547330485,53.6855125441,57.4972588499,60.6246003157,64.7748625594,69.0982132819,71.936066957	5	linear	0.04	44000,,
53536	0.0,1.0,2.0,3.0,4.0,5.0,6.0,7.0,8.0,9.0,10.0,11.0,12.0,13.0,14.0,15.0,16.0,17.0,18.0,19.0	77.382208183,81.2423054885,87.1039755082,89.6190474904,93.4457061902,98.5564691722,102.927540075,105.109480825,109.331755024,113.082617869,118.129706805,122.622338317,126.290773574,130.65406749,133.548712408,137.894157754,141.977090722,145.228324638,149.209064078,153.957202395	5	linear	0.04	44000,,
52279	0.0,1.0,2.0,3.0,4.0,5.0,6.0,7.0,8.0,9.0,10.0,11.0,12.0,13.0,14.0,15.0,16.0,17.0,18.0,19.0	-2.70024115428,0.474535350989,5.40977523324,9.84475925795,13.0649706569,16.8031269908,21.5883840211,26.4039315802,29.7390432482,32.245575319,36.1839342702,42.2683591671,44.8839041754,50.2762271885,53.8194633026,57.4795430249,62.3450753166,66.0930466836,70.1837051485,72.1684579673	5	linear	0.04	44000,,
53665	0.0,1.0,2.0,3.0,4.0,5.0,6.0,7.0,8.0,9.0,10.0,11.0,12.0,13.0,14.0,15.0,16.0,17.0,18.0,19.0	-18.5911347513,-13.9730794936,-9.83610959927,-6.65396330589,-2.62063510234,1.81622455621,5.06099135361,9.86931420715,13.2399035078,17.1766624136,22.5640896698,26.5940859143,29.89634063,32.7698255905,38.569935128,42.4172055957,46.6599764971,50.9618053862,54.3389610362,57.3278674846	5	linear	0.04	44000,,
53403	0.0,1.0,2.0,3.0,4.0,5.0,6.0,7.0,8.0,9.0,10.0,11.0,12.0,13.0,14.0,15.0,16.0,17.0,18.0,19.0	2.32553061838,5.793594506,8.43570316047,13.9538908303,17.755335161,21.7018818379,24.0635917966,30.1329724033,33.7218019152,37.1512573704,40.3003416871,44.7558318935,48.4382383975,53.5369844542,56.8907699306,61.0943086098,64.8465239675,68.7508111348,72.3510349564,76.7942488761	5	linear	0.04	44000,,
54245	0.0,1.0,2.0,3.0,4.0,5.0,6.0,7.0,8.0,9.0,10.0,11.0,12.0,13.0,14.0,15.0,16.0,17.0,18.0,19.0	70.8605211927,75.1109112868,78.7151053834,83.3361676075,87.2789401242,90.830177554,94.7904337541,98.7137988787,102.646280845,106.012480806,111.026994666,115.159204866,118.359500149,122.39269472,127.960115644,131.215833414,134.3233852,138.584404091,142.47133132,146.956124455	5	linear	0.04	44000,,
52277	0.0,1.0,2.0,3.0,4.0,5.0,6.0,7.0,8.0,9.0,10.0,11.0,12.0,13.0,14.0,15.0,16.0,17.0,18.0,19.0	6.69856414182,8.64526544197,13.9964175267,18.7044655323,20.8140583585,26.2336418856,30.6248213988,33.7354681506,37.1744702763,42.5891255351,45.7784434448,49.8632275167,53.1219265784,57.4489423925,60.9497076304,64.987898076,69.0472236741,74.1047608686,76.8566301981,82.6573714683	5	linear	0.04	44000,,
52274	0.0,1.0,2.0,3.0,4.0,5.0,6.0,7.0,8.0,9.0,10.0,11.0,12.0,13.0,14.0,15.0,16.0,17.0,18.0,19.0	53.3673374188,56.3539003572,59.6960111067,63.9450051334,67.3756653313,72.1823277762,77.3671732539,80.3358131428,83.1734457885,88.7046203257,91.7537519599,95.0956531939,99.4033885839,103.785516405,108.916563971,112.758262278,116.690546552,120.410760706,125.37838555,127.284796092	5	linear	0.04	44000,,
54218	0.0,1.0,2.0,3.0,4.0,5.0,6.0,7.0,8.0,9.0,10.0,11.0,12.0,13.0,14.0,15.0,16.0,17.0,18.0,19.0	15.3559336871,21.0760437886,25.4684498383,28.594721332,31.4890485903,36.6795852714,40.3242625834,44.5087692625,48.0384375715,52.2852433915,55.4372950883,60.3700117226,65.0488856059,69.2306151573,72.2848005382,76.6360738263,79.7940639319,84.4807076611,89.2112726519,93.2542095934	5	linear	0.04	44000,,
54503	0.0,1.0,2.0,3.0,4.0,5.0,6.0,7.0,8.0,9.0,10.0,11.0,12.0,13.0,14.0,15.0,16.0,17.0,18.0,19.0	-51.2921109684,-46.5968674113,-42.2444277688,-39.5054331037,-34.6559464557,-30.8646928547,-25.8557184893,-23.4515527271,-18.5070711229,-15.6908447868,-10.9703862006,-8.03700699779,-3.02779989897,1.9074613997,5.65113591876,8.54021788823,13.9134761119,16.1467544181,20.3107516754,24.46859301	5	linear	0.04	44000,,
52172	0.0,1.0,2.0,3.0,4.0,5.0,6.0,7.0,8.0,9.0,10.0,11.0,12.0,13.0,14.0,15.0,16.0,17.0,18.0,19.0	19.1455693828,22.3456690279,27.3541232255,30.3871508397,34.3383253914,39.1469097301,43.7232952929,46.6355037408,49.5984031724,55.6885157265,58.5937420671,63.6093665522,67.741626466,71.1788825001,74.8359751387,78.6405833905,82.4431153938,86.658341438,91.2721628644,94.1519448825	5	linear	0.04	44000,,
52995	0.0,1.0,2.0,3.0,4.0,5.0,6.0,7.0,8.0,9.0,10.0,11.0,12.0,13.0,14.0,15.0,16.0,17.0,18.0,19.0	63.644600269,69.4976136259,73.0473120908,76.4758954523,81.071115494,85.2639712294,89.2650568685,92.5692788982,97.6498206644,99.4433158173,105.120313642,109.369973663,113.110557061,116.202575439,120.07981365,125.315295856,128.994454596,133.307013333,136.253573484,140.843473303	5	linear	0.04	44000,,
55845	0.0,1.0,2.0,3.0,4.0,5.0,6.0,7.0,8.0,9.0,10.0,11.0,12.0,13.0,14.0,15.0,16.0,17.0,18.0,19.0	-24.6469673578,-21.9307856388,-18.2692793305,-12.5052775001,-8.58832573326,-6.39709056415,-2.11844959797,1.66678950746,5.72555055174,11.0135353073,14.6737725257,17.5753923036,21.7860145315,26.3738282954,29.7724853732,33.876346451,38.3135043632,43.6476331471,47.0755588596,49.9870626178	5	linear	0.04	44000,,
55656	0.0,1.0,2.0,3.0,4.0,5.0,6.0,7.0,8.0,9.0,10.0,11.0,12.0,13.0,14.0,15.0,16.0,17.0,18.0,19.0	30.3904958645,34.4334994999,38.272217194,42.4856270617,45.5023809257,50.1279435679,53.9260506218,57.0765409337,62.7848339272,65.8986351186,69.3704065051,73.2371144662,77.7620085763,83.0567326819,84.752905444,89.9727468416,93.9893051089,97.6558332697,100.686241399,106.842458328	5	linear	0.04	44000,,
55482	0.0,1.0,2.0,3.0,4.0,5.0,6.0,7.0,8.0,9.0,10.0,11.0,12.0,13.0,14.0,15.0,16.0,17.0,18.0,19.0	11.3149291456,14.5437898663,17.4796792904,22.1050051079,27.6228331365,30.4837237148,33.5076132777,37.5405640952,42.6230936353,47.3121452622,49.9054685478,54.946440034,58.1953833824,63.5550138033,65.7596158906,70.0224388951,75.1023245051,79.4660654401,83.0920024968,85.648086593	5	linear	0.04	44000,,
53211	0.0,1.0,2.0,3.0,4.0,5.0,6.0,7.0,8.0,9.0,10.0,11.0,12.0,13.0,14.0,15.0,16.0,17.0,18.0,19.0	73.3330625053,77.8864648475,82.0422501967,85.8771171536,89.3651190212,92.0611817969,97.4089370253,101.272506482,106.258814971,108.54806981,112.654924363,116.764946306,120.154869245,124.172832117,129.241972544,133.797434308,136.780910862,142.046860625,144.026878347,148.891298712	5	linear	0.04	44000,,
55144	0.0,1.0,2.0,3.0,4.0,5.0,6.0,7.0,8.0,9.0,10.0,11.0,12.0,13.0,14.0,15.0,16.0,17.0,18.0,19.0	88.2526161271,91.5140012375,96.430572606,99.769701852,104.532561426,109.646231961,112.423300317,115.376552214,119.824634388,125.355464586,129.40879666,131.37497153,136.546460653,139.675662637,143.427428816,148.056094916,152.586840017,157.245309482,159.424868173,163.899235242	5	linear	0.04	44000,,
55716	0.0,1.0,2.0,3.0,4.0,5.0,6.0,7.0,8.0,9.0,10.0,11.0,12.0,13.0,14.0,15.0,16.0,17.0,18.0,19.0	-22.4945110089,-18.7167243416,-13.2698420263,-9.13689100592,-6.95489965879,-2.87765226377,2.6811010314,5.86064379735,10.7150745116,14.6923486793,17.70329486,21.1907328679,25.0443193287,31.0834963695,33.1480486776,37.5291933135,42.2539803273,46.7109577853,50.835640892,54.9251152333	5	linear	0.04	44000,,
54414	0.0,1.0,2.0,3.0,4.0,5.0,6.0,7.0,8.0,9.0,10.0,11.0,12.0,13.0,14.0,15.0,16.0,17.0,18.0,19.0	-56.7531456449,-54.9266282002,-49.6932466009,-45.0629736418,-42.0804067383,-37.5366839099,-33.613654957,-29.401006102,-24.7933537601,-22.8261548935,-18.4819014734,-13.5014720114,-8.98517090309,-6.91580896212,-0.961201482776,2.00526951118,5.78922673845,9.80373755544,14.961038936,18.6580068184	5	linear	0.04	44000,,
52483	0.0,1.0,2.0,3.0,4.0,5.0,6.0,7.0,8.0,9.0,10.0,11.0,12.0,13.0,14.0,15.0,16.0,17.0,18.0,19.0	-33.6633211267,-29.3543381124,-25.4279672156,-21.268996527,-16.6180076677,-13.8237723549,-8.41372172493,-5.33597748806,-0.705928568396,2.5991827175,6.96705922651,10.1946392016,15.7598510056,19.7214751334,22.3908510279,28.1122548465,32.0567331375,35.5553462072,39.091006957,42.9516276944	5	linear	0.04	44000,,
55568	0.0,1.0,2.0,3.0,4.0,5.0,6.0,7.0,8.0,9.0,10.0,11.0,12.0,13.0,14.0,15.0,16.0,17.0,18.0,19.0	-10.5776183727,-7.40756076767,-2.61605680198,0.491989849689,5.23073140618,7.86222941711,11.5683657507,17.2403826239,19.6947311677,24.1672498247,28.8955163675,31.874034539,35.9138875369,40.9604054108,43.6841964308,47.198410989,52.5681529567,56.7704649422,60.0779039923,64.2147818412	5	linear	0.04	44000,,
55374	0.0,1.0,2.0,3.0,4.0,5.0,6.0,7.0,8.0,9.0,10.0,11.0,12.0,13.0,14.0,15.0,16.0,17.0,18.0,19.0	4.33488958934,8.10346833872,12.2839056884,16.401251062,19.3407175054,23.3458916144,26.7238559355,32.0884811633,35.4519084215,38.4778861468,43.0956162348,47.8327157225,51.1567052015,56.494297794,59.9301015659,63.0818116636,68.0855768421,71.2492135061,76.4122082391,79.0580392435	5	linear	0.04	44000,,
53342	0.0,1.0,2.0,3.0,4.0,5.0,6.0,7.0,8.0,9.0,10.0,11.0,12.0,13.0,14.0,15.0,16.0,17.0,18.0,19.0	73.5864668584,77.7013664905,80.5337668428,86.6551500773,90.1370409149,92.9527147075,98.2644917773,100.635988876,106.256011127,109.354010374,113.263938463,116.574089583,122.184289971,126.067550358,129.236140671,133.437767956,137.966379004,140.797253634,145.114810378,150.456611834	5	linear	0.04	44000,,
53275	0.0,1.0,2.0,3.0,4.0,5.0,6.0,7.0,8.0,9.0,10.0,11.0,12.0,13.0,14.0,15.0,16.0,17.0,18.0,19.0	54.961424197,59.3074696934,64.4630011172,68.2795671884,71.4485149809,75.1075477901,79.1284535397,83.8372563265,87.5778555768,92.6344148825,95.7983940344,100.787656014,104.715421479,108.099079357,111.021084125,116.251169296,118.684613769,123.49204237,128.656983839,132.742725392	5	linear	0.04	44000,,
54916	0.0,1.0,2.0,3.0,4.0,5.0,6.0,7.0,8.0,9.0,10.0,11.0,12.0,13.0,14.0,15.0,16.0,17.0,18.0,19.0	-14.747812613,-10.7290740618,-5.28615929712,-1.1983942631,2.4925673192,5.63320472698,10.050718757,15.3400810093,19.1492191826,22.1625743862,26.789096368,30.5953774291,34.9555761472,37.7699117735,42.3567418295,46.8583005818,50.9944663856,52.9990714838,59.0757101232,62.8783693121	5	linear	0.04	44000,,
53049	0.0,1.0,2.0,3.0,4.0,5.0,6.0,7.0,8.0,9.0,10.0,11.0,12.0,13.0,14.0,15.0,16.0,17.0,18.0,19.0	67.0792748549,69.5449112479,75.1259073577,79.2073559207,82.4474252778,86.3398087633,91.4795913042,93.7441869619,98.6175010172,103.364018971,107.122550669,109.390462297,115.587033226,119.696059791,122.93635826,125.663022192,129.952756102,135.480271291,137.422027187,141.923019395	5	linear	0.04	44000,,
54274	0.0,1.0,2.0,3.0,4.0,5.0,6.0,7.0,8.0,9.0,10.0,11.0,12.0,13.0,14.0,15.0,16.0,17.0,18.0,19.0	-12.2877766812,-8.66648479434,-5.6185763552,-1.92291340261,1.59094214195,7.12959198074,10.0692051528,15.1344465566,18.2997579674,22.2496409198,26.9786636198,31.005571471,35.3650737149,39.3379693538,42.6900127083,46.4582411827,51.7025055508,53.6989884881,59.326335237,61.8212207223	5	linear	0.04	44000,,
55253	0.0,1.0,2.0,3.0,4.0,5.0,6.0,7.0,8.0,9.0,10.0,11.0,12.0,13.0,14.0,15.0,16.0,17.0,18.0,19.0	44.6248273665,49.1602175546,51.5438631758,55.9251730254,60.4205971,65.2493977635,68.6609985499,71.8070311745,76.0527488992,80.1486361593,84.5872253119,87.2942241377,91.7057415187,95.7577813229,100.785437113,103.505488234,108.373683948,111.886149458,116.079255533,119.651370321	5	linear	0.04	44000,,
53784	0.0,1.0,2.0,3.0,4.0,5.0,6.0,7.0,8.0,9.0,10.0,11.0,12.0,13.0,14.0,15.0,16.0,17.0,18.0,19.0	83.3756347789,87.2919268529,91.9503928285,94.9315521083,98.9639033483,102.939476158,107.612025966,112.908263458,116.272298178,118.804752935,123.124257533,127.366316038,130.648758598,136.562460789,139.920968595,144.270219662,148.611403253,150.693332862,156.475410782,159.112456536	5	linear	0.04	44000,,
53500	0.0,1.0,2.0,3.0,4.0,5.0,6.0,7.0,8.0,9.0,10.0,11.0,12.0,13.0,14.0,15.0,16.0,17.0,18.0,19.0	54.0877173765,59.0798174782,61.8724029242,67.3490495257,69.6676036428,75.1465223299,77.7316950586,82.9928151149,85.962196159,91.2985814429,93.6212046441,99.6184829751,103.37028586,106.126986654,110.841658212,113.767937902,118.717241945,122.058424377,126.577579333,129.938429094	5	linear	0.04	44000,,
53311	0.0,1.0,2.0,3.0,4.0,5.0,6.0,7.0,8.0,9.0,10.0,11.0,12.0,13.0,14.0,15.0,16.0,17.0,18.0,19.0	-61.1796756335,-56.2390645991,-52.6179137265,-48.2776040422,-43.6108063799,-40.8633800986,-36.7263844844,-31.3097822348,-27.3263483547,-23.7924310364,-20.9482605902,-16.9443387378,-12.2756385156,-8.78299427003,-4.8426527428,-0.148233671079,4.62927735929,7.69114023636,11.5371624634,17.1434741454	5	linear	0.04	44000,,
55982	0.0,1.0,2.0,3.0,4.0,5.0,6.0,7.0,8.0,9.0,10.0,11.0,12.0,13.0,14.0,15.0,16.0,17.0,18.0,19.0	-42.2904966694,-38.2505755527,-33.5851203047,-30.2191314324,-25.909273681,-22.5090153299,-18.3986483923,-14.8545759767,-10.0475935785,-5.11381723469,-1.01966523303,2.80002495764,7.21239397321,10.3488583942,13.1465510547,17.4358619044,23.2465696465,25.7357876432,29.3302219786,33.0237751117	5	linear	0.04	44000,,
52590	0.0,1.0,2.0,3.0,4.0,5.0,6.0,7.0,8.0,9.0,10.0,11.0,12.0,13.0,14.0,15.0,16.0,17.0,18.0,19.0	42.2655817188,45.8589060323,50.0159457944,53.7334909982,58.9887781576,62.2256688975,66.3735324063,71.3085871595,74.1557467979,79.7674664503,82.8955578344,87.5952424949,91.7778414176,93.828532756,99.5988297079,102.460565687,106.929220136,109.632414433,113.612070606,117.509949032	5	linear	0.04	44000,,
54476	0.0,1.0,2.0,3.0,4.0,5.0,6.0,7.0,8.0,9.0,10.0,11.0,12.0,13.0,14.0,15.0,16.0,17.0,18.0,19.0	84.0057504564,88.1773079877,91.6634457478,94.8635227979,98.8724401482,104.655974038,108.513538441,112.056492049,115.093491763,118.76207936,123.906361586,127.402795769,130.858546733,135.724648776,140.519969311,143.520829376,148.778084298,152.575309299,155.882116172,158.671784891	5	linear	0.04	44000,,
54881	0.0,1.0,2.0,3.0,4.0,5.0,6.0,7.0,8.0,9.0,10.0,11.0,12.0,13.0,14.0,15.0,16.0,17.0,18.0,19.0	61.7686486425,65.0076690991,69.7093782606,74.1083989414,76.2887903148,80.3505259784,83.987939872,89.9148583256,94.0679215249,96.4176893491,100.054620156,105.51484649,108.860004102,112.18999508,117.846625656,119.946426784,124.362116252,127.9713177,133.613405103,137.860870211	5	linear	0.04	44000,,
52905	0.0,1.0,2.0,3.0,4.0,5.0,6.0,7.0,8.0,9.0,10.0,11.0,12.0,13.0,14.0,15.0,16.0,17.0,18.0,19.0	-37.1381246908,-33.4269041752,-28.7547377089,-24.5395351374,-21.5661596361,-15.7841071401,-12.9401060855,-7.99437486839,-4.65256286765,-0.859157219645,2.9625216325,6.9883710221,10.7378060664,16.0085640944,19.4623604591,22.1948534844,26.7591115072,31.6346857933,35.7810417941,38.1627857595	5	linear	0.04	44000,,
52847	0.0,1.0,2.0,3.0,4.0,5.0,6.0,7.0,8.0,9.0,10.0,11.0,12.0,13.0,14.0,15.0,16.0,17.0,18.0,19.0	79.9656524854,84.8269815182,87.3834645942,91.5796737966,95.4358475155,99.797541698,104.176801786,108.477570896,112.369614306,116.218932866,118.984910832,123.727378476,128.981078443,131.671348746,136.367690722,139.570177494,143.311085777,147.75681115,151.380200468,154.970868369	5	linear	0.04	44000,,
53028	0.0,1.0,2.0,3.0,4.0,5.0,6.0,7.0,8.0,9.0,10.0,11.0,12.0,13.0,14.0,15.0,16.0,17.0,18.0,19.0	-10.9482822964,-5.77238840589,-2.82306987241,1.06573701706,5.09310138869,9.58895043805,12.9875703428,16.871201598,21.1359582921,25.0309452004,29.2396363839,34.4957324019,38.2014247218,40.4635925967,44.9690276711,49.5620558811,54.2003253343,57.3341712391,61.5007400887,66.4175317368	5	linear	0.04	44000,,
54664	0.0,1.0,2.0,3.0,4.0,5.0,6.0,7.0,8.0,9.0,10.0,11.0,12.0,13.0,14.0,15.0,16.0,17.0,18.0,19.0	-36.9430641,-34.0638984051,-28.6855547682,-25.9255836955,-21.8182227977,-17.3769032851,-13.1049500943,-10.088207567,-5.5043359871,-0.638297214603,2.47246628926,6.28451137321,11.8574025853,15.9218537262,19.8524800746,22.4881195192,27.4188761837,30.5569070065,35.2130683607,38.0567423723	5	linear	0.04	44000,,
52520	0.0,1.0,2.0,3.0,4.0,5.0,6.0,7.0,8.0,9.0,10.0,11.0,12.0,13.0,14.0,15.0,16.0,17.0,18.0,19.0	20.5280987339,23.2425958416,27.0541860618,31.9875256367,36.7537093427,39.9555330304,43.6482784255,47.8063832524,50.9760559913,55.0668851491,60.3745695391,64.0124157266,66.9812752643,70.5303045736,76.0175978633,78.7129800176,84.5020310756,87.8932124698,91.2873028104,96.0922950797	5	linear	0.04	44000,,
54526	0.0,1.0,2.0,3.0,4.0,5.0,6.0,7.0,8.0,9.0,10.0,11.0,12.0,13.0,14.0,15.0,16.0,17.0,18.0,19.0	-22.718853457,-19.4615008478,-16.1698982491,-10.8653523652,-8.2857657694,-4.26988567733,0.145102168756,4.40090913274,8.62858036716,11.6881010499,16.3147367597,19.7440409617,23.9843098367,28.5176442642,32.8118304269,36.6717126529,40.1707630866,44.8902579674,49.0000495792,52.0299185228	5	linear	0.04	44000,,
54620	0.0,1.0,2.0,3.0,4.0,5.0,6.0,7.0,8.0,9.0,10.0,11.0,12.0,13.0,14.0,15.0,16.0,17.0,18.0,19.0	-43.1578916585,-41.104680008,-36.2717848068,-32.4134335144,-27.5664849566,-24.2391498688,-20.7380500456,-17.2533378682,-11.1794668254,-8.74256131274,-4.69839238189,-0.235063645315,2.81515372058,8.68331025142,11.9031031132,15.4240516204,20.9993739393,22.7808085873,26.8125984585,31.2341510772	5	linear	0.04	44000,,
54640	0.0,1.0,2.0,3.0,4.0,5.0,6.0,7.0,8.0,9.0,10.0,11.0,12.0,13.0,14.0,15.0,16.0,17.0,18.0,19.0	80.777962255,84.1221489258,88.9251879105,94.1252518244,97.5797622715,101.749819882,103.99944999,108.011649494,113.499041352,116.885743247,121.034919578,125.889782453,128.375629293,133.082227105,136.065237312,141.839862892,145.553411651,148.858647689,153.543613949,156.819749975	5	linear	0.04	44000,,
52761	0.0,1.0,2.0,3.0,4.0,5.0,6.0,7.0,8.0,9.0,10.0,11.0,12.0,13.0,14.0,15.0,16.0,17.0,18.0,19.0	-50.1991951515,-45.901763368,-42.1474020381,-38.9005493585,-35.3870963147,-30.6779518297,-25.4192424579,-22.0605507276,-18.9175411253,-13.3714687278,-10.6158070323,-5.93427256131,-3.56746508787,2.46679855254,6.36990963266,9.6257452595,14.0390642092,17.2202980244,22.2133151552,25.549454547	5	linear	0.04	44000,,
54036	0.0,1.0,2.0,3.0,4.0,5.0,6.0,7.0,8.0,9.0,10.0,11.0,12.0,13.0,14.0,15.0,16.0,17.0,18.0,19.0	16.4929938186,18.621833819,23.6084382334,26.572695836,32.3167801953,34.9006978607,40.1613684865,44.3046988007,48.390827147,51.2037893221,56.506165255,59.6843653658,64.3584089942,67.1679790047,72.0190189766,75.5128715635,79.3733150879,83.6066859605,87.9381409449,92.2842660272	5	linear	0.04	44000,,
54002	0.0,1.0,2.0,3.0,4.0,5.0,6.0,7.0,8.0,9.0,10.0,11.0,12.0,13.0,14.0,15.0,16.0,17.0,18.0,19.0	25.7895543652,28.292664686,32.4832899663,37.7567347223,40.9300789196,44.8111198427,49.4403253419,53.4734826877,57.3762139475,61.3895943378,65.9377315263,69.2534632984,73.0897363907,77.8685588873,81.4063546306,85.2678650072,89.3984106025,92.5035400142,97.3234798154,101.159016417	5	linear	0.04	44000,,
53140	0.0,1.0,2.0,3.0,4.0,5.0,6.0,7.0,8.0,9.0,10.0,11.0,12.0,13.0,14.0,15.0,16.0,17.0,18.0,19.0	40.5242142288,43.7521752849,48.3501164613,53.7210027082,57.3292133012,59.7962609065,65.9887511458,68.1091775195,72.0072299769,76.7154002449,80.6452609341,83.8064257742,88.9509094269,92.3152007745,97.6780664903,100.931615418,103.926156047,109.552233921,113.956326036,116.242287512	5	linear	0.04	44000,,
55382	0.0,1.0,2.0,3.0,4.0,5.0,6.0,7.0,8.0,9.0,10.0,11.0,12.0,13.0,14.0,15.0,16.0,17.0,18.0,19.0	4.72303212384,8.07865197122,12.7770559311,17.2808414638,21.4611334013,23.651416365,27.9475610344,32.1412399056,36.603961338,41.0307120151,43.7574028666,47.7442449255,53.1067787046,56.3425845854,61.5589547119,65.1511583091,69.1617254627,73.3850944461,76.5044837096,81.1337285965	5	linear	0.04	44000,,
52930	0.0,1.0,2.0,3.0,4.0,5.0,6.0,7.0,8.0,9.0,10.0,11.0,12.0,13.0,14.0,15.0,16.0,17.0,18.0,19.0	-36.4249295663,-33.2856116647,-29.1599065405,-23.8506109243,-20.858700953,-16.3032063265,-12.9399586372,-9.91515173296,-5.18425834213,-0.693495944431,3.68049279723,6.09213206238,11.0813632726,15.0917175921,18.2556309542,22.8102678891,28.0060749129,31.3938917115,35.4640974974,39.9278613246	5	linear	0.04	44000,,
55018	0.0,1.0,2.0,3.0,4.0,5.0,6.0,7.0,8.0,9.0,10.0,11.0,12.0,13.0,14.0,15.0,16.0,17.0,18.0,19.0	23.9050458003,27.3540836621,32.3849752238,35.1585264527,39.4635341019,43.3100299972,48.2801972928,52.4465580838,55.4385286472,60.7118690556,64.1117550992,69.0319665185,72.8386996243,76.5026231555,80.5492304502,84.5182939172,88.6466866012,90.8725862159,95.2067318186,100.088716702	5	linear	0.04	44000,,
55598	0.0,1.0,2.0,3.0,4.0,5.0,6.0,7.0,8.0,9.0,10.0,11.0,12.0,13.0,14.0,15.0,16.0,17.0,18.0,19.0	23.5146725277,25.7429515924,29.6213482924,35.3019783782,37.5775762455,43.8847124652,47.5290341382,51.4328918112,53.6345230831,57.7558087486,63.3275840925,66.6790493504,70.1471665269,73.6834010906,79.7901474446,82.4068482302,87.4513507197,91.1114553639,95.5330338928,99.6985732719	5	linear	0.04	44000,,
52204	0.0,1.0,2.0,3.0,4.0,5.0,6.0,7.0,8.0,9.0,10.0,11.0,12.0,13.0,14.0,15.0,16.0,17.0,18.0,19.0	86.9405027546,90.2105452926,94.5280055231,99.0455142459,103.06852207,106.642290291,111.021539744,114.948057793,117.992124745,123.879703872,127.046819879,132.026545794,135.456092102,139.947118564,141.787672962,147.27782969,151.362753106,155.427821486,158.207216497,162.576643819	5	linear	0.04	44000,,
53898	0.0,1.0,2.0,3.0,4.0,5.0,6.0,7.0,8.0,9.0,10.0,11.0,12.0,13.0,14.0,15.0,16.0,17.0,18.0,19.0	43.2070950673,47.542879521,51.9804731744,56.8297598884,60.8415827038,64.7854668492,69.1553413517,72.5444787632,76.7883084941,81.3641404711,83.6273713175,88.657145942,92.670895261,96.7760226203,101.141359556,104.996816681,108.253513007,112.54096902,116.93929799,119.237697071	5	linear	0.04	44000,,
55584	0.0,1.0,2.0,3.0,4.0,5.0,6.0,7.0,8.0,9.0,10.0,11.0,12.0,13.0,14.0,15.0,16.0,17.0,18.0,19.0	71.0991574754,73.4378821752,78.1393651287,83.0109590256,86.9070522831,90.7788091432,93.9151112668,98.8448133225,101.624663861,107.10261611,110.218433102,113.148581939,117.553724518,121.135912914,124.99406996,131.092170099,133.118222955,138.800686732,141.362988467,145.258305927	5	linear	0.04	44000,,
55741	0.0,1.0,2.0,3.0,4.0,5.0,6.0,7.0,8.0,9.0,10.0,11.0,12.0,13.0,14.0,15.0,16.0,17.0,18.0,19.0	19.4138864335,21.9305037012,27.158081589,29.5244202061,34.9971806308,37.6600679008,42.857228736,46.3299318768,49.4537844291,54.8082476976,57.8029789275,62.5604679044,66.541299167,71.5838606732,75.612904442,79.1169779869,82.210821019,87.5896497276,89.6910735515,94.2143541825	5	linear	0.04	44000,,
55549	0.0,1.0,2.0,3.0,4.0,5.0,6.0,7.0,8.0,9.0,10.0,11.0,12.0,13.0,14.0,15.0,16.0,17.0,18.0,19.0	-10.5509105485,-7.88786471544,-4.33299389438,1.33640192929,5.25407619224,8.64661600387,11.9908270573,16.0869983329,20.1101975962,23.4127667131,28.05142142,32.6273883437,35.9916478623,39.744514869,43.6363367244,49.5124809946,52.3991938572,55.1727704023,59.6531036476,63.2298210517	5	linear	0.04	44000,,
53104	0.0,1.0,2.0,3.0,4.0,5.0,6.0,7.0,8.0,9.0,10.0,11.0,12.0,13.0,14.0,15.0,16.0,17.0,18.0,19.0	-24.3386466703,-19.7778985922,-17.3545291718,-12.6594965524,-8.96742309431,-3.94628129001,0.492190089453,4.49846377637,6.79140069169,11.1418096365,15.834383785,18.9284035928,23.9238260675,28.3554665681,31.2765784361,35.2483517239,39.4874645975,42.7768689227,48.0604049434,50.5232683774	5	linear	0.04	44000,,
53613	0.0,1.0,2.0,3.0,4.0,5.0,6.0,7.0,8.0,9.0,10.0,11.0,12.0,13.0,14.0,15.0,16.0,17.0,18.0,19.0	81.9462990196,86.3574748233,90.2629136673,94.3923903927,97.7382224934,101.804972125,106.446254422,108.111961891,112.129134069,117.175506776,121.546832198,125.34660336,130.078827868,132.820908599,138.266138221,142.438522858,144.537768395,148.967335021,153.348633253,156.25664402	5	linear	0.04	44000,,
55202	0.0,1.0,2.0,3.0,4.0,5.0,6.0,7.0,8.0,9.0,10.0,11.0,12.0,13.0,14.0,15.0,16.0,17.0,18.0,19.0	19.9907082598,22.8136478677,27.8085632065,29.8404415511,35.7828267437,39.7837040273,43.6178539773,45.9752880683,51.1101808638,55.8281474302,58.7293112168,62.6710990786,67.874264879,71.5199076456,75.3505386318,78.408380352,84.0147747329,86.9521064323,91.5393808983,94.0797293966	5	linear	0.04	44000,,
52478	0.0,1.0,2.0,3.0,4.0,5.0,6.0,7.0,8.0,9.0,10.0,11.0,12.0,13.0,14.0,15.0,16.0,17.0,18.0,19.0	-48.978170942,-44.338229599,-41.6753275084,-36.0235309452,-32.5355962973,-28.1178845162,-24.9085341272,-20.3097892229,-16.2124545177,-12.7834879155,-9.64636185058,-5.66529371192,-0.5988206881,2.0496919527,8.22063867917,12.0891044287,16.0984641431,20.2342308726,22.2712437806,27.8405959648	5	linear	0.04	44000,,
54650	0.0,1.0,2.0,3.0,4.0,5.0,6.0,7.0,8.0,9.0,10.0,11.0,12.0,13.0,14.0,15.0,16.0,17.0,18.0,19.0	9.89866778382,12.9915483749,17.9383908136,22.8125220532,25.2214028903,29.0170737579,33.7585547082,37.0245848328,41.5060117879,45.4123026051,51.1071789437,53.2806872934,58.071013283,63.0787633102,66.5471587151,70.2653960642,74.4582620989,76.8448112032,81.4253124528,86.7634255266	5	linear	0.04	44000,,
52563	0.0,1.0,2.0,3.0,4.0,5.0,6.0,7.0,8.0,9.0,10.0,11.0,12.0,13.0,14.0,15.0,16.0,17.0,18.0,19.0	56.3860289277,60.0808099386,64.9872573981,67.5618122409,71.4490166304,76.5467235491,79.1045870282,83.54371336,88.7827661493,92.266004623,96.9910294651,100.429378682,104.943810479,107.520868474,112.328038867,116.131831333,121.041253066,124.209353668,128.598647292,130.773789783	5	linear	0.04	44000,,
54404	0.0,1.0,2.0,3.0,4.0,5.0,6.0,7.0,8.0,9.0,10.0,11.0,12.0,13.0,14.0,15.0,16.0,17.0,18.0,19.0	64.1541879745,69.5929751117,72.5119623124,76.3843964057,80.0416747647,85.0485900291,89.2954929236,92.8500017055,97.416788889,101.226269724,106.03570851,108.270236872,113.19635344,117.382920355,120.636334455,125.829871965,128.022029051,133.572369173,136.227001131,141.13824082	5	linear	0.04	44000,,
52454	0.0,1.0,2.0,3.0,4.0,5.0,6.0,7.0,8.0,9.0,10.0,11.0,12.0,13.0,14.0,15.0,16.0,17.0,18.0,19.0	-2.80862399294,-0.170253830557,5.15540358023,8.1965543236,12.6611351778,15.8539722219,20.1804686918,23.4841263728,27.0254789644,32.2201602312,36.0066925355,41.3292989733,43.3408738762,47.2936170761,52.836656651,55.1312594075,60.4174797652,64.6073428958,69.1261898448,71.771254512	5	linear	0.04	44000,,
52309	0.0,1.0,2.0,3.0,4.0,5.0,6.0,7.0,8.0,9.0,10.0,11.0,12.0,13.0,14.0,15.0,16.0,17.0,18.0,19.0	3.32184087005,6.89621391433,12.2487882025,15.4931012784,18.8747580673,23.0130372131,28.5213754047,32.5254884189,34.9366457773,39.5508107447,44.1382756628,47.503732902,51.6540522815,55.6630099891,59.6876284724,63.8275928765,68.7977466601,70.681581294,76.0282177826,79.4377308171	5	linear	0.04	44000,,
55876	0.0,1.0,2.0,3.0,4.0,5.0,6.0,7.0,8.0,9.0,10.0,11.0,12.0,13.0,14.0,15.0,16.0,17.0,18.0,19.0	-47.7405134769,-45.819120039,-41.881165294,-37.5824666978,-33.3594785859,-28.5553046734,-24.2098609989,-20.3802700462,-17.2659118621,-12.1787805462,-9.2923547493,-4.71520025243,-0.438584398943,2.8889412488,6.91610831997,12.1001429668,15.0879410121,18.9107340702,23.1600497044,26.1972535347	5	linear	0.04	44000,,
53350	0.0,1.0,2.0,3.0,4.0,5.0,6.0,7.0,8.0,9.0,10.0,11.0,12.0,13.0,14.0,15.0,16.0,17.0,18.0,19.0	64.2055556162,66.8935954307,70.9421891926,76.0455694692,80.0221561271,82.3449977946,88.0714635967,90.3133965252,94.6791141975,100.103400273,102.410106239,106.746114946,112.216005707,114.938893382,119.836456341,122.816482239,126.520430602,130.894183745,135.100871423,139.920241817	5	linear	0.04	44000,,
55315	0.0,1.0,2.0,3.0,4.0,5.0,6.0,7.0,8.0,9.0,10.0,11.0,12.0,13.0,14.0,15.0,16.0,17.0,18.0,19.0	-28.0792120285,-24.80248807,-21.095129753,-15.6330731449,-12.3279251586,-8.79257180787,-3.62510616296,-1.0544673963,3.55788029233,7.99692131276,12.4120923295,16.163612093,20.5157957506,22.9715538309,27.844253116,31.3575117942,34.8448077525,38.9518019385,44.2557670811,46.9959414438	5	linear	0.04	44000,,
55463	0.0,1.0,2.0,3.0,4.0,5.0,6.0,7.0,8.0,9.0,10.0,11.0,12.0,13.0,14.0,15.0,16.0,17.0,18.0,19.0	77.776665231,82.1055989442,87.3597406029,90.8721915017,95.2063775974,97.8527945726,102.330489315,105.864163801,109.271766822,114.003374105,117.836943192,122.673923019,125.705426376,131.083492637,133.554178896,139.086402923,142.091434715,145.421280036,151.471657779,154.087170709	5	linear	0.04	44000,,
55213	0.0,1.0,2.0,3.0,4.0,5.0,6.0,7.0,8.0,9.0,10.0,11.0,12.0,13.0,14.0,15.0,16.0,17.0,18.0,19.0	-31.4797730188,-26.5688320359,-24.3316168995,-19.3307367623,-14.2022967368,-10.8575821394,-6.24886974039,-2.51018522968,1.02275025003,4.18928339999,9.2084798362,11.6985987516,16.4071234972,21.9377693093,24.6569558398,27.8403088739,33.3311640541,37.7600094645,41.3096080361,43.7360176811	5	linear	0.04	44000,,
52053	0.0,1.0,2.0,3.0,4.0,5.0,6.0,7.0,8.0,9.0,10.0,11.0,12.0,13.0,14.0,15.0,16.0,17.0,18.0,19.0	52.7499871341,57.0594441058,60.0593690852,64.4519443286,69.1024814798,72.2654655072,77.3555895811,81.0215068414,84.4794617268,87.7379606201,91.2050024737,95.9206319785,99.5270417178,105.346723902,108.987709486,111.978586571,115.345001144,119.68657005,124.97847491,129.383879144	5	linear	0.04	44000,,
54856	0.0,1.0,2.0,3.0,4.0,5.0,6.0,7.0,8.0,9.0,10.0,11.0,12.0,13.0,14.0,15.0,16.0,17.0,18.0,19.0	-13.6935887913,-9.48363814914,-5.46495623555,-1.99845569441,2.46276725673,6.808809436,12.0094997678,14.8951996877,19.0359969062,24.0604539242,27.3633096693,31.6615588335,35.734263045,38.2088399258,43.8296006449,46.1053616446,51.5158719748,54.4625915686,57.7257855846,62.0830393041	5	linear	0.04	44000,,
55601	0.0,1.0,2.0,3.0,4.0,5.0,6.0,7.0,8.0,9.0,10.0,11.0,12.0,13.0,14.0,15.0,16.0,17.0,18.0,19.0	31.0836814297,34.363079876,39.5985834032,43.5868424325,47.4503300306,50.8022125385,54.8642583854,58.9194463747,61.8984176951,65.5202545162,71.2544289069,74.5980438859,78.324841104,82.9638447617,87.3282147816,90.4383893524,95.4425369877,98.8025108996,103.07375685,106.914846661	5	linear	0.04	44000,,
55799	0.0,1.0,2.0,3.0,4.0,5.0,6.0,7.0,8.0,9.0,10.0,11.0,12.0,13.0,14.0,15.0,16.0,17.0,18.0,19.0	81.6219448219,84.1017442847,89.5654500427,92.0103018861,96.8791940154,100.06866695,106.012645062,107.780907292,112.267889735,117.99785177,121.541817699,124.17882628,129.219934786,132.495063669,137.76296858,141.530348768,146.086098436,149.45145077,152.341597999,157.394499664	5	linear	0.04	44000,,
55003	0.0,1.0,2.0,3.0,4.0,5.0,6.0,7.0,8.0,9.0,10.0,11.0,12.0,13.0,14.0,15.0,16.0,17.0,18.0,19.0	-45.5542048603,-40.6663468619,-36.5340679151,-32.316793234,-29.7661664784,-25.6164489743,-19.4530177959,-15.7261148161,-11.5176266341,-9.51047820082,-3.49358117214,0.501126653137,4.09157887616,7.58462931804,11.6563946521,14.90187708,19.7439432567,23.3138768392,28.2470508128,31.6062524529	5	linear	0.04	44000,,
52287	0.0,1.0,2.0,3.0,4.0,5.0,6.0,7.0,8.0,9.0,10.0,11.0,12.0,13.0,14.0,15.0,16.0,17.0,18.0,19.0	-48.8345964265,-43.5459379155,-40.592512162,-36.4181470615,-31.6974831394,-28.8144031218,-24.4530033214,-19.4190183982,-15.9384287088,-13.4797533186,-7.34562317066,-3.29088293688,-0.875183948834,3.60473666374,8.4129789994,12.4458050556,15.955660859,19.0686132184,23.0418782054,26.725524297	5	linear	0.04	44000,,
52764	0.0,1.0,2.0,3.0,4.0,5.0,6.0,7.0,8.0,9.0,10.0,11.0,12.0,13.0,14.0,15.0,16.0,17.0,18.0,19.0	-13.3353175922,-7.36290138543,-3.89169481897,-0.535188605208,4.42214053084,7.8804330543,12.2597366918,16.5598164117,19.5472373462,24.4240984109,28.15969717,30.4734680742,34.6135948534,38.9515763524,42.9052200825,47.7097063937,52.3321083616,55.2161996161,58.8902144698,63.463971728	5	linear	0.04	44000,,
54074	0.0,1.0,2.0,3.0,4.0,5.0,6.0,7.0,8.0,9.0,10.0,11.0,12.0,13.0,14.0,15.0,16.0,17.0,18.0,19.0	-19.4849144607,-13.7058194666,-12.0263291186,-7.20156771717,-2.11667746433,1.17782699251,5.25851433432,9.61415611258,13.9153922019,16.0171787008,20.0259858147,25.3240304115,29.1185264762,33.9385169419,36.2269992558,40.5715109792,44.5762206674,48.9990329982,52.4641912977,56.469718572	5	linear	0.04	44000,,
53685	0.0,1.0,2.0,3.0,4.0,5.0,6.0,7.0,8.0,9.0,10.0,11.0,12.0,13.0,14.0,15.0,16.0,17.0,18.0,19.0	65.2405969653,68.2357235884,72.7531153829,76.5979757154,82.1528813425,85.0736061274,88.761926782,93.2297505497,97.028918342,102.440428994,105.850449091,108.490638243,112.18503799,118.338567273,122.009421236,126.184223052,129.440174862,132.337272441,137.613753231,141.892324262	5	linear	0.04	44000,,
55791	0.0,1.0,2.0,3.0,4.0,5.0,6.0,7.0,8.0,9.0,10.0,11.0,12.0,13.0,14.0,15.0,16.0,17.0,18.0,19.0	57.0546188405,61.809985213,66.4101459203,68.8270191879,73.2503618957,76.7794631857,81.0275603473,85.4739871082,90.5330331582,93.3339700947,98.3374710489,101.4831008,105.017402402,109.681688257,114.531310922,118.09305372,122.456145065,124.755311079,130.499103315,132.601227782	5	linear	0.04	44000,,
54231	0.0,1.0,2.0,3.0,4.0,5.0,6.0,7.0,8.0,9.0,10.0,11.0,12.0,13.0,14.0,15.0,16.0,17.0,18.0,19.0	15.0271910044,19.603511,23.0802573703,28.2288401434,32.3342103019,34.9463462853,38.5176222331,44.5956697407,46.9263447814,51.5399496117,55.1613803123,60.6391610179,62.7954688684,68.3512388161,71.8539065357,74.850538682,80.0795039055,84.364161104,87.8555467456,91.339518942	5	linear	0.04	44000,,
53643	0.0,1.0,2.0,3.0,4.0,5.0,6.0,7.0,8.0,9.0,10.0,11.0,12.0,13.0,14.0,15.0,16.0,17.0,18.0,19.0	26.5673908393,29.7285567638,34.7169343887,37.18416265,42.3220780888,46.5085364834,49.1336006853,54.8093207455,57.1590306382,61.0737673971,66.8658381572,70.9008627579,74.3381905427,78.4268811784,83.2461523334,87.005101055,89.5697339393,95.1463695345,97.8808080939,102.658116387	5	linear	0.04	44000,,
52288	0.0,1.0,2.0,3.0,4.0,5.0,6.0,7.0,8.0,9.0,10.0,11.0,12.0,13.0,14.0,15.0,16.0,17.0,18.0,19.0	10.2868785966,14.526391667,18.2700206349,23.1653910723,26.269047277,30.1710409613,35.5272737255,38.1062635068,42.249113622,47.0415576498,50.8555564048,54.191322516,58.9678980672,63.9609483479,67.460267163,71.6550771161,74.2679265984,78.9440741769,83.9816285358,86.8010820934	5	linear	0.04	44000,,
54678	0.0,1.0,2.0,3.0,4.0,5.0,6.0,7.0,8.0,9.0,10.0,11.0,12.0,13.0,14.0,15.0,16.0,17.0,18.0,19.0	57.6906310446,60.6338326658,63.7668708393,68.6305858449,71.8995784143,76.0430117479,80.7566491305,83.7472340221,87.722837921,92.7492267704,97.6201661086,101.039656595,104.140897459,109.423596809,111.659266159,116.450736972,120.429066901,124.519734236,129.763237888,132.699176384	5	linear	0.04	44000,,
55444	0.0,1.0,2.0,3.0,4.0,5.0,6.0,7.0,8.0,9.0,10.0,11.0,12.0,13.0,14.0,15.0,16.0,17.0,18.0,19.0	32.3425651444,34.6360732057,39.5358618983,42.7499608948,47.6302449122,51.6438390694,55.3301038447,59.5899775787,63.5730463437,68.3418314885,72.0340768624,74.7446954708,78.8442762788,84.132027851,88.2725435123,91.1836927559,95.6524687471,99.8692985975,103.400912953,107.009345732	5	linear	0.04	44000,,
55707	0.0,1.0,2.0,3.0,4.0,5.0,6.0,7.0,8.0,9.0,10.0,11.0,12.0,13.0,14.0,15.0,16.0,17.0,18.0,19.0	79.4022188567,83.7709680728,88.4982979968,92.3377753593,95.552752381,98.7919680761,103.086523809,106.784128424,111.64411076,116.912149459,119.94757836,123.762675582,128.930270167,131.893305858,135.473303689,139.665759164,143.087616185,148.245758212,152.895898161,156.261050025	5	linear	0.04	44000,,
55641	0.0,1.0,2.0,3.0,4.0,5.0,6.0,7.0,8.0,9.0,10.0,11.0,12.0,13.0,14.0,15.0,16.0,17.0,18.0,19.0	59.1667646559,64.054795218,66.5002703699,70.3433959574,75.6830430977,78.4596536674,82.5849269694,87.8150761285,92.3760692595,96.4683673446,99.5080737103,103.035916921,107.527547277,112.045595203,114.621243043,119.03685207,122.502821947,128.631220982,130.514941169,135.107491033	5	linear	0.04	44000,,
55636	0.0,1.0,2.0,3.0,4.0,5.0,6.0,7.0,8.0,9.0,10.0,11.0,12.0,13.0,14.0,15.0,16.0,17.0,18.0,19.0	30.9578121962,34.45951799,38.6426646695,41.6517011327,45.4038409803,50.4135908045,54.5613274587,59.6021985496,62.3846157451,67.306655728,70.404242668,73.5599802618,77.6308831627,83.7425226558,87.032956222,89.4663624732,95.6023300139,99.6023967954,102.143809316,106.745665631	5	linear	0.04	44000,,
55566	0.0,1.0,2.0,3.0,4.0,5.0,6.0,7.0,8.0,9.0,10.0,11.0,12.0,13.0,14.0,15.0,16.0,17.0,18.0,19.0	74.8484897915,77.8970256051,80.9003340811,85.8564730203,89.2971049003,94.1064155464,98.1605615456,100.781148017,107.119357153,109.717763664,113.162067543,116.87907674,122.842190151,125.90048396,129.0970354,133.106841657,137.333197861,142.702976747,144.773535021,148.775434006	5	linear	0.04	44000,,
54900	0.0,1.0,2.0,3.0,4.0,5.0,6.0,7.0,8.0,9.0,10.0,11.0,12.0,13.0,14.0,15.0,16.0,17.0,18.0,19.0	-8.06294223958,-4.16273054192,0.13085609307,2.31225671269,6.91713486075,11.7150701531,15.0272924533,20.3082805897,22.7787372918,26.3834280741,31.8328537173,34.5295581141,40.5881824788,42.7151806283,47.4137716761,51.6168091167,55.1031297568,59.3159179881,62.7934544764,67.510831462	5	linear	0.04	44000,,
53396	0.0,1.0,2.0,3.0,4.0,5.0,6.0,7.0,8.0,9.0,10.0,11.0,12.0,13.0,14.0,15.0,16.0,17.0,18.0,19.0	33.9173236494,38.2733383364,41.3055427865,45.2205730635,50.644597618,54.0728826072,57.2912285511,61.659278817,64.9773693932,69.129310767,74.9009798145,78.0938680074,82.3978633774,86.563202854,91.0132108472,92.7440039191,97.7675187909,101.647762662,106.025537614,110.712354578	5	linear	0.04	44000,,
52863	0.0,1.0,2.0,3.0,4.0,5.0,6.0,7.0,8.0,9.0,10.0,11.0,12.0,13.0,14.0,15.0,16.0,17.0,18.0,19.0	-36.3080262212,-31.7506479538,-27.4812505466,-23.2470857067,-20.1119419949,-15.9924043416,-11.4365376287,-8.25196387256,-4.20009566129,0.84648179393,4.38775960313,7.85883542038,12.6533372519,15.367513162,20.8698882791,24.4097096458,28.4267914533,32.6972660721,37.1755508909,40.2607272048	5	linear	0.04	44000,,
54563	0.0,1.0,2.0,3.0,4.0,5.0,6.0,7.0,8.0,9.0,10.0,11.0,12.0,13.0,14.0,15.0,16.0,17.0,18.0,19.0	46.5646207415,50.6956791964,54.4810692404,60.4264517826,63.3183708523,67.5314688411,71.4001806876,74.7137209633,80.5078540544,82.4379798988,86.9644205835,92.1262506792,96.37122089,100.384746547,104.034194796,107.812777537,111.789696324,115.537671985,118.522492217,122.394565591	5	linear	0.04	44000,,
52989	0.0,1.0,2.0,3.0,4.0,5.0,6.0,7.0,8.0,9.0,10.0,11.0,12.0,13.0,14.0,15.0,16.0,17.0,18.0,19.0	13.2229341791,17.4305969367,20.9227748476,23.9602530488,27.5468568814,31.9245240012,37.5823277736,40.4086032304,43.8750042582,49.098977887,51.6692113339,56.9004835251,59.6756654539,63.9450610725,67.7985739771,73.3551630094,76.8912726339,79.4318006696,83.5913906181,87.775482629	5	linear	0.04	44000,,
55313	0.0,1.0,2.0,3.0,4.0,5.0,6.0,7.0,8.0,9.0,10.0,11.0,12.0,13.0,14.0,15.0,16.0,17.0,18.0,19.0	83.3130240716,87.6465507455,91.9014493491,95.1589928138,100.193258791,103.975674509,107.79473468,110.996291147,114.745241023,119.384168044,124.413972607,127.342925721,131.05637197,134.739143551,140.725195581,142.723227551,146.613715839,151.126382675,154.640035403,159.979276271	5	linear	0.04	44000,,
54645	0.0,1.0,2.0,3.0,4.0,5.0,6.0,7.0,8.0,9.0,10.0,11.0,12.0,13.0,14.0,15.0,16.0,17.0,18.0,19.0	63.3105081693,66.9335299768,72.2264684426,75.6181441449,78.8258727542,83.1874074845,87.3108160659,91.6877030338,96.5151874476,99.3394743616,104.262973483,107.414252569,111.434943071,114.694304987,119.777348611,122.547575903,127.67897753,131.198464927,134.704821869,138.192094914	5	linear	0.04	44000,,
55539	0.0,1.0,2.0,3.0,4.0,5.0,6.0,7.0,8.0,9.0,10.0,11.0,12.0,13.0,14.0,15.0,16.0,17.0,18.0,19.0	47.3612016201,50.1549430884,54.5095719836,57.8350932789,62.0376444919,65.9527703967,71.2775975369,75.1329780014,78.4570878326,83.890009991,86.5841309266,91.0837701625,95.6300182973,97.8516003305,102.465269842,107.352436589,111.153955665,115.351612551,117.626713123,123.359213244	5	linear	0.04	44000,,
52391	0.0,1.0,2.0,3.0,4.0,5.0,6.0,7.0,8.0,9.0,10.0,11.0,12.0,13.0,14.0,15.0,16.0,17.0,18.0,19.0	-60.485806418,-56.6809816265,-51.551777249,-48.5435825615,-43.8796699258,-40.0169037091,-36.4830078028,-32.6948740031,-28.9079538177,-25.1896283887,-20.3293806397,-17.7080397466,-13.0654948829,-8.34985977055,-5.06221672146,0.469279451205,3.32243748416,6.99579850918,12.0126328439,14.1187827132	5	linear	0.04	44000,,
55471	0.0,1.0,2.0,3.0,4.0,5.0,6.0,7.0,8.0,9.0,10.0,11.0,12.0,13.0,14.0,15.0,16.0,17.0,18.0,19.0	-25.2435156442,-19.0182927127,-15.4712569084,-12.9404197212,-7.75739580912,-3.23895980927,0.992060104706,4.35151377153,6.98369038925,11.1137254658,16.1310042653,19.797753605,23.9130428561,26.9620521382,32.6490073626,36.3912001292,38.8614929015,44.2149134898,48.1876613628,51.5781861459	5	linear	0.04	44000,,
53243	0.0,1.0,2.0,3.0,4.0,5.0,6.0,7.0,8.0,9.0,10.0,11.0,12.0,13.0,14.0,15.0,16.0,17.0,18.0,19.0	15.4250070809,18.3367716888,22.1395084065,25.9915655463,31.1335657259,34.8246006592,37.9595261157,42.2508402369,46.0516322719,51.3085560734,55.0919263814,57.2967064912,63.5459476295,66.2925355655,69.853419649,74.9934052944,78.5067126327,82.7014294603,86.1097086199,89.7976179594	5	linear	0.04	44000,,
54512	0.0,1.0,2.0,3.0,4.0,5.0,6.0,7.0,8.0,9.0,10.0,11.0,12.0,13.0,14.0,15.0,16.0,17.0,18.0,19.0	-25.7657140367,-21.2958163791,-18.60794647,-13.6194152129,-9.80535249322,-5.93732510099,-1.18915269322,3.0206295278,5.74185977939,9.32435445533,14.674315342,18.6422266729,23.0622696912,25.4234308392,31.1269746572,34.8909272742,39.3501933391,41.9585827095,46.5506501513,49.6469794847	5	linear	0.04	44000,,
53298	0.0,1.0,2.0,3.0,4.0,5.0,6.0,7.0,8.0,9.0,10.0,11.0,12.0,13.0,14.0,15.0,16.0,17.0,18.0,19.0	-47.5458332656,-42.0091523263,-39.9487359845,-36.0230604714,-31.4796578369,-26.2552521632,-23.3741811582,-18.9271323249,-14.1425519636,-10.8237505344,-6.16470472249,-2.14949945856,0.308392098521,6.08821369814,8.61475474558,12.2729957869,18.2013351201,22.1407894251,24.3112085095,28.7729822716	5	linear	0.04	44000,,
55281	0.0,1.0,2.0,3.0,4.0,5.0,6.0,7.0,8.0,9.0,10.0,11.0,12.0,13.0,14.0,15.0,16.0,17.0,18.0,19.0	-38.3166554219,-34.9186639388,-30.1123382209,-27.7365478588,-23.5073987124,-20.2531744719,-14.652788148,-11.0271939424,-7.55425497,-4.13672366097,1.21067830755,4.70063929518,7.98162094045,12.5727010481,15.81378648,21.0065015616,24.4700920344,28.635844132,32.2379716863,35.7607977023	5	linear	0.04	44000,,
53569	0.0,1.0,2.0,3.0,4.0,5.0,6.0,7.0,8.0,9.0,10.0,11.0,12.0,13.0,14.0,15.0,16.0,17.0,18.0,19.0	-13.4032339535,-9.40700462949,-4.85838002608,-2.52448712827,2.74193994716,6.2344365357,10.9506941684,15.163296891,18.1073048912,23.0137692319,26.9826839016,30.7489506365,34.1373115239,38.0130395693,42.893396914,45.6635198899,51.3384667542,53.9237696941,58.4837779061,62.8645788391	5	linear	0.04	44000,,
54612	0.0,1.0,2.0,3.0,4.0,5.0,6.0,7.0,8.0,9.0,10.0,11.0,12.0,13.0,14.0,15.0,16.0,17.0,18.0,19.0	-31.9819308372,-28.0809221725,-26.1113776618,-21.7464648386,-18.1178394504,-13.3317224797,-10.1311096368,-4.31858141238,-0.830414290502,3.17798273144,7.003050738,11.1174798133,14.2069052039,19.0479607963,24.1137465143,27.2841116389,31.5244674468,34.3038073358,38.2223895183,42.3559926106	5	linear	0.04	44000,,
55370	0.0,1.0,2.0,3.0,4.0,5.0,6.0,7.0,8.0,9.0,10.0,11.0,12.0,13.0,14.0,15.0,16.0,17.0,18.0,19.0	32.0112099247,36.6543091766,41.0596044847,44.31139732,49.0762572943,52.0913397568,56.2057527248,62.2450556663,65.6176962941,69.5992897094,72.4814656631,76.8922662371,81.9090128435,86.0730985652,89.7393818697,94.2334997764,96.7146980708,100.795869474,105.845908387,110.151109401	5	linear	0.04	44000,,
54013	0.0,1.0,2.0,3.0,4.0,5.0,6.0,7.0,8.0,9.0,10.0,11.0,12.0,13.0,14.0,15.0,16.0,17.0,18.0,19.0	48.1710589045,53.3827223669,57.6111942712,59.6493275349,64.4475764199,69.5808180949,72.4643040425,76.6332198742,80.7727726935,84.1641383858,89.8521636345,92.4434426993,97.1543726908,100.819259177,103.680817409,109.114728276,112.715288088,115.708374919,119.640348204,125.31817923	5	linear	0.04	44000,,
52078	0.0,1.0,2.0,3.0,4.0,5.0,6.0,7.0,8.0,9.0,10.0,11.0,12.0,13.0,14.0,15.0,16.0,17.0,18.0,19.0	-6.43795702836,-2.35513389573,0.891098550211,4.20738152661,9.46841552554,12.3466160796,16.0212639999,21.0223078292,24.9974212544,29.7481256015,32.6731333226,36.1845541035,40.1980211421,45.6854079508,48.3082621925,52.4246611158,56.1267840268,60.3607323254,63.9526497695,68.8668990183	5	linear	0.04	44000,,
53084	0.0,1.0,2.0,3.0,4.0,5.0,6.0,7.0,8.0,9.0,10.0,11.0,12.0,13.0,14.0,15.0,16.0,17.0,18.0,19.0	-29.3584434515,-26.7534455438,-21.7188313057,-19.2929945473,-13.3765946089,-10.7195657452,-6.01814379592,-2.30061629967,2.51661393967,6.90432436199,10.9347622606,12.6656881936,17.9161973089,22.236321001,24.9793381416,29.0921544706,33.3144921056,38.8228147321,42.7607251571,46.3416490412	5	linear	0.04	44000,,
53522	0.0,1.0,2.0,3.0,4.0,5.0,6.0,7.0,8.0,9.0,10.0,11.0,12.0,13.0,14.0,15.0,16.0,17.0,18.0,19.0	-58.9740887592,-55.6695632334,-51.8714118345,-46.7359065707,-42.5562254434,-38.8385792156,-34.1058701321,-30.5293008297,-27.9003793814,-22.5405491306,-19.284806406,-15.6478023552,-11.5248075091,-8.22480564643,-3.56122742737,0.358564538769,5.68999068066,8.99458138001,12.0533887987,16.567727785	5	linear	0.04	44000,,
53423	0.0,1.0,2.0,3.0,4.0,5.0,6.0,7.0,8.0,9.0,10.0,11.0,12.0,13.0,14.0,15.0,16.0,17.0,18.0,19.0	-57.7880328784,-54.8319244329,-51.151672729,-45.6912789458,-42.7669927039,-39.0064769493,-33.4426376395,-30.6417885505,-26.5066154242,-22.0896947424,-19.1367532235,-13.7557683201,-10.7170035274,-6.06468853596,-2.65587389532,1.45907946448,6.0975173476,8.92102462905,14.123263483,18.2581062343	5	linear	0.04	44000,,
54105	0.0,1.0,2.0,3.0,4.0,5.0,6.0,7.0,8.0,9.0,10.0,11.0,12.0,13.0,14.0,15.0,16.0,17.0,18.0,19.0	53.5586055549,58.0567720612,61.4726417158,64.6725736938,69.3894138655,72.2675715723,77.6999492868,80.845042783,85.4244359644,88.4817027061,92.970425117,97.8743445562,102.369579121,104.933340532,109.857804594,113.435028984,117.847130655,120.877999211,126.391208443,128.953103324	5	linear	0.04	44000,,
55384	0.0,1.0,2.0,3.0,4.0,5.0,6.0,7.0,8.0,9.0,10.0,11.0,12.0,13.0,14.0,15.0,16.0,17.0,18.0,19.0	66.1482470038,72.0016748352,74.7369149176,78.5489473358,82.3911168826,87.4896570643,91.0393252338,94.1014172625,98.8687083816,104.137225093,107.302635093,110.84454827,115.800617837,120.32395897,122.445360574,127.414204413,131.601572567,134.401145231,138.197348889,143.313114729	5	linear	0.04	44000,,
53640	0.0,1.0,2.0,3.0,4.0,5.0,6.0,7.0,8.0,9.0,10.0,11.0,12.0,13.0,14.0,15.0,16.0,17.0,18.0,19.0	37.9668996349,43.1209015508,47.0330045114,51.546347081,55.797706155,58.4129605326,63.7018645126,67.6186442944,70.6936594709,75.3494010625,79.9050407103,82.5800338703,86.9275862172,90.2498702159,94.3897199024,99.2568002386,102.056973556,107.434905,110.060801235,115.948632082	5	linear	0.04	44000,,
53447	0.0,1.0,2.0,3.0,4.0,5.0,6.0,7.0,8.0,9.0,10.0,11.0,12.0,13.0,14.0,15.0,16.0,17.0,18.0,19.0	36.3740885383,40.7818675385,45.3265319751,48.2753994712,52.8827647581,57.1071271828,61.7941576515,65.0232821828,69.1665145669,73.6478031577,76.503383329,80.259016875,84.5697059364,88.5466230199,92.7409147841,96.9472751039,101.607421722,105.29011608,110.216685167,112.220897532	5	linear	0.04	44000,,
53494	0.0,1.0,2.0,3.0,4.0,5.0,6.0,7.0,8.0,9.0,10.0,11.0,12.0,13.0,14.0,15.0,16.0,17.0,18.0,19.0	60.0588276113,62.541115407,67.6158527614,71.4836231026,75.2576615204,79.6478238557,83.6960807468,87.1324365328,91.9741445909,95.6413310547,98.8780609859,101.94927129,106.714031742,110.390346334,113.862095144,120.001727013,121.798603138,127.439128256,130.801838589,134.128344321	5	linear	0.04	44000,,
53199	0.0,1.0,2.0,3.0,4.0,5.0,6.0,7.0,8.0,9.0,10.0,11.0,12.0,13.0,14.0,15.0,16.0,17.0,18.0,19.0	-15.0612255305,-10.0843763748,-5.70063028941,-2.57447394166,2.1787663478,5.04212193475,10.236157691,13.9075098205,17.9493336631,20.7988524322,26.0931487306,29.1365748678,34.3610407217,37.7164092142,42.1990159085,46.0253339247,48.7691262534,52.8208355462,57.6533628704,62.8631406786	5	linear	0.04	44000,,
53303	0.0,1.0,2.0,3.0,4.0,5.0,6.0,7.0,8.0,9.0,10.0,11.0,12.0,13.0,14.0,15.0,16.0,17.0,18.0,19.0	-35.5268590073,-32.7933901385,-29.4276430957,-24.4496507051,-20.2464737636,-16.3655444627,-13.4520234026,-8.36003835947,-3.29614543838,0.0909319868915,4.68512720888,7.53349758096,10.6099390606,14.4769599743,18.5861932257,24.1014102883,26.889796154,31.7114173503,36.0268714321,39.1346280975	5	linear	0.04	44000,,
54855	0.0,1.0,2.0,3.0,4.0,5.0,6.0,7.0,8.0,9.0,10.0,11.0,12.0,13.0,14.0,15.0,16.0,17.0,18.0,19.0	53.4527675051,57.7658681666,62.3063848022,66.8720779841,70.6339094542,73.8249976138,78.3247810596,81.3465425444,85.3415428603,91.1485794038,95.1356225227,98.0518843208,101.20685406,105.291795575,109.076383217,114.346103357,118.872468845,122.273275847,127.302599771,130.311026349	5	linear	0.04	44000,,
54876	0.0,1.0,2.0,3.0,4.0,5.0,6.0,7.0,8.0,9.0,10.0,11.0,12.0,13.0,14.0,15.0,16.0,17.0,18.0,19.0	-37.7527729473,-33.5654045148,-29.1831560829,-26.0255406414,-21.7694536519,-17.0006193916,-14.687841701,-10.2420831366,-4.85486776867,-1.69211457841,2.08967332419,6.49705442329,10.2069415894,13.5129576754,18.6442700361,21.5529557428,26.6210853458,31.0264334741,34.086935347,39.3744154245	5	linear	0.04	44000,,
53815	0.0,1.0,2.0,3.0,4.0,5.0,6.0,7.0,8.0,9.0,10.0,11.0,12.0,13.0,14.0,15.0,16.0,17.0,18.0,19.0	30.1068731058,35.013365201,39.0259313276,42.8032234259,46.0608781644,49.2515171423,54.7399133612,59.0755076096,62.7217562616,66.3140577134,70.7928035261,72.9754031875,77.2719981428,82.1778241712,86.7451714699,90.2873246499,94.344117504,96.9013500286,101.892501433,105.458191513	5	linear	0.04	44000,,
53822	0.0,1.0,2.0,3.0,4.0,5.0,6.0,7.0,8.0,9.0,10.0,11.0,12.0,13.0,14.0,15.0,16.0,17.0,18.0,19.0	55.0256557036,57.402323142,61.8795676407,65.3362913667,70.0617560624,73.9416483092,77.4862362945,81.6299172319,85.2967432357,89.4028321685,93.4244479217,97.522541868,102.726923502,106.391410776,111.613234331,113.763942713,117.790795265,121.789602765,125.373925405,129.753069739	5	linear	0.04	44000,,
52849	0.0,1.0,2.0,3.0,4.0,5.0,6.0,7.0,8.0,9.0,10.0,11.0,12.0,13.0,14.0,15.0,16.0,17.0,18.0,19.0	-19.6251535335,-16.2226026859,-11.6201703724,-7.50884625649,-4.24676541504,-0.38647449631,4.38394453316,7.01624224475,11.3558059538,15.7771109897,19.0069482688,23.8386956726,28.0402983122,32.4634840602,35.090957178,38.148467968,42.4178148725,48.2255775455,51.5166608321,55.5805072759	5	linear	0.04	44000,,
54444	0.0,1.0,2.0,3.0,4.0,5.0,6.0,7.0,8.0,9.0,10.0,11.0,12.0,13.0,14.0,15.0,16.0,17.0,18.0,19.0	-48.0767420208,-44.0205720523,-39.504326518,-37.0665726725,-33.439675858,-28.7351245177,-24.6640637405,-20.6455043588,-16.5216807578,-11.9337066374,-8.67974431207,-4.95335458228,0.027233477944,4.72728977495,7.68631835235,11.1965260049,14.7814324608,20.1659959662,24.6769169856,27.765182268	5	linear	0.04	44000,,
55484	0.0,1.0,2.0,3.0,4.0,5.0,6.0,7.0,8.0,9.0,10.0,11.0,12.0,13.0,14.0,15.0,16.0,17.0,18.0,19.0	-29.1276785173,-23.784234537,-18.8538492309,-16.2204858428,-12.6605439922,-8.11718131062,-3.85121763109,0.955369055106,3.47742925703,7.03139086166,12.8627442879,16.0513581296,19.2569446665,23.8425391588,27.8047337943,32.3173989611,35.7114963866,40.34075062,42.8093095394,48.0383117654	5	linear	0.04	44000,,
54455	0.0,1.0,2.0,3.0,4.0,5.0,6.0,7.0,8.0,9.0,10.0,11.0,12.0,13.0,14.0,15.0,16.0,17.0,18.0,19.0	78.3455048613,82.2046241086,86.3186048014,90.7637164263,95.1160485058,98.5430147396,102.063797668,105.521259947,110.752999815,115.448899468,119.484788767,121.452473379,127.042471088,129.969849767,133.818867565,137.518425246,143.306094995,146.295750063,151.117658665,155.235176146	5	linear	0.04	44000,,
55184	0.0,1.0,2.0,3.0,4.0,5.0,6.0,7.0,8.0,9.0,10.0,11.0,12.0,13.0,14.0,15.0,16.0,17.0,18.0,19.0	42.9046666798,45.8597249416,50.027816994,53.3495962505,59.5536790789,62.8880182619,65.8430067978,69.6672862556,74.5994911552,78.7312571336,81.6693069781,86.2860408229,89.7843454288,93.7671374632,97.7891665845,101.635880257,107.525996208,109.414701689,114.479783438,119.452236314	5	linear	0.04	44000,,
55902	0.0,1.0,2.0,3.0,4.0,5.0,6.0,7.0,8.0,9.0,10.0,11.0,12.0,13.0,14.0,15.0,16.0,17.0,18.0,19.0	82.4867446265,86.6225157863,89.6342070173,93.3649094926,98.1435573263,102.178105419,105.43411858,110.316039138,113.609919246,117.92235224,122.055654234,125.279706861,129.574071748,135.054547961,139.176846715,143.473142827,145.358459909,150.089230118,154.971444162,159.145207838	5	linear	0.04	44000,,
55758	0.0,1.0,2.0,3.0,4.0,5.0,6.0,7.0,8.0,9.0,10.0,11.0,12.0,13.0,14.0,15.0,16.0,17.0,18.0,19.0	-37.9742813136,-35.3916476605,-30.3947240457,-27.2083771369,-22.4878559897,-18.4592785997,-14.2264944576,-9.63383585797,-6.43441412154,-1.64112875839,0.380372056662,6.08053083107,9.59962093983,12.8833314421,17.7151248345,21.8148143253,24.9986157645,28.6926000087,34.0512635442,36.3856466658	5	linear	0.04	44000,,
54310	0.0,1.0,2.0,3.0,4.0,5.0,6.0,7.0,8.0,9.0,10.0,11.0,12.0,13.0,14.0,15.0,16.0,17.0,18.0,19.0	-15.2665163763,-10.3083752962,-7.39945436628,-3.68506448768,1.08174719172,3.91808380464,8.70694556343,13.1737050193,17.1989105538,20.7359132671,24.5112602363,28.4957372767,33.7777905208,37.5804978376,41.2611551368,44.1701036748,47.5311501598,53.0078086116,56.1253143663,61.5627648664	5	linear	0.04	44000,,
55121	0.0,1.0,2.0,3.0,4.0,5.0,6.0,7.0,8.0,9.0,10.0,11.0,12.0,13.0,14.0,15.0,16.0,17.0,18.0,19.0	-21.7996858398,-18.0380679874,-13.2023225064,-10.163476869,-5.78016383947,-1.62789517825,2.06617635122,5.72694747168,10.2508616536,14.2345155993,18.8284159293,23.1273279065,26.3174477685,30.5601600505,35.1381845927,37.9107529914,42.9534385032,46.2370928442,49.6909512975,55.2958586267	5	linear	0.04	44000,,
53073	0.0,1.0,2.0,3.0,4.0,5.0,6.0,7.0,8.0,9.0,10.0,11.0,12.0,13.0,14.0,15.0,16.0,17.0,18.0,19.0	-47.0669864652,-42.4703249643,-37.5012879749,-34.091500338,-31.060679984,-26.9623563652,-22.6389880135,-19.0691169468,-14.897487241,-10.2566245047,-6.66759789298,-1.00568100688,1.15513062702,5.96478236689,9.71314097233,12.8621876726,17.4788419245,21.7082981778,24.9002237612,30.2224174236	5	linear	0.04	44000,,
52293	0.0,1.0,2.0,3.0,4.0,5.0,6.0,7.0,8.0,9.0,10.0,11.0,12.0,13.0,14.0,15.0,16.0,17.0,18.0,19.0	-24.2935495097,-21.1646186223,-18.2748792759,-12.8699071653,-9.6644962618,-5.70781456551,-0.439347316639,1.87716049417,7.08880891624,10.0239718089,14.3181905564,17.8047135503,23.1439652734,27.0801960181,29.6964508314,34.5200025592,39.0232408978,43.5575933884,46.6862357256,51.5750081501	5	linear	0.04	44000,,
55901	0.0,1.0,2.0,3.0,4.0,5.0,6.0,7.0,8.0,9.0,10.0,11.0,12.0,13.0,14.0,15.0,16.0,17.0,18.0,19.0	76.3552831627,78.2819041206,82.1581925608,86.8171988184,91.5131760242,94.1309212518,98.8920319686,102.810096102,108.025730634,110.72964432,114.228200749,118.570649352,123.267105708,127.158795068,132.316287579,134.948778599,140.343304214,142.914619719,147.609388993,150.666147921	5	linear	0.04	44000,,
55610	0.0,1.0,2.0,3.0,4.0,5.0,6.0,7.0,8.0,9.0,10.0,11.0,12.0,13.0,14.0,15.0,16.0,17.0,18.0,19.0	-45.7582714161,-41.8754513072,-38.3943198599,-33.9898734612,-30.2171188516,-27.4788685427,-22.6587883601,-18.3770034988,-14.7868885776,-10.2700201953,-5.20020600582,-3.39156461131,1.78758928647,5.78287447332,9.40304808136,14.1789712473,16.7078290172,21.7815540054,25.2373666115,30.8458844798	5	linear	0.04	44000,,
55991	0.0,1.0,2.0,3.0,4.0,5.0,6.0,7.0,8.0,9.0,10.0,11.0,12.0,13.0,14.0,15.0,16.0,17.0,18.0,19.0	46.3203630009,51.6538146715,54.270191481,60.1083996128,62.3401643129,67.1818455159,71.1526575235,74.2435569105,79.3476274387,82.214209196,87.0595934675,91.3695291512,94.6188658126,98.4006238195,103.365200399,106.101565942,110.477957891,115.275679318,120.134330956,123.337364089	5	linear	0.04	44000,,
54609	0.0,1.0,2.0,3.0,4.0,5.0,6.0,7.0,8.0,9.0,10.0,11.0,12.0,13.0,14.0,15.0,16.0,17.0,18.0,19.0	45.7421571851,50.5176046602,53.0544018144,58.8130231307,62.2920488276,66.765601872,69.467842644,74.2470890851,79.1097717505,83.349419868,85.7790666779,89.7514346509,95.2920732449,98.3300925726,102.145021352,106.40981734,110.363129033,113.528724364,118.072653929,121.515595168	5	linear	0.04	44000,,
55264	0.0,1.0,2.0,3.0,4.0,5.0,6.0,7.0,8.0,9.0,10.0,11.0,12.0,13.0,14.0,15.0,16.0,17.0,18.0,19.0	-36.5272369501,-33.6215995151,-29.3534930961,-26.1295048874,-21.9647944805,-18.3529971901,-13.4622895348,-9.29343681091,-6.42681973881,-2.2592298262,2.3626046502,6.34865000654,10.3191933856,13.5860988472,17.7504273898,23.2578817132,25.5697650182,29.8513887053,35.3128168407,37.6696969461	5	linear	0.04	44000,,
55882	0.0,1.0,2.0,3.0,4.0,5.0,6.0,7.0,8.0,9.0,10.0,11.0,12.0,13.0,14.0,15.0,16.0,17.0,18.0,19.0	-52.1629522814,-47.7172954238,-44.4562852652,-38.8695696065,-35.4258859285,-32.9022492769,-27.834527528,-23.1499999252,-19.5810542267,-14.7786173784,-11.6597156065,-8.60429925843,-2.84908691992,-0.980390703629,4.63138800658,8.81381958453,11.8808305461,15.2564237139,19.7129643637,23.9459348654	5	linear	0.04	44000,,
53935	0.0,1.0,2.0,3.0,4.0,5.0,6.0,7.0,8.0,9.0,10.0,11.0,12.0,13.0,14.0,15.0,16.0,17.0,18.0,19.0	10.882076017,13.8104888099,19.1875527823,21.5782503668,26.8961156161,28.9350436612,34.0617804669,38.8172966939,42.3215640957,45.2987340853,51.17001154,55.0234353776,57.7409518874,62.0485941176,65.4507683048,69.6614073523,74.1259584928,78.3096574129,83.2045666695,86.7622053356	5	linear	0.04	44000,,
55592	0.0,1.0,2.0,3.0,4.0,5.0,6.0,7.0,8.0,9.0,10.0,11.0,12.0,13.0,14.0,15.0,16.0,17.0,18.0,19.0	-54.3824748159,-48.8730779643,-45.7648834965,-40.5414431526,-38.163073958,-32.3249963983,-29.1995312162,-26.0529782994,-22.5156994496,-17.4594032227,-13.7522724518,-9.0615425764,-4.63126069978,-1.38608898458,2.4389001759,7.09359341791,9.84695258677,14.756119107,17.8443914594,22.1713622673	5	linear	0.04	44000,,
53596	0.0,1.0,2.0,3.0,4.0,5.0,6.0,7.0,8.0,9.0,10.0,11.0,12.0,13.0,14.0,15.0,16.0,17.0,18.0,19.0	-13.9479545223,-11.352963747,-6.72557841526,-2.73201806765,1.06897018982,6.15838784469,10.1488508844,14.5969200484,18.0735713258,21.188234535,24.3357814786,29.8207184392,32.8204823834,37.8662628483,40.6437752327,46.6520131493,49.2073202451,52.5733877897,58.5880182512,60.7130732528	5	linear	0.04	44000,,
54015	0.0,1.0,2.0,3.0,4.0,5.0,6.0,7.0,8.0,9.0,10.0,11.0,12.0,13.0,14.0,15.0,16.0,17.0,18.0,19.0	57.8051720439,63.681919694,66.7813239357,69.8499527358,74.7907226792,78.0744038689,82.8329024078,87.6503684759,89.7398468864,94.5441941814,97.792967353,103.450935343,105.78073509,110.004738453,114.611517365,118.540763315,121.842221804,126.922766394,131.655754646,133.911926954	5	linear	0.04	44000,,
54716	0.0,1.0,2.0,3.0,4.0,5.0,6.0,7.0,8.0,9.0,10.0,11.0,12.0,13.0,14.0,15.0,16.0,17.0,18.0,19.0	34.8094147483,38.3339553846,42.9409502801,47.7048562812,50.34275431,54.2918446111,59.5134628635,63.8609281196,67.2294607016,72.016046723,75.9870514507,78.3378019383,82.05627556,88.1683052357,91.045214793,95.9097234186,99.5277770058,102.434418338,108.159368218,111.505353576	5	linear	0.04	44000,,
52851	0.0,1.0,2.0,3.0,4.0,5.0,6.0,7.0,8.0,9.0,10.0,11.0,12.0,13.0,14.0,15.0,16.0,17.0,18.0,19.0	27.4246313361,30.9811321272,35.6214299255,39.1864355231,44.2335939542,46.9405745198,51.4415376246,56.2930439649,61.0477130571,65.0478569035,66.9135376074,72.3040243052,76.3154710121,80.3034989909,85.1931939157,88.3592255272,92.0949516345,96.872621358,98.9144134957,103.415079125	5	linear	0.04	44000,,
186768	0.0,1.0,2.0,3.0,4.0,5.0,6.0,7.0,8.0,9.0,10.0,11.0,12.0,13.0,14.0,15.0,16.0,17.0,18.0,19.0	20.5811848282,17.5829602173,14.7983545454,11.649691444,10.4453821004,8.74964389221,7.63371253123,6.35741410409,5.98730299145,6.07500089312,6.39706961745,7.6026352796,8.74236810426,9.56681537593,11.5325822911,13.9795355646,17.4084544342,20.2732475566,24.2620917795,28.1903130033	1	poly	0.04	176000,,
184814	0.0,1.0,2.0,3.0,4.0,5.0,6.0,7.0,8.0,9.0,10.0,11.0,12.0,13.0,14.0,15.0,16.0,17.0,18.0,19.0	22.4646640985,19.8907636017,17.0080700433,14.5510302356,12.1877903651,10.5226873808,9.37649334441,8.69971214973,8.64041504428,7.79701510138,9.0436782756,9.2323178535,10.2162858162,11.8793034447,13.9754764501,16.6460682502,19.3866941089,22.3104212762,25.9965002598,29.9164486175	1	poly	0.04	176000,,
185852	0.0,1.0,2.0,3.0,4.0,5.0,6.0,7.0,8.0,9.0,10.0,11.0,12.0,13.0,14.0,15.0,16.0,17.0,18.0,19.0	-3.91444653644,-7.69254097905,-9.63965683201,-12.4196209515,-14.3308842795,-16.1886124384,-16.9261661231,-17.5764036718,-18.4003986656,-18.1991013562,-18.4343822936,-17.3917201278,-15.6642979583,-14.5581130483,-12.8314705378,-9.65877533308,-7.66453279271,-4.19716475828,-0.516524513359,3.63235628626	1	poly	0.04	176000,,
184509	0.0,1.0,2.0,3.0,4.0,5.0,6.0,7.0,8.0,9.0,10.0,11.0,12.0,13.0,14.0,15.0,16.0,17.0,18.0,19.0	26.3877724412,22.8461996135,19.8352534892,17.601928742,16.1244190123,14.0314639088,13.0998915926,12.1723653698,11.629733631,12.2851709616,12.3286867015,12.6051809182,14.7362867279,15.9787568796,17.6599910106,20.1211488666,23.1937678897,26.5604476609,29.9018972162,34.3728968722	1	poly	0.04	176000,,
187331	0.0,1.0,2.0,3.0,4.0,5.0,6.0,7.0,8.0,9.0,10.0,11.0,12.0,13.0,14.0,15.0,16.0,17.0,18.0,19.0	29.6870333026,26.6132215002,23.2102456337,20.9658090778,19.0254838076,18.0389901561,16.7548368633,15.987478957,15.7538583095,15.4783381506,15.8146557362,16.5598606518,18.1194438275,19.1246654826,21.3667662034,23.322417138,26.5993505771,30.1241885916,33.7665382117,37.4889977683	1	poly	0.04	176000,,
184646	0.0,1.0,2.0,3.0,4.0,5.0,6.0,7.0,8.0,9.0,10.0,11.0,12.0,13.0,14.0,15.0,16.0,17.0,18.0,19.0	14.4611669273,11.4225401502,8.96123832757,6.26117588873,3.90191149878,2.58855217723,1.64289073523,0.237306657931,0.676343103308,0.399657713592,0.520591784665,1.65411267508,2.31836578929,4.42991483602,5.79495351017,9.07659257105,11.3333039518,15.0969414391,17.9658582783,22.2062622116	1	poly	0.04	176000,,
184609	0.0,1.0,2.0,3.0,4.0,5.0,6.0,7.0,8.0,9.0,10.0,11.0,12.0,13.0,14.0,15.0,16.0,17.0,18.0,19.0	5.2675849481,2.07696298814,-0.25668818471,-2.36576706432,-5.28996295223,-6.203265315,-7.362632463,-8.68758482926,-8.85416510256,-8.34278107194,-8.31020717528,-7.43305586412,-6.03553142549,-4.66182957836,-2.48168524558,-0.533468999227,2.8596756019,5.50710362286,9.20414755819,13.2035605904	1	poly	0.04	176000,,
187689	0.0,1.0,2.0,3.0,4.0,5.0,6.0,7.0,8.0,9.0,10.0,11.0,12.0,13.0,14.0,15.0,16.0,17.0,18.0,19.0	30.8270286136,27.905418597,25.1954718819,22.5542114447,20.3436346642,19.3898350843,17.6305468829,17.2085127165,16.74227018,16.3526548727,16.8094409099,18.0561950821,19.2209306008,20.353679754,22.9748376658,25.1718251605,27.6997553334,31.1378414398,34.9231218749,38.6461212586	1	poly	0.04	176000,,
186847	0.0,1.0,2.0,3.0,4.0,5.0,6.0,7.0,8.0,9.0,10.0,11.0,12.0,13.0,14.0,15.0,16.0,17.0,18.0,19.0	8.93725799235,5.05770290011,2.74934854854,0.453594168423,-1.64691747831,-3.77450299595,-4.40256722742,-5.32862297425,-5.97492871227,-6.01699450983,-5.87760232519,-4.68729270851,-3.6949235884,-1.78391361147,0.0897224433008,3.04118021394,5.19056263696,8.82964245802,11.9872411964,16.00825209	1	poly	0.04	176000,,
186772	0.0,1.0,2.0,3.0,4.0,5.0,6.0,7.0,8.0,9.0,10.0,11.0,12.0,13.0,14.0,15.0,16.0,17.0,18.0,19.0	12.464163693,9.94478947297,6.60409599323,4.35753059474,3.00809236952,0.907781482049,-0.278157724095,-1.0568157122,-1.39262631977,-1.82675253123,-0.575849844117,-0.0406582112805,1.21734345469,2.89975231584,5.01791705161,7.09164430192,9.77649022629,12.9429318021,16.9774811516,20.7304366209	1	poly	0.04	176000,,
184515	0.0,1.0,2.0,3.0,4.0,5.0,6.0,7.0,8.0,9.0,10.0,11.0,12.0,13.0,14.0,15.0,16.0,17.0,18.0,19.0	18.4284724383,14.996610009,12.0651801442,9.70945008264,7.54841219466,6.46130455618,4.93102038687,4.77360831658,4.15772142313,3.90447867243,4.35537993411,4.98027117057,6.2989766852,8.06421044558,9.59009913118,12.4570668167,15.2658477365,18.1299556541,22.256344871,25.9352696689	1	poly	0.04	176000,,
186767	0.0,1.0,2.0,3.0,4.0,5.0,6.0,7.0,8.0,9.0,10.0,11.0,12.0,13.0,14.0,15.0,16.0,17.0,18.0,19.0	25.0727525743,21.2334593658,18.2825045479,16.5833933243,14.2154520009,12.5268502236,11.6698901259,10.4898878299,10.5710319856,10.2448931749,10.214942131,11.6337658073,12.9339455838,14.1467541763,16.591407389,18.2784756122,21.3191979258,24.9688076875,28.203142928,32.0730914249	1	poly	0.04	176000,,
184970	0.0,1.0,2.0,3.0,4.0,5.0,6.0,7.0,8.0,9.0,10.0,11.0,12.0,13.0,14.0,15.0,16.0,17.0,18.0,19.0	-4.17201609422,-7.57257533392,-9.71001612608,-11.8940810624,-14.3822578058,-15.6743442635,-16.6639512294,-18.0627484251,-17.856698964,-18.6744751949,-18.2288313383,-17.4385738624,-15.5793543719,-14.2467461602,-12.6181156386,-9.71753026661,-6.69868153638,-4.3521379223,-0.470824643881,3.7264207434	1	poly	0.04	176000,,
187919	0.0,1.0,2.0,3.0,4.0,5.0,6.0,7.0,8.0,9.0,10.0,11.0,12.0,13.0,14.0,15.0,16.0,17.0,18.0,19.0	-2.44487096831,-4.92561525297,-8.11727345591,-11.0004500924,-12.2787097703,-14.2102185378,-15.882989282,-15.9115619432,-16.8364463586,-16.2640008652,-16.6617371943,-15.1775947957,-13.8525117655,-12.1148682891,-10.8902120356,-8.52666077156,-5.44933240894,-2.17068708801,1.18706077965,5.70842402592	1	poly	0.04	176000,,
185027	0.0,1.0,2.0,3.0,4.0,5.0,6.0,7.0,8.0,9.0,10.0,11.0,12.0,13.0,14.0,15.0,16.0,17.0,18.0,19.0	32.3676756473,29.3948668878,26.4352341584,24.0935533338,22.2460740948,19.9184377006,18.9220009063,17.9926279551,18.2289082816,18.2192740338,17.8433953499,18.7262856538,20.4079883867,22.177369942,23.9344543123,26.5819501617,28.917472658,32.2804883279,35.595204764,40.2851947457	1	poly	0.04	176000,,
184394	0.0,1.0,2.0,3.0,4.0,5.0,6.0,7.0,8.0,9.0,10.0,11.0,12.0,13.0,14.0,15.0,16.0,17.0,18.0,19.0	24.516473187,21.8656843391,19.4560761929,16.641688665,14.2127836317,13.0551875255,12.1545085405,10.7940378104,11.0150078792,10.9049302615,11.2016447259,11.8977543614,12.8675021587,14.5358330198,16.5884771714,19.3755476771,21.5479498308,25.2878064988,29.0024521149,32.8006819632	1	poly	0.04	176000,,
185915	0.0,1.0,2.0,3.0,4.0,5.0,6.0,7.0,8.0,9.0,10.0,11.0,12.0,13.0,14.0,15.0,16.0,17.0,18.0,19.0	16.4695043654,12.8347228391,9.68692643487,7.40387362584,6.09899318797,4.13744875386,2.35057663311,1.90546814836,1.89039141759,2.02712864258,1.87397325274,3.19320694019,4.35502645728,6.13320278157,7.29758087537,9.71438231975,13.3282362409,15.97870754,19.5293597384,23.5987474399	1	poly	0.04	176000,,
184066	0.0,1.0,2.0,3.0,4.0,5.0,6.0,7.0,8.0,9.0,10.0,11.0,12.0,13.0,14.0,15.0,16.0,17.0,18.0,19.0	32.2169883095,28.7527312148,25.5994446304,23.6398444064,21.8066007653,19.7764447597,18.8876319008,17.5371670161,17.8384339279,17.3475316981,18.2287833979,18.8564926618,19.6201431057,21.159072069,23.3897765945,26.0304547865,28.7460459525,32.4500560501,35.1477784687,39.908378131	1	poly	0.04	176000,,
186577	0.0,1.0,2.0,3.0,4.0,5.0,6.0,7.0,8.0,9.0,10.0,11.0,12.0,13.0,14.0,15.0,16.0,17.0,18.0,19.0	17.065175251,14.2787148874,11.088599347,8.33521175583,7.05411969776,4.86297586073,3.89120110054,3.41288908951,2.28734792526,2.21144903548,2.80056318617,3.3300242752,4.52215016233,6.64031036496,8.89610246299,11.4304782924,13.2961460098,17.0871001027,20.8849932787,24.2710900743	1	poly	0.04	176000,,
184979	0.0,1.0,2.0,3.0,4.0,5.0,6.0,7.0,8.0,9.0,10.0,11.0,12.0,13.0,14.0,15.0,16.0,17.0,18.0,19.0	-1.64506507543,-4.7465377193,-8.18955034648,-10.3616453387,-12.3248726526,-13.7211645889,-14.4775540198,-15.6734195622,-15.9602971133,-15.8161121274,-16.0864335097,-14.6252156886,-13.379272789,-11.7621968862,-10.5611430905,-7.26490734709,-4.79053723808,-2.22865114019,1.59068022383,5.52192254042	1	poly	0.04	176000,,
186627	0.0,1.0,2.0,3.0,4.0,5.0,6.0,7.0,8.0,9.0,10.0,11.0,12.0,13.0,14.0,15.0,16.0,17.0,18.0,19.0	32.4556093564,28.9816090769,25.7365456821,24.0864097869,21.5763506856,20.4979351105,19.2145616803,18.2571153557,18.0647030766,17.4706441323,18.2055631875,18.8773027744,19.8004155014,21.9399112132,23.9019513495,25.585739143,28.3953801121,31.5153473073,35.3743933517,39.5540705338	1	poly	0.04	176000,,
185206	0.0,1.0,2.0,3.0,4.0,5.0,6.0,7.0,8.0,9.0,10.0,11.0,12.0,13.0,14.0,15.0,16.0,17.0,18.0,19.0	17.2330808702,13.8426118808,10.8685226457,9.04164611925,6.85783639163,5.36546842585,3.58205426838,3.27153721969,2.97959906428,2.94609767541,2.99389699282,3.75728771105,5.23361614963,6.48562746722,8.66049550865,11.4536264001,13.8866024437,16.6952165505,20.2501443375,24.4081069148	1	poly	0.04	176000,,
185670	0.0,1.0,2.0,3.0,4.0,5.0,6.0,7.0,8.0,9.0,10.0,11.0,12.0,13.0,14.0,15.0,16.0,17.0,18.0,19.0	-6.42316033311,-9.89257285818,-12.0442023943,-14.2304141983,-16.6981185364,-18.0511933463,-19.6877852402,-19.9433911023,-20.4365999738,-21.0398775472,-20.6902417577,-19.4456501571,-18.5528963495,-16.2851921932,-14.2979436263,-12.3908509086,-8.94672455852,-5.836025889,-2.66678199325,1.56468563793	1	poly	0.04	176000,,
186388	0.0,1.0,2.0,3.0,4.0,5.0,6.0,7.0,8.0,9.0,10.0,11.0,12.0,13.0,14.0,15.0,16.0,17.0,18.0,19.0	26.1205291098,22.7758705694,20.4576577343,18.0111414207,15.8771795627,13.9748573438,12.4097463313,12.3455707846,11.6317714262,11.7452683852,11.7440269438,13.0039640046,14.2307613215,16.1574717402,17.6864940911,20.3019273846,22.8891514408,25.8250128253,29.529253206,33.2869435491	1	poly	0.04	176000,,
186971	0.0,1.0,2.0,3.0,4.0,5.0,6.0,7.0,8.0,9.0,10.0,11.0,12.0,13.0,14.0,15.0,16.0,17.0,18.0,19.0	27.2125031626,24.8814722772,21.856591699,19.5890031434,17.3222097513,15.6958342843,14.1006548492,13.8993145608,13.3541494698,13.4496208739,13.653781848,14.5406947659,15.5211248407,17.1482064396,19.0447928165,21.5234827297,24.1529397624,27.5186452677,31.2719836967,35.6956784442	1	poly	0.04	176000,,
187726	0.0,1.0,2.0,3.0,4.0,5.0,6.0,7.0,8.0,9.0,10.0,11.0,12.0,13.0,14.0,15.0,16.0,17.0,18.0,19.0	34.5347686615,31.4253506158,28.4933910132,25.9371295402,24.6333551248,23.1693141042,21.6075966974,20.2903930194,20.3361466495,20.0607201335,20.4284624979,21.3295346349,22.5777029222,23.8553951585,26.262289445,29.0514046462,31.4566106568,34.469600565,38.6234403066,42.6664195295	1	poly	0.04	176000,,
186715	0.0,1.0,2.0,3.0,4.0,5.0,6.0,7.0,8.0,9.0,10.0,11.0,12.0,13.0,14.0,15.0,16.0,17.0,18.0,19.0	0.00511972040275,-2.96085803299,-5.84638220501,-8.26896977901,-10.1111340737,-11.4841073752,-12.6250544129,-14.2022954151,-14.8018839057,-14.4432096538,-13.9921585448,-13.0934825184,-11.7172165972,-10.7362394017,-8.71533745469,-6.37260866318,-3.06206977178,0.450386897321,3.88541672559,7.69507317156	1	poly	0.04	176000,,
184169	0.0,1.0,2.0,3.0,4.0,5.0,6.0,7.0,8.0,9.0,10.0,11.0,12.0,13.0,14.0,15.0,16.0,17.0,18.0,19.0	22.3137158684,19.9710369765,16.8557595669,14.4864405777,12.2095807348,10.8175467663,9.89440985647,8.53504200806,8.24956834169,8.58675415857,9.00216131173,9.47355403938,10.8045792856,12.6295475181,13.9271485109,16.3394189602,19.352529865,22.2941928077,26.144371877,30.5779224284	1	poly	0.04	176000,,
187202	0.0,1.0,2.0,3.0,4.0,5.0,6.0,7.0,8.0,9.0,10.0,11.0,12.0,13.0,14.0,15.0,16.0,17.0,18.0,19.0	16.9426072519,14.3036219411,11.4216420507,8.42456483476,6.89570636447,5.15949538137,3.92185581462,3.06725533133,3.08162548273,3.02696855447,2.99796286822,4.23008931135,5.15286162741,6.87544446859,8.43477867764,11.3685348705,13.5251159423,16.9951240821,20.6763269384,24.216180544	1	poly	0.04	176000,,
187014	0.0,1.0,2.0,3.0,4.0,5.0,6.0,7.0,8.0,9.0,10.0,11.0,12.0,13.0,14.0,15.0,16.0,17.0,18.0,19.0	-3.78255929591,-7.44806674035,-9.96591175739,-12.1671471768,-14.174379525,-15.608696892,-17.1227073933,-17.5721192297,-17.7562120772,-18.1710553353,-17.5038020467,-16.9395970587,-15.4302879599,-13.9277188535,-12.5145993401,-9.7219601258,-6.64165051877,-3.25678247208,-0.21141213335,4.33105234809	1	poly	0.04	176000,,
187957	0.0,1.0,2.0,3.0,4.0,5.0,6.0,7.0,8.0,9.0,10.0,11.0,12.0,13.0,14.0,15.0,16.0,17.0,18.0,19.0	30.8556250129,27.9754602137,24.5299473985,22.363777565,20.7919101953,18.4182012438,17.8924331933,16.5895351078,16.0105080571,16.6108723395,17.19010942,17.9625696728,18.4156256266,20.059236187,22.642017397,24.8252458634,27.1861543703,30.3002085817,34.5078951059,37.931715889	1	poly	0.04	176000,,
186331	0.0,1.0,2.0,3.0,4.0,5.0,6.0,7.0,8.0,9.0,10.0,11.0,12.0,13.0,14.0,15.0,16.0,17.0,18.0,19.0	6.16559903979,2.28540214065,-0.172682098016,-2.64317050276,-5.17997204724,-6.46185534765,-7.0574600123,-8.79235839888,-8.42676430357,-8.72602404398,-8.02960605614,-7.69952457374,-6.7208790257,-5.06075886913,-2.78444985773,-0.00865369476607,2.43761808665,6.1064773794,8.80488947722,13.1798742113	1	poly	0.04	176000,,
186043	0.0,1.0,2.0,3.0,4.0,5.0,6.0,7.0,8.0,9.0,10.0,11.0,12.0,13.0,14.0,15.0,16.0,17.0,18.0,19.0	-0.184187156069,-3.03392586836,-5.94690585085,-8.19439057537,-10.5539838718,-11.98177725,-13.3036676629,-13.4455250886,-14.1466231786,-14.4844861874,-13.6473210245,-12.6731500243,-11.9190787305,-10.0043070617,-8.10093021327,-6.0007423905,-3.48307086085,0.235455958513,3.59815966085,8.22370044183	1	poly	0.04	176000,,
187579	0.0,1.0,2.0,3.0,4.0,5.0,6.0,7.0,8.0,9.0,10.0,11.0,12.0,13.0,14.0,15.0,16.0,17.0,18.0,19.0	32.6791341687,29.5228406052,26.771911696,23.8971152929,21.852857209,21.0334231139,19.0703577469,18.9468126356,17.7991758025,18.4030232314,18.8370248321,19.4502858107,20.2957188701,22.3642437209,24.3683777113,26.956364009,29.2800377273,32.4178217984,36.017659298,40.1132579351	1	poly	0.04	176000,,
186092	0.0,1.0,2.0,3.0,4.0,5.0,6.0,7.0,8.0,9.0,10.0,11.0,12.0,13.0,14.0,15.0,16.0,17.0,18.0,19.0	-2.5910462256,-5.81613614594,-8.68590608667,-10.696672611,-12.7845908174,-14.7307972654,-15.4557617434,-16.5364899918,-17.5657077867,-16.9513941448,-16.2016018621,-16.0593462627,-14.3606299885,-12.8058680952,-10.9474969434,-8.32171446907,-5.49164722563,-2.45036844445,0.577645807973,4.99711629557	1	poly	0.04	176000,,
186535	0.0,1.0,2.0,3.0,4.0,5.0,6.0,7.0,8.0,9.0,10.0,11.0,12.0,13.0,14.0,15.0,16.0,17.0,18.0,19.0	19.5025735047,16.4047447437,13.4819898064,11.0221368069,8.92047509587,7.00807291069,6.13063918975,5.74649088864,4.5556156911,4.84992769251,4.97183709666,6.68897962684,7.17013831891,8.5459211211,11.166099233,13.8998149114,16.4793439901,19.5814994934,23.2930699459,27.2175063721	1	poly	0.04	176000,,
185570	0.0,1.0,2.0,3.0,4.0,5.0,6.0,7.0,8.0,9.0,10.0,11.0,12.0,13.0,14.0,15.0,16.0,17.0,18.0,19.0	25.6790404524,22.3115268482,19.7829026884,17.6428358994,15.7777023652,13.4026130416,12.5308732111,11.5219181991,11.4117989039,11.8791708482,11.567168761,12.1974521326,13.6293141443,15.8398794161,17.7895388402,19.6931644804,22.2505390319,25.8846924618,29.0657141465,33.9092495765	1	poly	0.04	176000,,
187215	0.0,1.0,2.0,3.0,4.0,5.0,6.0,7.0,8.0,9.0,10.0,11.0,12.0,13.0,14.0,15.0,16.0,17.0,18.0,19.0	4.47889006006,1.51852608239,-1.12665883185,-3.77938852844,-5.45111006481,-7.70867392626,-9.04195148078,-9.56244838538,-9.63075413005,-9.73305469131,-9.60998453501,-8.53494229013,-7.34706220526,-5.85241384611,-3.81960635832,-0.929798921297,1.2281078575,5.00805215623,8.55508799095,11.8411998331	1	poly	0.04	176000,,
184929	0.0,1.0,2.0,3.0,4.0,5.0,6.0,7.0,8.0,9.0,10.0,11.0,12.0,13.0,14.0,15.0,16.0,17.0,18.0,19.0	31.8668860611,28.3875606833,25.184089931,22.7868932741,20.9485118447,19.1816215805,18.422216082,17.9997725247,16.9562116676,17.4788063052,17.8348655468,18.8760437032,19.8922508579,21.1678937966,22.8932898584,26.058439498,28.3273485114,32.0035484142,35.4403485648,38.9659686402	1	poly	0.04	176000,,
184786	0.0,1.0,2.0,3.0,4.0,5.0,6.0,7.0,8.0,9.0,10.0,11.0,12.0,13.0,14.0,15.0,16.0,17.0,18.0,19.0	22.0209025145,18.8213333998,15.3671076311,13.4331143104,11.322445403,9.60205238261,8.89537226215,7.32908652951,7.66001676623,7.68447279271,8.13134342718,8.42130614687,9.35421374287,11.6438221137,13.8265576612,16.1132949519,18.6781579373,21.3468736648,25.3954728419,29.0937638551	1	poly	0.04	176000,,
184626	0.0,1.0,2.0,3.0,4.0,5.0,6.0,7.0,8.0,9.0,10.0,11.0,12.0,13.0,14.0,15.0,16.0,17.0,18.0,19.0	2.94808385049,-0.154915688739,-3.28712892922,-5.65167734924,-8.17065675978,-9.26071477888,-11.0750126276,-11.0136646951,-11.7388996077,-11.7523788424,-11.0165801313,-10.6567066496,-9.37456590503,-8.08415202185,-6.33347894404,-3.22027276593,-0.359877508526,2.50280348761,6.60786797087,9.86252204679	1	poly	0.04	176000,,
184282	0.0,1.0,2.0,3.0,4.0,5.0,6.0,7.0,8.0,9.0,10.0,11.0,12.0,13.0,14.0,15.0,16.0,17.0,18.0,19.0	31.6054153773,28.174290304,25.7483104448,23.5583139419,21.4336711689,19.9206821514,18.0759867861,17.3045536454,16.9146217011,16.6494728374,17.7203851772,18.6178102711,19.1949969252,20.6734614441,23.3968150778,25.7521466489,28.220300394,31.2160378912,34.9868319164,38.811381232	1	poly	0.04	176000,,
184077	0.0,1.0,2.0,3.0,4.0,5.0,6.0,7.0,8.0,9.0,10.0,11.0,12.0,13.0,14.0,15.0,16.0,17.0,18.0,19.0	32.8578372951,29.6640827527,27.1043189164,25.2509919497,22.7673111838,20.9534209769,20.0507597727,19.7214569169,18.4897111932,19.1466152689,19.0431445236,19.9442614257,21.4939438365,23.0396383544,24.5118875502,27.801360839,29.6918729516,33.6859540638,37.3029819302,40.6315764142	1	poly	0.04	176000,,
187831	0.0,1.0,2.0,3.0,4.0,5.0,6.0,7.0,8.0,9.0,10.0,11.0,12.0,13.0,14.0,15.0,16.0,17.0,18.0,19.0	0.856809829664,-2.39490258575,-5.2739265138,-8.29535334772,-9.6849687985,-11.0453783615,-12.6471689331,-13.2317432602,-14.2922290736,-13.8630259586,-13.7898381339,-13.1687984121,-11.4147760938,-10.2282938446,-7.47670742558,-5.14343899094,-2.64187088681,0.173002755847,3.77310296832,7.95556921126	1	poly	0.04	176000,,
184478	0.0,1.0,2.0,3.0,4.0,5.0,6.0,7.0,8.0,9.0,10.0,11.0,12.0,13.0,14.0,15.0,16.0,17.0,18.0,19.0	19.0472776079,15.804350363,12.9566058137,10.8457794852,9.16423977607,7.03858149058,5.94119807686,5.41336708563,5.01151073345,5.23305573702,5.43206518451,5.47058868707,7.01532373139,8.31451256968,10.8333142314,13.515497172,15.7776927391,18.9804760511,23.0018114302,27.0585929266	1	poly	0.04	176000,,
186658	0.0,1.0,2.0,3.0,4.0,5.0,6.0,7.0,8.0,9.0,10.0,11.0,12.0,13.0,14.0,15.0,16.0,17.0,18.0,19.0	-0.188022953309,-4.00847401624,-6.96089423376,-9.24856819677,-10.7581619403,-12.7305135709,-14.0459828069,-14.2337518939,-14.7020701159,-14.881734619,-14.8560646636,-14.0819517917,-12.7277511521,-11.212955411,-9.42749479025,-6.79155769842,-4.02715698021,-0.878743984313,2.7323261267,7.1744435958	1	poly	0.04	176000,,
184422	0.0,1.0,2.0,3.0,4.0,5.0,6.0,7.0,8.0,9.0,10.0,11.0,12.0,13.0,14.0,15.0,16.0,17.0,18.0,19.0	30.88198454,27.6759376434,24.4989720845,22.2766768748,20.3352738987,19.0465380418,17.1671183351,16.330374796,16.5102791348,16.6405975226,16.6991948675,17.1830811519,18.7386484607,20.1797356105,22.3240799258,24.9822300985,27.4148702355,31.118959338,34.6699945529,38.2344049438	1	poly	0.04	176000,,
186608	0.0,1.0,2.0,3.0,4.0,5.0,6.0,7.0,8.0,9.0,10.0,11.0,12.0,13.0,14.0,15.0,16.0,17.0,18.0,19.0	22.6747401037,18.7450378303,16.5401084931,14.0009167828,11.6294972981,10.2210851529,8.71084412905,8.74836604292,8.16946778214,8.1483932731,7.92038039145,8.85967792762,9.91598800786,11.756993576,13.498185987,15.9625027712,18.6010137325,22.401204252,25.4538538047,30.0458035908	1	poly	0.04	176000,,
185243	0.0,1.0,2.0,3.0,4.0,5.0,6.0,7.0,8.0,9.0,10.0,11.0,12.0,13.0,14.0,15.0,16.0,17.0,18.0,19.0	15.2244915072,12.536457299,9.78910518646,6.93702576304,4.87447182003,4.05993374673,2.67035334023,1.47525490848,1.10422146313,0.785527226684,1.97019317631,2.65227900571,4.07179235718,5.15371660714,7.51947602985,9.23163397065,12.1923113222,15.931590979,19.1412377375,23.4972007288	1	poly	0.04	176000,,
185806	0.0,1.0,2.0,3.0,4.0,5.0,6.0,7.0,8.0,9.0,10.0,11.0,12.0,13.0,14.0,15.0,16.0,17.0,18.0,19.0	9.81340451501,6.06808272555,3.53547867589,0.896791390008,-1.41548545635,-2.49831564311,-4.29354701061,-4.94624909819,-5.2967944343,-4.97724917427,-4.22730027051,-3.53091119895,-2.61859426078,-1.48763137923,0.817046854713,3.8228963233,6.13657191809,9.5595671945,13.3241576645,17.2362550939	1	poly	0.04	176000,,
184281	0.0,1.0,2.0,3.0,4.0,5.0,6.0,7.0,8.0,9.0,10.0,11.0,12.0,13.0,14.0,15.0,16.0,17.0,18.0,19.0	24.5190981927,20.9223319536,18.5360906671,16.1475414906,13.7601455708,12.4131658199,10.9196865948,10.4958338081,9.69113762721,10.0790548413,10.4932664583,10.9689085281,12.6751738595,14.3028850606,15.8721691147,18.2376978711,21.205868123,24.4744888513,28.0292446659,32.1955990707	1	poly	0.04	176000,,
185884	0.0,1.0,2.0,3.0,4.0,5.0,6.0,7.0,8.0,9.0,10.0,11.0,12.0,13.0,14.0,15.0,16.0,17.0,18.0,19.0	2.38009258923,-0.0723603891817,-3.21534923489,-5.99203614818,-7.86784834024,-9.54299326037,-10.6852319045,-11.3750714669,-11.6217751011,-12.0843600282,-10.7676002858,-10.7470801356,-9.03276113186,-7.22342959467,-5.96957450838,-3.43545063211,-0.405986292137,2.72819601217,6.83986500172,9.91695522752	1	poly	0.04	176000,,
185342	0.0,1.0,2.0,3.0,4.0,5.0,6.0,7.0,8.0,9.0,10.0,11.0,12.0,13.0,14.0,15.0,16.0,17.0,18.0,19.0	19.0018412649,15.7086497918,13.3231670005,10.9808869179,8.28320058335,6.62507236375,6.27134178656,4.62387054496,4.92849528287,4.34558214334,4.6416381998,5.81578289052,7.45391046548,8.97035331868,10.2400288984,13.5411508021,16.3404993221,19.513380947,22.9280379304,26.8010616895	1	poly	0.04	176000,,
185847	0.0,1.0,2.0,3.0,4.0,5.0,6.0,7.0,8.0,9.0,10.0,11.0,12.0,13.0,14.0,15.0,16.0,17.0,18.0,19.0	34.9200072966,30.9680811441,28.2500787834,25.9579509718,24.0680012997,22.3345560003,21.3883815727,20.7542114783,19.7893760223,20.0609433525,20.7793144003,21.5126565843,22.2881086155,24.3558046108,25.6029822395,28.7800629025,30.8389284397,34.2821106025,37.6866681664,42.1091087356	1	poly	0.04	176000,,
186735	0.0,1.0,2.0,3.0,4.0,5.0,6.0,7.0,8.0,9.0,10.0,11.0,12.0,13.0,14.0,15.0,16.0,17.0,18.0,19.0	17.2467825864,13.6941869609,10.784119161,8.65291329783,5.99801890478,4.95331967884,3.25406183775,2.99789726833,2.73230797582,2.17529520769,2.87783074523,3.91742439503,4.68959778757,6.76391126297,8.26402057924,11.266793305,13.3642515088,16.9666476865,20.7533209037,24.0807085776	1	poly	0.04	176000,,
184106	0.0,1.0,2.0,3.0,4.0,5.0,6.0,7.0,8.0,9.0,10.0,11.0,12.0,13.0,14.0,15.0,16.0,17.0,18.0,19.0	3.86967747302,0.863924897349,-2.36517828139,-4.43496384189,-6.71693966522,-8.25937508968,-8.94730103483,-9.99877220137,-10.6704443958,-10.3887119912,-10.4641345655,-9.51161308758,-7.78141046867,-6.24754871039,-4.38832489657,-2.22066885726,0.546567027002,3.59575306444,7.37899540835,11.0269308216	1	poly	0.04	176000,,
184752	0.0,1.0,2.0,3.0,4.0,5.0,6.0,7.0,8.0,9.0,10.0,11.0,12.0,13.0,14.0,15.0,16.0,17.0,18.0,19.0	21.7849680727,18.1063248705,15.5710467793,13.2764940126,11.2343172982,9.40361859087,8.11077166237,6.94747213023,6.49852740803,6.5259830183,7.7795293915,7.64598036832,9.64991379256,11.07580115,12.4566823017,15.5440658483,18.2961838708,21.0130588716,24.632989837,28.550671929	1	poly	0.04	176000,,
185456	0.0,1.0,2.0,3.0,4.0,5.0,6.0,7.0,8.0,9.0,10.0,11.0,12.0,13.0,14.0,15.0,16.0,17.0,18.0,19.0	23.4333896024,19.4607325846,17.2179450369,14.8444077193,12.1589463826,10.9238653971,9.82368452849,9.18911577377,8.92236681753,8.78523491057,9.36309741648,9.80183130986,11.0809653145,12.8879272327,14.3941371707,16.9570003053,19.3136686798,22.4891214809,26.3173940974,30.6462822454	1	poly	0.04	176000,,
186292	0.0,1.0,2.0,3.0,4.0,5.0,6.0,7.0,8.0,9.0,10.0,11.0,12.0,13.0,14.0,15.0,16.0,17.0,18.0,19.0	2.09315400206,-0.775360584788,-3.81855680807,-5.63853131102,-8.18178206545,-10.169227753,-10.4839244431,-11.6599858356,-11.9685164246,-12.3464804173,-11.6034579682,-10.5429807173,-10.0956966068,-8.57368524441,-6.19829657804,-3.34988116769,-1.37702275401,2.63845856412,6.39066476376,9.48259330221	1	poly	0.04	176000,,
184375	0.0,1.0,2.0,3.0,4.0,5.0,6.0,7.0,8.0,9.0,10.0,11.0,12.0,13.0,14.0,15.0,16.0,17.0,18.0,19.0	26.9151542667,24.3646267332,21.0945979137,18.7835890559,16.8971542758,15.1338704295,13.7592321309,13.1876949348,13.0910450376,12.7123304608,12.7126706357,13.6853251642,14.9410625149,16.7034207599,19.2774565357,21.4639281934,23.5106166069,26.7583682686,30.4673388651,34.5284588203	1	poly	0.04	176000,,
187470	0.0,1.0,2.0,3.0,4.0,5.0,6.0,7.0,8.0,9.0,10.0,11.0,12.0,13.0,14.0,15.0,16.0,17.0,18.0,19.0	4.61478568202,1.20921365674,-1.43220382684,-3.25064396725,-5.21863064951,-6.95576761268,-8.1839317321,-8.91890084426,-9.10371162718,-9.65894534067,-9.30346404868,-8.73196398765,-6.8345365449,-6.0014894622,-3.7169465613,-1.11701530665,1.23889627561,4.94114044249,8.6239946196,11.9732309004	1	poly	0.04	176000,,
185645	0.0,1.0,2.0,3.0,4.0,5.0,6.0,7.0,8.0,9.0,10.0,11.0,12.0,13.0,14.0,15.0,16.0,17.0,18.0,19.0	3.74275851204,1.15721956845,-1.56816865921,-4.53590470123,-5.97989224644,-8.47574956812,-8.83856093156,-9.90133663871,-10.3653008102,-10.7969836662,-10.5528991355,-9.24444354232,-7.8515687141,-6.61691627155,-4.17148799573,-2.39114798774,1.0532423069,4.1935665813,7.82392499622,11.5103398077	1	poly	0.04	176000,,
184476	0.0,1.0,2.0,3.0,4.0,5.0,6.0,7.0,8.0,9.0,10.0,11.0,12.0,13.0,14.0,15.0,16.0,17.0,18.0,19.0	27.752440693,24.322408359,21.2325318125,18.8202234389,17.1297081226,15.8391529758,14.5904878395,13.3461855482,13.2897365069,12.8016451853,13.5887902235,14.1466821936,15.641286249,17.2355559191,19.4928534859,21.9954108348,24.4070945258,27.5858174117,31.6113391627,35.5754969686	1	poly	0.04	176000,,
187547	0.0,1.0,2.0,3.0,4.0,5.0,6.0,7.0,8.0,9.0,10.0,11.0,12.0,13.0,14.0,15.0,16.0,17.0,18.0,19.0	29.6441936859,27.1333293734,24.5322993328,21.8630272363,20.0360661122,18.4318603807,17.367648883,15.831246021,15.9876358442,16.039960148,16.1074180115,16.7943354475,17.7837670978,19.3875442677,22.099600057,24.6421020753,26.8453469462,30.5924450769,33.9112532082,37.620308106	1	poly	0.04	176000,,
187265	0.0,1.0,2.0,3.0,4.0,5.0,6.0,7.0,8.0,9.0,10.0,11.0,12.0,13.0,14.0,15.0,16.0,17.0,18.0,19.0	31.3426150375,28.1817003785,24.8623049877,22.7562615392,20.4778008613,19.1376330844,17.6054170683,17.0190758722,16.8643646759,16.3989227237,17.2217622466,17.8307847444,18.6746229066,20.2396515013,22.4825073436,25.3616475542,27.5530944542,31.1011276116,34.8746163174,38.7443203234	1	poly	0.04	176000,,
187625	0.0,1.0,2.0,3.0,4.0,5.0,6.0,7.0,8.0,9.0,10.0,11.0,12.0,13.0,14.0,15.0,16.0,17.0,18.0,19.0	15.2507266448,12.2369162043,8.94966296628,6.24843444309,4.54823763841,2.83874087331,2.33398227041,0.657832947232,0.941928899364,0.484867351795,1.52072242042,2.07022240799,3.35975584893,4.23874337721,7.01332763148,8.99659122425,12.2672727603,15.4964038744,18.3673723713,22.4773895264	1	poly	0.04	176000,,
185232	0.0,1.0,2.0,3.0,4.0,5.0,6.0,7.0,8.0,9.0,10.0,11.0,12.0,13.0,14.0,15.0,16.0,17.0,18.0,19.0	20.8636785125,18.1301759367,14.9451432592,13.1181817932,11.0693359884,8.93547874866,8.14268947275,7.7571804147,6.76976767999,6.90488191958,7.10917224402,7.64607062559,9.11969388634,11.2373352438,12.4923536179,15.6443161369,18.5014920249,21.7157300647,25.0925286533,29.1777452813	1	poly	0.04	176000,,
185146	0.0,1.0,2.0,3.0,4.0,5.0,6.0,7.0,8.0,9.0,10.0,11.0,12.0,13.0,14.0,15.0,16.0,17.0,18.0,19.0	-2.97570860613,-6.09100958347,-9.8585696502,-11.620490999,-14.1325433528,-15.7034662427,-17.0566010662,-17.5388450318,-18.2568972448,-17.9697768269,-17.6367219354,-16.089088313,-14.9672096679,-13.8898663638,-11.4728375443,-9.87363945923,-6.51465281252,-3.45294565214,-0.0610754214922,4.6408256383	1	poly	0.04	176000,,
186928	0.0,1.0,2.0,3.0,4.0,5.0,6.0,7.0,8.0,9.0,10.0,11.0,12.0,13.0,14.0,15.0,16.0,17.0,18.0,19.0	14.2355141676,10.6615883376,7.3370579478,5.78685085216,3.39948848497,1.34059615562,0.998945340668,-0.18488873406,-0.661154854615,-1.11379426453,0.0461284554508,0.979275559127,2.03622628837,3.23632657188,5.52330505924,7.31463907821,10.5472250395,13.8531471002,17.8740452814,21.6918578492	1	poly	0.04	176000,,
186357	0.0,1.0,2.0,3.0,4.0,5.0,6.0,7.0,8.0,9.0,10.0,11.0,12.0,13.0,14.0,15.0,16.0,17.0,18.0,19.0	32.8440359867,29.65435089,27.6105035463,24.6898858908,22.864245341,20.8209288671,19.7273584033,19.3077226282,18.4357072338,19.1610266984,19.2306904656,19.8300286813,21.168050024,22.8819879634,24.3383659083,26.9958389265,29.6790519541,32.988122201,36.888299868,41.2727554811	1	poly	0.04	176000,,
185655	0.0,1.0,2.0,3.0,4.0,5.0,6.0,7.0,8.0,9.0,10.0,11.0,12.0,13.0,14.0,15.0,16.0,17.0,18.0,19.0	34.3737632102,31.5550582728,28.8614351169,26.4275749257,23.9425685695,22.4927579355,21.1525055734,20.2877908236,19.8698716059,20.8584048172,20.8909915315,21.2980407478,23.0204006963,24.3522294504,26.0425609237,28.7378331845,31.9209179645,34.9704063969,38.744552145,42.657247878	1	poly	0.04	176000,,
187866	0.0,1.0,2.0,3.0,4.0,5.0,6.0,7.0,8.0,9.0,10.0,11.0,12.0,13.0,14.0,15.0,16.0,17.0,18.0,19.0	-4.16728411043,-6.52795500145,-9.53011581059,-11.8108203371,-14.3481229759,-15.4197003847,-17.3662699683,-17.7626791998,-18.3787105428,-18.032105372,-17.3216201738,-16.7651567308,-15.9380087489,-13.757974141,-11.7474770785,-9.72718487982,-7.36697603111,-3.83806293348,-0.00897505667891,3.87471632075	1	poly	0.04	176000,,
186079	0.0,1.0,2.0,3.0,4.0,5.0,6.0,7.0,8.0,9.0,10.0,11.0,12.0,13.0,14.0,15.0,16.0,17.0,18.0,19.0	-0.565655020393,-4.3333221026,-6.63749215615,-9.70120976182,-11.2604409012,-13.2680311939,-14.477329238,-15.0302196731,-15.7633004878,-15.3271141286,-14.8471048815,-14.6712160537,-13.026067217,-11.6680895305,-8.95244449494,-7.4700796681,-4.3859685816,-1.29894395773,2.54447430554,6.08239096765	1	poly	0.04	176000,,
187630	0.0,1.0,2.0,3.0,4.0,5.0,6.0,7.0,8.0,9.0,10.0,11.0,12.0,13.0,14.0,15.0,16.0,17.0,18.0,19.0	29.8312462129,26.8047821955,24.2497850167,22.1730140434,20.2217935975,18.0445665367,16.8929715739,15.9465401317,15.9054014802,15.3963154982,16.1791903085,16.8372249343,18.5908523677,19.8116660097,22.2511384551,24.618754266,26.6335086236,30.2535998003,34.0911664726,37.7361955166	1	poly	0.04	176000,,
184160	0.0,1.0,2.0,3.0,4.0,5.0,6.0,7.0,8.0,9.0,10.0,11.0,12.0,13.0,14.0,15.0,16.0,17.0,18.0,19.0	2.7947870917,-0.054982327443,-3.61222805535,-5.43881852116,-7.69998383434,-8.82396836237,-10.6333632426,-11.6004992681,-11.8506669604,-12.0293163166,-11.7688615201,-10.5720183395,-9.73621235697,-7.43899032415,-5.68280193117,-3.52472317526,-0.161430470743,2.37250244526,6.33110575615,10.5003800004	1	poly	0.04	176000,,
184150	0.0,1.0,2.0,3.0,4.0,5.0,6.0,7.0,8.0,9.0,10.0,11.0,12.0,13.0,14.0,15.0,16.0,17.0,18.0,19.0	-1.20841508817,-4.57798381157,-7.44156757391,-9.54799436612,-11.5682656756,-13.3751918756,-14.4495925975,-15.3109888237,-15.0916910221,-15.1812541676,-14.7365514792,-14.8675406479,-12.8634579194,-11.2729713896,-9.42351886675,-7.60016590608,-4.42858477354,-1.02192189404,2.66633669913,6.26458643757	1	poly	0.04	176000,,
185580	0.0,1.0,2.0,3.0,4.0,5.0,6.0,7.0,8.0,9.0,10.0,11.0,12.0,13.0,14.0,15.0,16.0,17.0,18.0,19.0	12.0215363191,8.26949517415,6.12482707421,3.41625637681,0.957517998588,0.0289028381426,-1.51438541784,-2.10729527133,-3.07089070581,-2.24810900392,-2.52981641304,-1.23737665252,-0.790919208219,1.45653645965,2.84830825512,5.58428717103,8.0347040233,11.8090985337,14.8303978262,19.7927127437	1	poly	0.04	176000,,
184571	0.0,1.0,2.0,3.0,4.0,5.0,6.0,7.0,8.0,9.0,10.0,11.0,12.0,13.0,14.0,15.0,16.0,17.0,18.0,19.0	27.5063074496,24.315397139,21.4819307062,18.9313371038,16.9765789329,15.5252678093,13.8694134206,13.7167904906,12.4919470605,13.0882153078,13.3021913503,13.8824196347,14.7225553342,16.712787675,18.7886019629,21.6164592703,23.67518107,26.7715836964,30.58994521,35.0946288401	1	poly	0.04	176000,,
186910	0.0,1.0,2.0,3.0,4.0,5.0,6.0,7.0,8.0,9.0,10.0,11.0,12.0,13.0,14.0,15.0,16.0,17.0,18.0,19.0	13.4917955221,10.4450958534,7.13331706318,5.20378448485,2.65184654908,1.12656934648,0.518028309325,-0.648977763291,-0.718150881719,-1.08338899823,-0.102327118616,0.753950453934,1.90288585039,2.76644891005,5.07634845394,7.04602722784,10.3547798651,13.145457881,16.6347233283,21.5093721851	1	poly	0.04	176000,,
186796	0.0,1.0,2.0,3.0,4.0,5.0,6.0,7.0,8.0,9.0,10.0,11.0,12.0,13.0,14.0,15.0,16.0,17.0,18.0,19.0	8.54771119659,4.99416974655,2.40711145451,0.231077039801,-1.29900367498,-2.90881862181,-4.63412064865,-5.45578083485,-5.80553960861,-5.86926893537,-5.27787982603,-4.50233505071,-2.99878893437,-2.22170654992,-0.0755423138543,2.83320148744,5.49737774423,8.61784393901,11.9828922872,15.8982594004	1	poly	0.04	176000,,
184302	0.0,1.0,2.0,3.0,4.0,5.0,6.0,7.0,8.0,9.0,10.0,11.0,12.0,13.0,14.0,15.0,16.0,17.0,18.0,19.0	-7.04234273454,-10.9292779761,-13.4225112427,-15.6600428641,-17.5469601249,-19.1812759938,-21.168661219,-21.6610294434,-22.0628811208,-21.9632346143,-21.4660641086,-20.542738884,-19.2180923603,-18.2869290052,-16.384944477,-13.4097390811,-11.037751651,-7.35493321645,-4.058469542,0.233495896227	1	poly	0.04	176000,,
185090	0.0,1.0,2.0,3.0,4.0,5.0,6.0,7.0,8.0,9.0,10.0,11.0,12.0,13.0,14.0,15.0,16.0,17.0,18.0,19.0	27.7826679743,24.9235515047,21.7668783036,19.7337853735,17.7226930417,15.7542213025,14.5351930946,13.2992283629,13.4485230153,12.8530657139,13.955342791,14.0470682324,16.0558483713,16.8065367676,19.2633286034,21.9751940294,24.2985269827,27.54163651,30.7367844249,34.7804554598	1	poly	0.04	176000,,
186409	0.0,1.0,2.0,3.0,4.0,5.0,6.0,7.0,8.0,9.0,10.0,11.0,12.0,13.0,14.0,15.0,16.0,17.0,18.0,19.0	2.92384565203,0.370203601889,-2.52423935672,-5.54581902627,-7.13510795387,-8.75362481019,-9.5935581422,-10.5483714211,-11.3955476275,-10.9287914751,-11.1913661697,-9.76144505365,-8.6463927781,-7.11238626205,-5.34658093338,-3.10378448039,-0.115818331402,2.91043215235,6.84423217919,10.8403961824	1	poly	0.04	176000,,
185050	0.0,1.0,2.0,3.0,4.0,5.0,6.0,7.0,8.0,9.0,10.0,11.0,12.0,13.0,14.0,15.0,16.0,17.0,18.0,19.0	35.7204117257,32.4676401599,29.317952407,27.6093632487,24.808872884,23.2590503462,22.502273057,21.3452072185,21.4197909288,21.1786554961,21.7867837844,22.1659279041,23.552030089,24.8792563124,27.2922179108,29.6511773854,32.2516682927,35.2498220532,39.3932906609,43.0083918486	1	poly	0.04	176000,,
186795	0.0,1.0,2.0,3.0,4.0,5.0,6.0,7.0,8.0,9.0,10.0,11.0,12.0,13.0,14.0,15.0,16.0,17.0,18.0,19.0	-3.73497957328,-7.1299339297,-9.05964642157,-11.9188676466,-13.4915204692,-15.9062459063,-16.7831827116,-17.4835796266,-17.4147819669,-18.1570530678,-17.3357853349,-16.3177631438,-15.8776425685,-14.3503053079,-11.6022442323,-9.97427498989,-6.57219595901,-3.54847324092,0.0190138508177,4.44110648491	1	poly	0.04	176000,,
185912	0.0,1.0,2.0,3.0,4.0,5.0,6.0,7.0,8.0,9.0,10.0,11.0,12.0,13.0,14.0,15.0,16.0,17.0,18.0,19.0	-3.08158649331,-6.52730582424,-8.91083635536,-11.3221955822,-13.7253310849,-15.1445615545,-16.0478880009,-17.6566043671,-18.1056145473,-17.5797736232,-17.1185787911,-16.0914011006,-15.1260002315,-13.4497792667,-11.8822878324,-9.34357537134,-6.93481469622,-3.49030118115,-0.0407974465935,4.3525486097	1	poly	0.04	176000,,
187993	0.0,1.0,2.0,3.0,4.0,5.0,6.0,7.0,8.0,9.0,10.0,11.0,12.0,13.0,14.0,15.0,16.0,17.0,18.0,19.0	1.96429648043,-0.684778984252,-3.8699004695,-5.82275870792,-7.70784812762,-9.35524050531,-10.6466797567,-11.5305132212,-11.9204457319,-12.2555794094,-11.7509399454,-11.079291656,-9.47289216907,-7.67999163075,-5.82772775019,-3.55745560019,-0.935883554865,1.83369158292,6.06667662907,10.2364058587	1	poly	0.04	176000,,
187933	0.0,1.0,2.0,3.0,4.0,5.0,6.0,7.0,8.0,9.0,10.0,11.0,12.0,13.0,14.0,15.0,16.0,17.0,18.0,19.0	-0.231869158387,-3.09467915198,-6.82993528,-8.51804544687,-10.5979365326,-11.9312739349,-14.0003131501,-14.4839583647,-14.3543497134,-15.0330986527,-14.4842672846,-13.8886539147,-12.5035194988,-10.9785233955,-9.02976556695,-6.66503556502,-3.82369632691,-0.189276658283,2.7708839057,6.91856526387	1	poly	0.04	176000,,
185585	0.0,1.0,2.0,3.0,4.0,5.0,6.0,7.0,8.0,9.0,10.0,11.0,12.0,13.0,14.0,15.0,16.0,17.0,18.0,19.0	30.3897229916,27.4071771472,25.0929342413,22.4275233148,20.4061468961,18.5478146706,17.73396232,16.9801913661,15.8672444111,16.2584084185,16.815591763,17.1774113217,18.5228720045,20.6482180292,21.9915393681,24.3945552158,27.2678379604,31.0221864075,34.2335060318,37.7785428649	1	poly	0.04	176000,,
184554	0.0,1.0,2.0,3.0,4.0,5.0,6.0,7.0,8.0,9.0,10.0,11.0,12.0,13.0,14.0,15.0,16.0,17.0,18.0,19.0	31.7720161985,28.1721967146,25.567565359,22.9351289279,20.7507994478,19.4394193775,18.4370853456,17.848207655,16.7793523801,17.1504210462,17.6566637857,18.168965515,19.0351910793,21.0003792875,22.8860827026,25.7057426404,28.6183974496,31.6010891495,35.017822212,38.6507866842	1	poly	0.04	176000,,
186101	0.0,1.0,2.0,3.0,4.0,5.0,6.0,7.0,8.0,9.0,10.0,11.0,12.0,13.0,14.0,15.0,16.0,17.0,18.0,19.0	33.8122199378,30.9110271094,28.1336121417,25.4710969575,23.3992620268,22.0133379038,21.0149722279,20.2325545383,19.7694600227,19.1635573687,19.9687412057,20.5044515151,21.6554245888,23.2628102028,25.8707961569,27.6528203575,30.3781746698,33.5996106864,37.888276356,41.7737889419	1	poly	0.04	176000,,
185525	0.0,1.0,2.0,3.0,4.0,5.0,6.0,7.0,8.0,9.0,10.0,11.0,12.0,13.0,14.0,15.0,16.0,17.0,18.0,19.0	27.4139636274,24.1626255883,20.7098755087,18.4300959795,16.4163723477,14.9166571902,14.0876376297,12.7578379535,12.2306039639,12.3844961803,12.8415797901,13.8513925233,15.5724179827,16.8836177177,18.4163970184,21.5963502303,23.6513938733,27.0266956952,30.8169259291,34.5039460455	1	poly	0.04	176000,,
184757	0.0,1.0,2.0,3.0,4.0,5.0,6.0,7.0,8.0,9.0,10.0,11.0,12.0,13.0,14.0,15.0,16.0,17.0,18.0,19.0	35.4761513399,31.7731065318,28.970656374,26.4984594073,24.411032122,22.9033689649,21.912076264,20.9015236549,20.1254557546,21.0611348927,21.0884152801,21.6983017986,23.0889850209,24.0863685056,26.571944016,29.1273109394,31.6952013733,34.7870619181,38.2663298415,42.4646814285	1	poly	0.04	176000,,
187825	0.0,1.0,2.0,3.0,4.0,5.0,6.0,7.0,8.0,9.0,10.0,11.0,12.0,13.0,14.0,15.0,16.0,17.0,18.0,19.0	35.9869315389,32.013462577,29.5279847927,27.6631944479,24.8623022025,23.7803493925,22.1650062191,21.8347398244,21.4368774578,21.5979859959,21.1452864913,21.998773398,23.2372403877,25.6600748915,26.9952188222,29.4987005114,32.9094688475,36.0275994109,38.8621422932,43.2088436967	1	poly	0.04	176000,,
186083	0.0,1.0,2.0,3.0,4.0,5.0,6.0,7.0,8.0,9.0,10.0,11.0,12.0,13.0,14.0,15.0,16.0,17.0,18.0,19.0	35.6198024722,32.3683880051,29.1558101749,26.9161902687,24.5983598599,23.4128410445,21.8407299055,21.085878256,21.0976097225,20.3255401552,21.2687931809,22.3226445426,23.1647241675,24.8046292435,26.5121702294,29.2464663094,32.3514852295,35.3724994828,38.9962175558,43.2223524711	1	poly	0.04	176000,,
186451	0.0,1.0,2.0,3.0,4.0,5.0,6.0,7.0,8.0,9.0,10.0,11.0,12.0,13.0,14.0,15.0,16.0,17.0,18.0,19.0	32.496488753,29.0456973477,26.3787353563,24.5950103552,21.750096479,20.8275077015,19.6338331871,18.2447055892,18.6975050816,18.658243563,18.9992220274,19.2435225306,20.8182938453,22.0132522712,23.8547219609,26.8542953469,29.0299358469,33.0411573398,35.9188377422,39.8827537081	1	poly	0.04	176000,,
187806	0.0,1.0,2.0,3.0,4.0,5.0,6.0,7.0,8.0,9.0,10.0,11.0,12.0,13.0,14.0,15.0,16.0,17.0,18.0,19.0	5.4525887433,1.64704650271,-0.267937805098,-3.25961021149,-4.59278998107,-6.45979575057,-8.20005991622,-8.36865900763,-9.09674724542,-9.49200796077,-8.88991718513,-8.22829415074,-6.75066124427,-5.48282410949,-3.04218995969,-1.15311626247,2.40452276152,5.19411441909,8.86545552788,12.7620538209	1	poly	0.04	176000,,
187406	0.0,1.0,2.0,3.0,4.0,5.0,6.0,7.0,8.0,9.0,10.0,11.0,12.0,13.0,14.0,15.0,16.0,17.0,18.0,19.0	28.5716560692,25.736657739,22.5983486155,20.3717000532,18.708453624,16.7548403703,15.7739226496,15.4501611143,14.2056010454,14.8489906567,15.0108116668,16.053865077,16.6910476399,18.2648591754,21.0054142602,23.40858969,25.7341814256,28.7703150528,32.4656791158,36.6934211576	1	poly	0.04	176000,,
186301	0.0,1.0,2.0,3.0,4.0,5.0,6.0,7.0,8.0,9.0,10.0,11.0,12.0,13.0,14.0,15.0,16.0,17.0,18.0,19.0	-6.82611980544,-10.2319661517,-13.2497504617,-15.7648565802,-17.2812649456,-19.3910800532,-21.0202525437,-21.4378472444,-21.6525771056,-21.8915935416,-21.4545119475,-20.4390180089,-19.7940174791,-18.2010187962,-15.7801163841,-13.6149118747,-10.6583674119,-7.21366930169,-4.14547227494,0.157420041243	1	poly	0.04	176000,,
184497	0.0,1.0,2.0,3.0,4.0,5.0,6.0,7.0,8.0,9.0,10.0,11.0,12.0,13.0,14.0,15.0,16.0,17.0,18.0,19.0	33.8894655015,30.1226127377,27.1754866949,25.0243368452,22.6769726549,21.4056047258,19.9382539123,19.5976895558,19.3367593493,18.7581880999,19.3546124808,19.7449584845,21.3241078101,23.4054133137,24.8781251648,27.3028087999,30.2176185218,33.088305623,37.0538590398,41.3931695882	1	poly	0.04	176000,,
186783	0.0,1.0,2.0,3.0,4.0,5.0,6.0,7.0,8.0,9.0,10.0,11.0,12.0,13.0,14.0,15.0,16.0,17.0,18.0,19.0	34.7693129418,31.5216022931,29.0021939461,26.2923773903,24.1357105574,22.6689813086,21.18692165,21.0723260641,20.1714389658,20.7430979747,20.9453492051,21.8974496731,22.4061259677,24.1007030013,26.2500324944,29.2256107383,31.2062495704,34.5707950128,38.6328751319,42.1138716322	1	poly	0.04	176000,,
184484	0.0,1.0,2.0,3.0,4.0,5.0,6.0,7.0,8.0,9.0,10.0,11.0,12.0,13.0,14.0,15.0,16.0,17.0,18.0,19.0	21.9775192001,17.9734227106,15.7650580439,13.1881546657,10.707490794,9.85267578879,8.50319493228,7.82139011507,7.65466788842,6.77189774587,7.4842612176,8.29720045491,9.82721104636,10.9573624879,13.590632589,15.7891551217,17.8962096931,21.8630321589,25.0253444702,29.5505836446	1	poly	0.04	176000,,
184453	0.0,1.0,2.0,3.0,4.0,5.0,6.0,7.0,8.0,9.0,10.0,11.0,12.0,13.0,14.0,15.0,16.0,17.0,18.0,19.0	23.6102790232,20.9953214451,18.3447421657,15.7551366722,13.7577942799,11.749976691,10.6972463221,10.2237447966,9.82159509915,9.53364198975,9.51611711997,10.8781628207,12.2918994302,13.3652274968,15.2628139571,18.3809175978,20.5189330941,24.188271145,27.7643397138,31.9482198968	1	poly	0.04	176000,,
187327	0.0,1.0,2.0,3.0,4.0,5.0,6.0,7.0,8.0,9.0,10.0,11.0,12.0,13.0,14.0,15.0,16.0,17.0,18.0,19.0	-4.36043731448,-8.07899948965,-10.6437908573,-12.5791657591,-15.1766952249,-16.6297521808,-17.9984816871,-18.8674820944,-18.7701111771,-18.7305508511,-18.9906830998,-18.2328289009,-16.7898898915,-14.5571088334,-12.9020694485,-10.6162166491,-7.65068587551,-4.56860852678,-0.628886314029,3.06210033708	1	poly	0.04	176000,,
184140	0.0,1.0,2.0,3.0,4.0,5.0,6.0,7.0,8.0,9.0,10.0,11.0,12.0,13.0,14.0,15.0,16.0,17.0,18.0,19.0	-7.48568762737,-10.6713398868,-12.9172175307,-15.614339884,-17.7289572499,-19.4185032807,-20.7683461832,-20.7455892546,-22.0236456948,-21.9189250798,-21.2666908779,-20.7925391302,-19.0189626022,-17.7078150569,-15.3176389849,-13.4583631185,-10.5444539384,-6.86876878562,-3.730688305,0.0674786630905	1	poly	0.04	176000,,
185046	0.0,1.0,2.0,3.0,4.0,5.0,6.0,7.0,8.0,9.0,10.0,11.0,12.0,13.0,14.0,15.0,16.0,17.0,18.0,19.0	18.2281909075,14.7591005834,12.1527367143,9.42409470062,7.6356176296,5.80693568612,4.75648693956,3.71207588754,3.43247825128,3.48494974726,3.66375362716,5.11578736527,5.44218391613,7.87065645264,9.85149584167,11.7765143559,15.0653982796,18.2212609242,21.3883602212,25.9479139489	1	poly	0.04	176000,,
184877	0.0,1.0,2.0,3.0,4.0,5.0,6.0,7.0,8.0,9.0,10.0,11.0,12.0,13.0,14.0,15.0,16.0,17.0,18.0,19.0	20.4479044931,16.7995610147,14.4461527331,11.5983700828,9.98958571612,8.32700020802,7.09274327564,6.65428911561,6.20664801424,5.77211056507,5.93822131848,6.91955168979,8.68607539043,10.3163930766,11.7853289169,14.6648064798,16.6241068507,20.4018486071,23.8818563256,28.172285084	1	poly	0.04	176000,,
186930	0.0,1.0,2.0,3.0,4.0,5.0,6.0,7.0,8.0,9.0,10.0,11.0,12.0,13.0,14.0,15.0,16.0,17.0,18.0,19.0	30.035068199,26.8284806157,24.0968016764,21.2727685869,19.9975518072,18.1338662946,16.4307956505,15.7869463812,15.6612335802,15.1377612295,16.4209012282,16.7453004729,18.1539171823,19.6353582488,21.2599366651,23.7522115352,26.5298608148,29.7094333372,33.3794269989,37.9177537408	1	poly	0.04	176000,,
186053	0.0,1.0,2.0,3.0,4.0,5.0,6.0,7.0,8.0,9.0,10.0,11.0,12.0,13.0,14.0,15.0,16.0,17.0,18.0,19.0	31.9651403474,28.6981731985,25.6440379988,23.4770538862,21.8887302878,20.2510178091,18.7282360586,18.5368111729,17.621256719,17.2180694107,17.6083647376,18.5497132151,19.8396856867,21.9311022737,23.5707597681,25.6456181818,28.8041980135,31.7013690801,35.8731952871,39.5562438349	1	poly	0.04	176000,,
184409	0.0,1.0,2.0,3.0,4.0,5.0,6.0,7.0,8.0,9.0,10.0,11.0,12.0,13.0,14.0,15.0,16.0,17.0,18.0,19.0	16.8845586479,13.844744637,10.7072305897,8.90332668936,6.46538262765,5.4530977305,3.47817880278,3.04105333152,2.46447302502,2.25451506581,2.68238634494,3.54975383513,4.53539890326,6.62702193121,8.84381633031,10.8135195007,14.0963867095,16.8352914401,20.3832912168,25.0662094816	1	poly	0.04	176000,,
187175	0.0,1.0,2.0,3.0,4.0,5.0,6.0,7.0,8.0,9.0,10.0,11.0,12.0,13.0,14.0,15.0,16.0,17.0,18.0,19.0	22.3983496079,18.9920155644,15.944939474,13.6414495953,11.6759798062,10.08563998,8.58040218849,8.10662450463,7.68458815272,7.43010156961,8.12321035679,9.13469489024,10.2234042621,11.1041142846,13.8698587202,15.7105471362,18.3429851677,21.8785234962,25.734141926,29.4285901064	1	poly	0.04	176000,,
187295	0.0,1.0,2.0,3.0,4.0,5.0,6.0,7.0,8.0,9.0,10.0,11.0,12.0,13.0,14.0,15.0,16.0,17.0,18.0,19.0	5.60968144741,3.17505579646,0.449657450919,-2.14124519382,-4.43572924853,-5.71201672469,-7.19032042128,-7.54513046661,-8.41417715973,-8.10105064344,-7.72173135253,-7.2857996953,-5.93000830971,-4.07477123962,-2.65480476555,-0.252222313032,3.32548118288,5.9135059207,9.41491226037,13.5226937667	1	poly	0.04	176000,,
185075	0.0,1.0,2.0,3.0,4.0,5.0,6.0,7.0,8.0,9.0,10.0,11.0,12.0,13.0,14.0,15.0,16.0,17.0,18.0,19.0	-4.62014650106,-8.05290875197,-10.7612588047,-13.4659001051,-15.3583719185,-17.2471129967,-17.5312844678,-19.0105608867,-19.2446859008,-18.889697481,-18.9654794445,-18.3385407819,-17.1193908305,-15.0174539514,-13.0712589972,-10.3874288073,-7.89206231105,-5.13022798107,-0.851357612561,2.71118474458	1	poly	0.04	176000,,
184183	0.0,1.0,2.0,3.0,4.0,5.0,6.0,7.0,8.0,9.0,10.0,11.0,12.0,13.0,14.0,15.0,16.0,17.0,18.0,19.0	17.9378415913,15.0672149114,11.7635127604,9.84767382259,8.0760074675,6.37663558562,5.29589867222,3.8022203018,3.92406072648,3.48844601462,3.68900396248,4.86952122448,5.76830229612,7.69601610073,10.0137180189,11.849439639,15.155898987,17.7485792569,21.4776433929,25.4950446892	1	poly	0.04	176000,,
184931	0.0,1.0,2.0,3.0,4.0,5.0,6.0,7.0,8.0,9.0,10.0,11.0,12.0,13.0,14.0,15.0,16.0,17.0,18.0,19.0	13.7429267632,10.261126592,7.39981152795,5.36470696085,2.96694939848,1.3324764417,-0.0628645606934,-0.999164326313,-0.999548022608,-1.27217103779,-0.739068709746,0.216010050185,1.42645204564,2.89114420842,4.57661269741,7.66156408593,9.83604352155,13.4635303541,16.3765568479,20.3771032095	1	poly	0.04	176000,,
186655	0.0,1.0,2.0,3.0,4.0,5.0,6.0,7.0,8.0,9.0,10.0,11.0,12.0,13.0,14.0,15.0,16.0,17.0,18.0,19.0	-3.81810284916,-6.99235638002,-9.67027896985,-12.079935541,-14.4237737461,-16.1421604757,-17.5149543624,-18.4073729293,-18.2352881923,-18.0701963653,-17.5413592328,-17.5032779962,-15.938858154,-14.212095089,-12.5544422745,-10.3166660429,-7.33125050386,-4.20984645308,-0.234367223279,4.16128046226	1	poly	0.04	176000,,
185317	0.0,1.0,2.0,3.0,4.0,5.0,6.0,7.0,8.0,9.0,10.0,11.0,12.0,13.0,14.0,15.0,16.0,17.0,18.0,19.0	20.3727458236,16.8488629892,14.4584183213,11.7054033836,9.60609664395,7.71358258293,7.37658239671,6.60908117953,5.34945503168,5.69294389969,6.25906444382,7.06193252737,8.45395120105,10.1746162405,11.7897907912,13.9451835007,16.6557154979,20.4931355617,23.2654070597,28.1093798962	1	poly	0.04	176000,,
185098	0.0,1.0,2.0,3.0,4.0,5.0,6.0,7.0,8.0,9.0,10.0,11.0,12.0,13.0,14.0,15.0,16.0,17.0,18.0,19.0	19.276913248,16.3367416051,13.4781078356,10.6764034551,8.56361784237,7.02243131907,6.36765238468,5.49048412831,4.17829764381,4.5853468409,4.83048029345,5.8585593926,7.40288340661,9.16013690368,10.4263821597,13.1822829664,15.7336215745,19.3007481068,22.4442435147,26.4597133324	1	poly	0.04	176000,,
187615	0.0,1.0,2.0,3.0,4.0,5.0,6.0,7.0,8.0,9.0,10.0,11.0,12.0,13.0,14.0,15.0,16.0,17.0,18.0,19.0	16.788231002,13.9312946725,10.9691129924,8.40945881994,6.20492625198,5.13952689216,3.85916790056,2.82766991594,1.93919825241,2.58738990885,2.35425434762,3.97933173444,5.13533269154,6.50148021294,8.60721321543,10.6282837013,13.856448723,16.8536847979,20.4063026289,24.6366032506	1	poly	0.04	176000,,
185387	0.0,1.0,2.0,3.0,4.0,5.0,6.0,7.0,8.0,9.0,10.0,11.0,12.0,13.0,14.0,15.0,16.0,17.0,18.0,19.0	5.37052926284,2.46881072073,-0.577832026959,-2.8748358538,-5.26407927299,-7.20935044517,-8.41462154113,-9.3140309362,-9.36570621812,-9.54057567594,-9.2901675553,-8.50901440888,-6.49775914619,-5.61401280374,-3.46031074613,-1.18010662949,2.46058640285,4.78543375424,8.51026532917,12.3416237313	1	poly	0.04	176000,,
184884	0.0,1.0,2.0,3.0,4.0,5.0,6.0,7.0,8.0,9.0,10.0,11.0,12.0,13.0,14.0,15.0,16.0,17.0,18.0,19.0	10.9601097665,8.20761481331,5.56020534533,2.58841713033,0.872893121475,-0.555420246681,-1.63232685825,-2.83318083,-2.99730872942,-3.22664865817,-2.48659038317,-1.78336680813,-0.423029111409,0.669816211653,2.75701621487,5.50182677847,8.21417925386,11.191077118,14.7963678387,19.2406180824	1	poly	0.04	176000,,
186394	0.0,1.0,2.0,3.0,4.0,5.0,6.0,7.0,8.0,9.0,10.0,11.0,12.0,13.0,14.0,15.0,16.0,17.0,18.0,19.0	31.5340479984,28.1282599616,26.2296855333,23.0611495506,21.0212674221,20.0220828316,18.4519259415,17.9142937973,16.9655310816,17.3502706313,17.8750649327,18.2581307656,20.0280260019,21.1273585324,23.1163952372,25.5167579469,28.427371466,32.0302447786,35.3662291974,39.2568599675	1	poly	0.04	176000,,
186916	0.0,1.0,2.0,3.0,4.0,5.0,6.0,7.0,8.0,9.0,10.0,11.0,12.0,13.0,14.0,15.0,16.0,17.0,18.0,19.0	-3.0552587439,-6.73369039716,-9.05318650162,-11.5917839416,-13.9292477892,-15.4643254183,-16.892580916,-17.4359997479,-18.0193524107,-17.880474501,-17.148058296,-16.1956522422,-15.5205199466,-13.5857380208,-12.1552013671,-9.57842379915,-6.69265548924,-3.48979734846,0.561469888891,3.82262195353	1	poly	0.04	176000,,
184503	0.0,1.0,2.0,3.0,4.0,5.0,6.0,7.0,8.0,9.0,10.0,11.0,12.0,13.0,14.0,15.0,16.0,17.0,18.0,19.0	29.6695489044,26.4785465783,23.0798817663,20.9016597854,18.6390517144,17.4039439212,16.146826513,15.2519880684,15.1487035839,15.1358308068,15.7491381349,16.1186469133,17.5599445601,19.0114170344,21.4442608679,23.2850918858,26.3798114321,29.931384523,32.9288709625,36.6758985603	1	poly	0.04	176000,,
184034	0.0,1.0,2.0,3.0,4.0,5.0,6.0,7.0,8.0,9.0,10.0,11.0,12.0,13.0,14.0,15.0,16.0,17.0,18.0,19.0	3.27131488552,0.246117674803,-2.00263344426,-4.54987364053,-6.93851421764,-8.6309497116,-9.35553938368,-10.285693464,-11.3297310328,-11.1181391811,-10.6103499604,-9.3464468989,-8.0025226972,-7.1233098324,-5.33547409395,-2.95973122442,-0.184061555153,3.23029148277,6.70746538116,11.3024220132	1	poly	0.04	176000,,
184381	0.0,1.0,2.0,3.0,4.0,5.0,6.0,7.0,8.0,9.0,10.0,11.0,12.0,13.0,14.0,15.0,16.0,17.0,18.0,19.0	12.3534947366,9.92318612258,6.56659755633,4.64705867178,2.77464681779,1.02256798741,-0.370504966553,-0.964599737372,-2.05773859682,-2.02069383506,-1.26437573838,0.00535831068154,0.535057693044,2.55455056555,4.59037163951,6.51435592514,9.79476771768,12.3035798256,16.4812162731,20.6741044377	1	poly	0.04	176000,,
186383	0.0,1.0,2.0,3.0,4.0,5.0,6.0,7.0,8.0,9.0,10.0,11.0,12.0,13.0,14.0,15.0,16.0,17.0,18.0,19.0	21.0831831531,18.0293370415,14.8158375927,13.0425197053,10.5080580278,8.87150581314,8.08509236907,7.11729464187,6.66708905637,6.57946327336,6.91615799753,7.52301154507,9.22284355162,10.2432936493,12.2023120472,14.590089689,18.3094417257,21.113846396,25.1558117547,29.1007404413	1	poly	0.04	176000,,
186934	0.0,1.0,2.0,3.0,4.0,5.0,6.0,7.0,8.0,9.0,10.0,11.0,12.0,13.0,14.0,15.0,16.0,17.0,18.0,19.0	6.92719640917,3.26553275575,0.916755137974,-1.96007502614,-3.86101675725,-4.65164031456,-6.60477643616,-7.24988368587,-7.9460092134,-7.83330217181,-6.79178807004,-6.51779538294,-4.93780281534,-3.40274516856,-1.56071959891,1.12135934674,3.32800348107,6.45869652518,10.6307616009,14.2465823284	1	poly	0.04	176000,,
187548	0.0,1.0,2.0,3.0,4.0,5.0,6.0,7.0,8.0,9.0,10.0,11.0,12.0,13.0,14.0,15.0,16.0,17.0,18.0,19.0	13.6645768987,10.9326746297,8.02744076071,6.00989936121,3.36578836545,2.24949470224,0.739317685657,0.407326903408,-0.451431987609,-0.803265904702,-0.341139485914,0.650430699079,1.76282390327,3.58143251059,5.24856596169,7.77113857199,10.5713171786,13.6333698972,17.4654670459,21.3154237453	1	poly	0.04	176000,,
186570	0.0,1.0,2.0,3.0,4.0,5.0,6.0,7.0,8.0,9.0,10.0,11.0,12.0,13.0,14.0,15.0,16.0,17.0,18.0,19.0	-6.4154080464,-9.70232556894,-12.4985978358,-14.4672078871,-16.8669243868,-18.4586516001,-19.5026171656,-20.665822903,-20.5316122998,-21.1335652129,-20.3487848994,-19.6535317187,-17.7650319428,-16.3691571219,-14.457235044,-12.5093285214,-9.1115131863,-6.14945011251,-2.90121078882,1.73973857973	1	poly	0.04	176000,,
187078	0.0,1.0,2.0,3.0,4.0,5.0,6.0,7.0,8.0,9.0,10.0,11.0,12.0,13.0,14.0,15.0,16.0,17.0,18.0,19.0	32.7274806408,29.1206751195,26.9955112393,24.7016062667,22.4337542753,21.0716920379,19.9502962307,18.9707572501,18.4022999761,18.698164257,18.3656090347,19.961713585,20.3839361143,22.0853236179,24.1900371101,26.8468119537,29.8184130044,33.1481943745,36.8993340351,40.9090066295	1	poly	0.04	176000,,
184289	0.0,1.0,2.0,3.0,4.0,5.0,6.0,7.0,8.0,9.0,10.0,11.0,12.0,13.0,14.0,15.0,16.0,17.0,18.0,19.0	-2.05144108333,-4.7819180041,-7.79496214389,-10.102974266,-12.4281551709,-13.558336715,-15.4790787004,-15.925932333,-15.963238196,-16.5572920696,-15.7108231302,-15.3601336899,-14.1274123703,-12.0270499286,-9.86041670918,-8.11928579302,-4.56846083659,-1.87388532847,1.50226308227,5.44535441638	1	poly	0.04	176000,,
187189	0.0,1.0,2.0,3.0,4.0,5.0,6.0,7.0,8.0,9.0,10.0,11.0,12.0,13.0,14.0,15.0,16.0,17.0,18.0,19.0	-2.12486676488,-5.23894711871,-7.2540638519,-10.3125914534,-11.8120181484,-13.5305005952,-15.2271520018,-15.3580703356,-16.0839924271,-16.15562937,-16.0257465226,-14.4215195814,-13.2735940326,-12.0902041119,-10.0224554116,-7.61808347462,-4.41903626322,-1.90853982735,2.30806724946,5.57074969428	1	poly	0.04	176000,,
187482	0.0,1.0,2.0,3.0,4.0,5.0,6.0,7.0,8.0,9.0,10.0,11.0,12.0,13.0,14.0,15.0,16.0,17.0,18.0,19.0	12.3184024952,9.31991764398,6.42971086193,4.16452651888,2.32043551812,0.114061937068,-0.449347189014,-1.61980227794,-1.97544015068,-2.23376158828,-1.36325166037,-0.29724146333,0.836951385639,2.11017975981,3.9736270768,5.96656564977,8.80120143641,12.5408617086,15.7547383617,20.166854503	1	poly	0.04	176000,,
185680	0.0,1.0,2.0,3.0,4.0,5.0,6.0,7.0,8.0,9.0,10.0,11.0,12.0,13.0,14.0,15.0,16.0,17.0,18.0,19.0	29.1189224409,26.0298221326,23.267543709,21.3106856711,19.1926636216,17.7555939632,16.4530336738,15.9657232951,14.718075921,15.3085056096,15.6108314015,16.7289053997,17.3381727413,19.63407743,21.1030637353,23.5793835518,25.9120275185,29.5947559593,33.2635680079,37.5017254508	1	poly	0.04	176000,,
187376	0.0,1.0,2.0,3.0,4.0,5.0,6.0,7.0,8.0,9.0,10.0,11.0,12.0,13.0,14.0,15.0,16.0,17.0,18.0,19.0	10.7005072884,7.16559653753,4.64918091399,1.86630994327,0.125774989198,-2.04838544194,-3.0703787291,-3.76772673455,-4.05331843062,-3.94337343962,-4.07620849855,-2.55834352231,-1.99222395826,0.172218380355,1.96671985325,4.16355637324,6.98430087124,9.82776580978,14.1896372194,18.273243895	1	poly	0.04	176000,,
185136	0.0,1.0,2.0,3.0,4.0,5.0,6.0,7.0,8.0,9.0,10.0,11.0,12.0,13.0,14.0,15.0,16.0,17.0,18.0,19.0	-4.23925891542,-7.34784701893,-9.53078772063,-12.1151087496,-13.971337236,-15.8832371325,-17.332541141,-18.0556369648,-18.0628905584,-18.4251034338,-18.3864308533,-17.5163673255,-16.3668900622,-14.716901832,-12.2250231519,-10.2416530164,-6.95411460295,-4.18785954081,-0.434811126692,3.72832864085	1	poly	0.04	176000,,
185716	0.0,1.0,2.0,3.0,4.0,5.0,6.0,7.0,8.0,9.0,10.0,11.0,12.0,13.0,14.0,15.0,16.0,17.0,18.0,19.0	21.4042356484,18.3057218471,15.7995013269,13.5320237004,11.7877888402,9.42974703698,8.80112584339,7.72361705895,7.21529668888,7.36824686489,8.14011001589,8.7070183368,9.55053543729,11.1494336417,13.4193360961,15.4689268297,18.5107308797,21.9417902394,25.3585955958,29.618188629	1	poly	0.04	176000,,
186673	0.0,1.0,2.0,3.0,4.0,5.0,6.0,7.0,8.0,9.0,10.0,11.0,12.0,13.0,14.0,15.0,16.0,17.0,18.0,19.0	-1.76619404113,-5.04782251849,-7.17646469982,-9.86135006736,-12.2597119246,-13.5623383157,-14.9774250032,-15.5257854537,-16.2348350886,-16.2272918573,-15.782569587,-14.4521044239,-12.9770775986,-11.4797435965,-10.0190055598,-7.8080878683,-4.8501381326,-1.87546961143,1.93047961391,6.42816758754	1	poly	0.04	176000,,
187781	0.0,1.0,2.0,3.0,4.0,5.0,6.0,7.0,8.0,9.0,10.0,11.0,12.0,13.0,14.0,15.0,16.0,17.0,18.0,19.0	31.6163024921,28.152111059,25.6042182259,23.2338189003,20.9099658345,18.8707583061,17.7280577101,17.1100797423,17.0816825398,16.6268047321,16.8227431916,17.8548482127,19.0952603249,20.5793763845,23.1880896952,24.7035949841,27.5151515834,31.1971763013,35.1368912936,38.7086283128	1	poly	0.04	176000,,
186933	0.0,1.0,2.0,3.0,4.0,5.0,6.0,7.0,8.0,9.0,10.0,11.0,12.0,13.0,14.0,15.0,16.0,17.0,18.0,19.0	-6.50441791457,-10.2962165403,-12.7664834036,-15.6305445771,-17.2156328977,-18.7288812957,-20.4897731792,-21.292733368,-21.6767548325,-21.4384039567,-21.2695308817,-20.3390146188,-18.3870893032,-17.0083611099,-15.5878857006,-13.0196331265,-10.4342339745,-6.89973300211,-3.67398723805,1.10490439958	1	poly	0.04	176000,,
186754	0.0,1.0,2.0,3.0,4.0,5.0,6.0,7.0,8.0,9.0,10.0,11.0,12.0,13.0,14.0,15.0,16.0,17.0,18.0,19.0	16.7860352134,13.5010591317,10.596222489,8.02321531484,6.03822260176,4.52095276408,3.82530776797,2.43907615767,2.64682859913,1.78412578377,2.78340532639,3.05849576314,4.2521479457,6.59501182467,8.71539817454,10.9936691766,13.9812590224,16.9197359257,19.9835373522,24.718380792	1	poly	0.04	176000,,
184690	0.0,1.0,2.0,3.0,4.0,5.0,6.0,7.0,8.0,9.0,10.0,11.0,12.0,13.0,14.0,15.0,16.0,17.0,18.0,19.0	4.51714875143,1.55603687158,-1.52396132122,-3.70968731062,-5.20134459353,-7.51024916944,-8.1571661225,-9.20342993012,-9.52384811577,-9.83366416421,-9.3806414253,-7.8567998442,-7.56325426799,-5.06281245244,-3.25978093604,-1.36473490089,1.35092313309,4.63073180233,8.52996670345,12.3701966714	1	poly	0.04	176000,,
187979	0.0,1.0,2.0,3.0,4.0,5.0,6.0,7.0,8.0,9.0,10.0,11.0,12.0,13.0,14.0,15.0,16.0,17.0,18.0,19.0	-4.15476823988,-7.34892885334,-10.2847034383,-13.5218549709,-14.8390710575,-16.5741242776,-17.3428755888,-18.7760473074,-18.96916215,-18.9954692118,-18.5328468038,-17.7187507382,-16.1661176594,-14.653315556,-12.9210090509,-11.1046919563,-7.49274581868,-5.09016123404,-1.47725892291,2.84900568794	1	poly	0.04	176000,,
187794	0.0,1.0,2.0,3.0,4.0,5.0,6.0,7.0,8.0,9.0,10.0,11.0,12.0,13.0,14.0,15.0,16.0,17.0,18.0,19.0	15.2279552266,11.4285706227,8.83185162515,6.740442366,4.97493109731,3.19871684024,1.9425959514,1.15135449426,0.929608187268,0.967069571874,0.650293793897,1.63411548565,2.97233664082,4.01614087243,6.64604808144,8.9943094201,12.1009524085,15.3405820733,18.1391361676,22.3792745055	1	poly	0.04	176000,,
184040	0.0,1.0,2.0,3.0,4.0,5.0,6.0,7.0,8.0,9.0,10.0,11.0,12.0,13.0,14.0,15.0,16.0,17.0,18.0,19.0	6.91868658426,3.55695698746,0.448641391012,-1.45419955881,-4.34954906111,-5.93584933214,-6.79311833726,-7.66326063028,-7.97396846339,-8.08375882531,-7.76949459193,-6.27909948771,-5.75054599744,-4.08706489969,-1.45793788032,0.276149024128,3.05565244152,6.23949011122,10.1135438295,14.0210891397	1	poly	0.04	176000,,
186876	0.0,1.0,2.0,3.0,4.0,5.0,6.0,7.0,8.0,9.0,10.0,11.0,12.0,13.0,14.0,15.0,16.0,17.0,18.0,19.0	17.7426429176,14.4907441032,11.5458568078,9.34086566458,7.4206985751,6.29175932119,5.24497545675,3.53482563672,3.71502184891,4.06401328871,3.8548858956,4.9639619038,6.13377735527,7.83004791521,9.61011201817,11.8210254463,14.6357526837,17.7206854803,21.9933335522,25.3954630482	1	poly	0.04	176000,,
185916	0.0,1.0,2.0,3.0,4.0,5.0,6.0,7.0,8.0,9.0,10.0,11.0,12.0,13.0,14.0,15.0,16.0,17.0,18.0,19.0	10.6650405398,7.23896318458,5.1948391049,2.37811706102,0.801608678413,-1.39527312182,-1.95523874525,-2.9165011477,-3.10003204451,-3.29836614917,-3.59391566716,-1.86749572902,-1.26522038273,0.355581451916,2.39531537227,4.70289160213,7.91785814942,11.1926851937,13.9862053965,18.8397746937	1	poly	0.04	176000,,
186107	0.0,1.0,2.0,3.0,4.0,5.0,6.0,7.0,8.0,9.0,10.0,11.0,12.0,13.0,14.0,15.0,16.0,17.0,18.0,19.0	9.00228415091,5.75184333121,3.02902826278,0.541088325111,-1.82055691484,-3.2360087719,-4.57833096764,-5.45677372942,-5.2930074914,-5.40176442498,-4.65117051125,-4.26834210273,-2.56431446376,-1.03868498452,0.739993786265,2.57605563473,5.6930715539,8.77826929643,12.4934268874,16.6246346031	1	poly	0.04	176000,,
184728	0.0,1.0,2.0,3.0,4.0,5.0,6.0,7.0,8.0,9.0,10.0,11.0,12.0,13.0,14.0,15.0,16.0,17.0,18.0,19.0	12.8839284448,9.5519414286,6.39967244787,4.31951143047,2.17021928694,0.75366899046,-0.920208654018,-1.9881939115,-2.45096007436,-2.24719080384,-1.84808135756,-0.336478689027,0.324534788145,1.77327304347,4.52335006531,6.14997492046,9.71090863691,12.3004690411,15.7129401822,20.5151283233	1	poly	0.04	176000,,
184308	0.0,1.0,2.0,3.0,4.0,5.0,6.0,7.0,8.0,9.0,10.0,11.0,12.0,13.0,14.0,15.0,16.0,17.0,18.0,19.0	23.7724354736,20.3176756255,17.1526520985,14.6849218827,13.0961603889,11.4873887197,10.1048237207,9.19343566747,8.74028804283,8.50994296299,9.40241083561,9.83976957071,11.2968100556,13.3336687173,15.4060334674,16.9310395878,19.9558425886,23.6628628996,26.6894648295,31.4444522891	1	poly	0.04	176000,,
186214	0.0,1.0,2.0,3.0,4.0,5.0,6.0,7.0,8.0,9.0,10.0,11.0,12.0,13.0,14.0,15.0,16.0,17.0,18.0,19.0	23.4969669161,19.9099667597,17.1372613114,14.6238342109,13.320160622,11.828966885,9.96241307573,9.25877287258,8.69941233923,9.44854850264,9.73292574506,9.97202262101,11.3675393639,13.2044323402,15.2872931632,17.2059925439,19.7511282851,23.1080908168,27.1201913771,31.3807943192	1	poly	0.04	176000,,
186501	0.0,1.0,2.0,3.0,4.0,5.0,6.0,7.0,8.0,9.0,10.0,11.0,12.0,13.0,14.0,15.0,16.0,17.0,18.0,19.0	7.71488864077,4.42018617625,1.69072151903,-0.0869615712537,-2.8058249319,-3.58176579594,-5.06790033352,-5.77603835763,-6.50571853392,-6.56508614003,-6.12381218144,-5.061651713,-3.68034582765,-2.40333290614,-0.366251558795,2.36171717926,4.86592298456,7.75735797644,11.2437254755,15.9579930023	1	poly	0.04	176000,,
185723	0.0,1.0,2.0,3.0,4.0,5.0,6.0,7.0,8.0,9.0,10.0,11.0,12.0,13.0,14.0,15.0,16.0,17.0,18.0,19.0	9.23557668707,5.69219004932,3.12610296748,0.788942522443,-1.04744800498,-3.01495491506,-4.31385797359,-5.38371783908,-5.47863562052,-5.86894107237,-4.85908498151,-3.81428151595,-3.50967433002,-1.04732754192,0.0749282597619,3.01123464572,6.23321959743,8.8157970692,12.3522423542,16.1581381607	1	poly	0.04	176000,,
186084	0.0,1.0,2.0,3.0,4.0,5.0,6.0,7.0,8.0,9.0,10.0,11.0,12.0,13.0,14.0,15.0,16.0,17.0,18.0,19.0	32.2319727606,29.3354601415,26.1345010519,23.7768855647,22.3146662842,20.4271082389,18.8944722948,18.1468735791,17.9201970478,18.562594549,19.0409303776,19.067943193,20.336589549,22.5770778094,23.9927753451,26.8473658986,28.9889110076,32.445867731,36.6881031255,39.8667590806	1	poly	0.04	176000,,
185927	0.0,1.0,2.0,3.0,4.0,5.0,6.0,7.0,8.0,9.0,10.0,11.0,12.0,13.0,14.0,15.0,16.0,17.0,18.0,19.0	4.82624124789,1.08899490561,-1.35842622923,-3.92462496989,-5.96069153456,-7.66110233896,-8.56469288755,-9.28108681402,-10.2033668523,-10.2337877271,-9.71015191553,-8.91475719992,-8.03548477066,-5.74701145631,-4.37033861449,-1.61359494643,0.722797566149,4.13852705674,8.31360911337,12.2179181414	1	poly	0.04	176000,,
184492	0.0,1.0,2.0,3.0,4.0,5.0,6.0,7.0,8.0,9.0,10.0,11.0,12.0,13.0,14.0,15.0,16.0,17.0,18.0,19.0	-1.89578057284,-4.96437450196,-7.97238722785,-10.1880144531,-12.777118649,-13.4883518037,-15.0599717788,-15.6089688729,-16.5870164722,-15.8957285914,-15.5495874294,-15.6252424542,-13.5796168409,-12.2783406766,-10.5486308549,-8.43271010696,-4.98427955285,-2.46057835555,1.24820915563,5.16706260168	1	poly	0.04	176000,,
184657	0.0,1.0,2.0,3.0,4.0,5.0,6.0,7.0,8.0,9.0,10.0,11.0,12.0,13.0,14.0,15.0,16.0,17.0,18.0,19.0	-3.04490446522,-6.53679782832,-8.95521015222,-11.0472928668,-13.8496110104,-15.4960343903,-16.0407703493,-16.9944542316,-17.1243387514,-17.5163826705,-17.3069731879,-16.4009613198,-14.9377163507,-13.4771510552,-11.4259624105,-8.72482176023,-6.40258270096,-3.26502072879,0.582550067382,4.09338128091	1	poly	0.04	176000,,
187352	0.0,1.0,2.0,3.0,4.0,5.0,6.0,7.0,8.0,9.0,10.0,11.0,12.0,13.0,14.0,15.0,16.0,17.0,18.0,19.0	-2.58349417332,-6.49359325233,-9.28399708501,-11.4639222917,-13.7091951125,-14.9369090302,-16.5503670078,-16.8140537581,-17.2614565606,-17.1956358015,-16.8337858441,-16.3341336611,-14.9254415041,-13.8286707688,-11.3548776201,-8.47273441707,-6.23993544324,-2.81715579938,0.402370320001,4.47409405779	1	poly	0.04	176000,,
186742	0.0,1.0,2.0,3.0,4.0,5.0,6.0,7.0,8.0,9.0,10.0,11.0,12.0,13.0,14.0,15.0,16.0,17.0,18.0,19.0	0.288645064919,-2.04229104357,-5.19162642594,-7.33631191937,-10.0452642163,-11.7929678884,-12.9537281669,-13.8393029355,-13.6974804645,-13.8114289255,-13.1576798171,-12.2435713197,-11.4182573038,-9.57069907633,-8.18712186262,-4.91151185793,-2.89933970939,0.923222741731,3.90969808765,8.61425911349	1	poly	0.04	176000,,
187474	0.0,1.0,2.0,3.0,4.0,5.0,6.0,7.0,8.0,9.0,10.0,11.0,12.0,13.0,14.0,15.0,16.0,17.0,18.0,19.0	22.2036091114,19.6521308101,16.8278709549,14.1996015319,12.4580566208,10.3501329316,9.46708579544,8.95882567806,8.53792058253,8.25391320098,8.32927989463,9.21038040296,10.8846778959,12.5052605287,13.9931213632,16.4986190861,19.7702831925,23.112737937,26.0841617195,30.2940179363	1	poly	0.04	176000,,
184628	0.0,1.0,2.0,3.0,4.0,5.0,6.0,7.0,8.0,9.0,10.0,11.0,12.0,13.0,14.0,15.0,16.0,17.0,18.0,19.0	2.98023926514,-0.419338403318,-2.98324742856,-5.25004708982,-7.54847613771,-9.63729741093,-10.0721188785,-11.2161791605,-11.4423886819,-11.9889730961,-11.2880771399,-9.96030954646,-8.81005923307,-7.20715165246,-5.55444051129,-3.6550093362,-0.822655706991,2.83831203168,6.77104692748,10.3187530306	1	poly	0.04	176000,,
184957	0.0,1.0,2.0,3.0,4.0,5.0,6.0,7.0,8.0,9.0,10.0,11.0,12.0,13.0,14.0,15.0,16.0,17.0,18.0,19.0	6.34056020525,2.65401409306,0.0889708484778,-2.58821173305,-4.42179825065,-5.85795603992,-6.97998998147,-8.42197516075,-8.32147959578,-7.99972062763,-7.64748810213,-7.41482950593,-6.13278663743,-4.4129439396,-1.9665904437,0.397433022228,2.69091093963,6.4150548397,9.51637349636,13.2742074018	1	poly	0.04	176000,,
186528	0.0,1.0,2.0,3.0,4.0,5.0,6.0,7.0,8.0,9.0,10.0,11.0,12.0,13.0,14.0,15.0,16.0,17.0,18.0,19.0	3.88100236894,0.499204615454,-2.35058273561,-5.44816141287,-6.70459664084,-8.81226030224,-10.1998430103,-10.8283024453,-10.9284197392,-10.8268768475,-10.3416963165,-9.79763324232,-8.36228069554,-6.77208934922,-4.98750959097,-2.84417396234,0.0913253464569,3.41237635229,7.20206285006,11.1135833388	1	poly	0.04	176000,,
184245	0.0,1.0,2.0,3.0,4.0,5.0,6.0,7.0,8.0,9.0,10.0,11.0,12.0,13.0,14.0,15.0,16.0,17.0,18.0,19.0	-2.50639569796,-5.54023046996,-8.60475443677,-10.7318195136,-12.3379117239,-14.6156806126,-15.1631945711,-16.5045380629,-16.1809068503,-16.3254859108,-16.1337413067,-15.6232767654,-14.2656226592,-12.742572957,-10.9737955517,-8.28271760413,-4.91066190598,-1.96662446875,1.47900301529,5.00370092898	1	poly	0.04	176000,,
187309	0.0,1.0,2.0,3.0,4.0,5.0,6.0,7.0,8.0,9.0,10.0,11.0,12.0,13.0,14.0,15.0,16.0,17.0,18.0,19.0	16.002154316,12.3765171356,9.50804387729,7.24957854402,5.33150460397,3.70142711447,2.61950586173,1.68314044277,1.59232388918,1.37871196291,1.72697465226,2.4930648407,3.69139848422,5.81771963147,7.64070870532,10.160511061,12.9173626,15.9291877308,19.6715346151,23.1305782156	1	poly	0.04	176000,,
186696	0.0,1.0,2.0,3.0,4.0,5.0,6.0,7.0,8.0,9.0,10.0,11.0,12.0,13.0,14.0,15.0,16.0,17.0,18.0,19.0	3.01559822182,0.166201104256,-2.98763190219,-5.71864012773,-7.24152475542,-9.01040021704,-10.3695195615,-11.4799345983,-11.8827734731,-11.0731368141,-11.1649957781,-10.0650403879,-9.19411454975,-7.84093590661,-5.07922259937,-2.96644340713,-0.125414317776,3.19044425702,6.65408026061,10.8898135005	1	poly	0.04	176000,,
185878	0.0,1.0,2.0,3.0,4.0,5.0,6.0,7.0,8.0,9.0,10.0,11.0,12.0,13.0,14.0,15.0,16.0,17.0,18.0,19.0	21.6945110189,18.4530987724,15.2482249251,13.4551517154,10.9291168696,9.90259689077,8.32915484042,7.43577201826,6.78602368281,7.26024439666,7.11051090918,8.62011574757,9.42011519138,11.3091884814,12.8620711635,15.9292421759,18.5771422037,21.8651412488,25.0847833735,28.6749643502	1	poly	0.04	176000,,
185420	0.0,1.0,2.0,3.0,4.0,5.0,6.0,7.0,8.0,9.0,10.0,11.0,12.0,13.0,14.0,15.0,16.0,17.0,18.0,19.0	15.3495363257,11.7305384527,9.50813544257,7.00338278591,4.84540870423,3.07242024584,2.32718731278,1.05154528636,1.3798639858,1.03295819592,1.43845638968,2.38293109133,3.07001926004,5.38417892821,6.49662334193,9.62865884435,11.7702172616,15.8430599433,19.2403315271,23.077017893	1	poly	0.04	176000,,
187367	0.0,1.0,2.0,3.0,4.0,5.0,6.0,7.0,8.0,9.0,10.0,11.0,12.0,13.0,14.0,15.0,16.0,17.0,18.0,19.0	28.2691518679,24.8350231746,21.8074772506,19.7136517335,17.9202209823,16.2613870534,14.9939172249,13.998140297,13.4006664695,14.0013709377,13.7469509111,15.0893775581,16.5513912041,17.3656764635,20.113528792,22.5361566377,24.7748760706,28.5154367739,32.2146850172,35.5084866987	1	poly	0.04	176000,,
186981	0.0,1.0,2.0,3.0,4.0,5.0,6.0,7.0,8.0,9.0,10.0,11.0,12.0,13.0,14.0,15.0,16.0,17.0,18.0,19.0	34.0526340406,31.1346912733,28.6504278162,25.8967468876,24.1672038636,22.3799395138,20.663315711,20.7090050549,19.9481968347,20.1484989281,20.3594947775,21.4950959175,22.7074463407,24.1628064443,25.7273292942,28.1316623949,31.0551720174,34.099551953,38.165810049,41.4158582664	1	poly	0.04	176000,,
184119	0.0,1.0,2.0,3.0,4.0,5.0,6.0,7.0,8.0,9.0,10.0,11.0,12.0,13.0,14.0,15.0,16.0,17.0,18.0,19.0	24.4174060335,20.8523428717,18.6640016691,16.0822672683,13.6585544763,11.8704222992,11.2606284684,10.6375244642,10.3049246513,9.54782520259,9.88554412203,11.1400960439,12.1031262827,13.8576570146,16.1709184381,18.7055362889,20.5147481581,24.6159957799,27.3722190071,32.1846163511	1	poly	0.04	176000,,
185215	0.0,1.0,2.0,3.0,4.0,5.0,6.0,7.0,8.0,9.0,10.0,11.0,12.0,13.0,14.0,15.0,16.0,17.0,18.0,19.0	0.109783244031,-3.2401800775,-5.66484045189,-8.42795902282,-10.3133131273,-12.0255344662,-13.024776528,-13.9571803436,-14.1640072785,-14.289646997,-13.5627952472,-13.030273363,-11.4987854705,-9.9798559155,-8.49611415781,-6.13075783199,-3.19693468441,-0.114624939987,3.69948640035,7.85060478768	1	poly	0.04	176000,,
187893	0.0,1.0,2.0,3.0,4.0,5.0,6.0,7.0,8.0,9.0,10.0,11.0,12.0,13.0,14.0,15.0,16.0,17.0,18.0,19.0	7.83344716933,3.95337210275,1.83425553957,-0.917380853962,-2.78887466762,-4.26638061417,-5.72163567344,-6.65611068894,-7.38028534236,-6.77851870717,-6.32051520862,-5.78802564459,-4.91514978457,-3.24239862713,-0.992923021814,1.35392991671,4.0077882746,7.63083463999,11.0599726782,14.8376649553	1	poly	0.04	176000,,
186421	0.0,1.0,2.0,3.0,4.0,5.0,6.0,7.0,8.0,9.0,10.0,11.0,12.0,13.0,14.0,15.0,16.0,17.0,18.0,19.0	3.94756319523,0.912929104199,-2.32128787905,-4.18557826197,-6.53729617197,-8.05575717474,-8.72644864682,-9.62871075342,-10.2305923353,-9.94521954347,-9.57067724985,-8.64592067586,-7.44634297167,-6.25863603213,-4.74950695523,-1.65101917285,1.07918382229,4.45139967167,8.14326791155,12.1824535099	1	poly	0.04	176000,,
184552	0.0,1.0,2.0,3.0,4.0,5.0,6.0,7.0,8.0,9.0,10.0,11.0,12.0,13.0,14.0,15.0,16.0,17.0,18.0,19.0	9.71916018768,6.5895176436,3.67484070361,1.17998538023,-0.91223685276,-2.36022210408,-3.37834069601,-4.71907454275,-4.4144669083,-4.4896289771,-4.71221845061,-4.11578027854,-2.1174922465,-0.43990726186,1.49344006483,3.4138260498,6.64820433281,9.09008245394,13.3077660122,16.9297832066	1	poly	0.04	176000,,
186300	0.0,1.0,2.0,3.0,4.0,5.0,6.0,7.0,8.0,9.0,10.0,11.0,12.0,13.0,14.0,15.0,16.0,17.0,18.0,19.0	-0.0278631984795,-2.65379987002,-5.6113805986,-8.35625447294,-10.0528815627,-12.2512206531,-12.9653195673,-13.4048581321,-14.0599436514,-14.3859267777,-13.9024626727,-13.2005608775,-11.9062176649,-9.91438892942,-8.45352839141,-5.98047892057,-3.23002909588,0.00130573129415,3.4102111716,7.89514270874	1	poly	0.04	176000,,
187137	0.0,1.0,2.0,3.0,4.0,5.0,6.0,7.0,8.0,9.0,10.0,11.0,12.0,13.0,14.0,15.0,16.0,17.0,18.0,19.0	-0.0431604852854,-3.45161241589,-6.18597693018,-8.3424982276,-10.0424189082,-11.9027506916,-12.9435491418,-13.8479619603,-14.3592516261,-14.2332689616,-13.8940917486,-12.9857638793,-12.181968767,-10.2674052704,-8.09894771925,-5.70121736141,-3.18912918859,-0.273173825022,3.75177109475,7.27749518327	1	poly	0.04	176000,,
184776	0.0,1.0,2.0,3.0,4.0,5.0,6.0,7.0,8.0,9.0,10.0,11.0,12.0,13.0,14.0,15.0,16.0,17.0,18.0,19.0	9.24210345316,5.98713805976,3.291667791,1.05062152531,-0.916339886526,-2.69721471586,-3.45880276306,-4.0458727122,-4.98761760797,-5.24184614338,-4.09512326503,-3.95309436575,-2.3700494857,-0.703229467728,1.65712420219,3.51122054355,6.28202364827,9.64128441633,13.6416657972,17.0620752257	1	poly	0.04	176000,,
187647	0.0,1.0,2.0,3.0,4.0,5.0,6.0,7.0,8.0,9.0,10.0,11.0,12.0,13.0,14.0,15.0,16.0,17.0,18.0,19.0	13.2457782614,9.82172557092,6.84647055775,4.69341637874,2.41754440252,0.870856032536,-0.742390254746,-1.10982643708,-1.55092778297,-1.19936349107,-0.961021213672,-0.639953274016,0.740763800535,2.20265548002,4.77483712232,6.62427345413,9.3373603426,12.9604074345,16.5995754757,19.9419201343	1	poly	0.04	176000,,
185659	0.0,1.0,2.0,3.0,4.0,5.0,6.0,7.0,8.0,9.0,10.0,11.0,12.0,13.0,14.0,15.0,16.0,17.0,18.0,19.0	34.6704385108,31.269288333,28.7279572488,26.4822894268,24.5629267371,23.2682586201,21.4296056198,20.6672042268,20.2756240565,20.5219170983,21.260391467,21.7786753269,22.3940207804,24.5574049594,26.8453751318,29.2907429821,31.7042878047,34.9761620966,38.0602115876,42.9594000689	1	poly	0.04	176000,,
185379	0.0,1.0,2.0,3.0,4.0,5.0,6.0,7.0,8.0,9.0,10.0,11.0,12.0,13.0,14.0,15.0,16.0,17.0,18.0,19.0	34.9375435503,31.1953018388,29.1705460495,26.6549626862,24.6606862119,22.6218882387,21.3977885803,21.107414388,20.1002054159,20.0297869373,20.3711929885,22.1551742914,22.6570649561,24.7299176912,26.8435615943,28.4620654396,31.7336085946,34.7723208508,38.4743024814,42.1843586047	1	poly	0.04	176000,,
186657	0.0,1.0,2.0,3.0,4.0,5.0,6.0,7.0,8.0,9.0,10.0,11.0,12.0,13.0,14.0,15.0,16.0,17.0,18.0,19.0	23.9394552929,20.9352456832,18.5273788874,15.7469619839,13.8261303037,12.8857243641,11.0374952862,10.0734893106,10.1369093872,9.73893986973,10.1084512955,10.7605468969,12.4129702763,14.3495574475,16.3361774081,17.9707402317,21.6471531576,24.6405612836,28.4728214107,32.0429389122	1	poly	0.04	176000,,
184103	0.0,1.0,2.0,3.0,4.0,5.0,6.0,7.0,8.0,9.0,10.0,11.0,12.0,13.0,14.0,15.0,16.0,17.0,18.0,19.0	-4.13376908182,-7.54692344338,-10.8127912292,-13.0241046517,-15.252426784,-16.9156935702,-17.6867816595,-18.6872342353,-19.0425488303,-19.0951522579,-18.8614515776,-17.3097316866,-16.6666595155,-14.5919113607,-12.6681549583,-10.0510340047,-7.32432795193,-4.23373828219,-1.01733060172,3.31421805007	1	poly	0.04	176000,,
187633	0.0,1.0,2.0,3.0,4.0,5.0,6.0,7.0,8.0,9.0,10.0,11.0,12.0,13.0,14.0,15.0,16.0,17.0,18.0,19.0	27.2723654345,23.4550521889,21.5078021807,18.6777237178,16.9148887236,14.7386538687,14.2923414563,13.4460679614,13.0620578495,12.3875535687,13.4840797169,13.658750746,14.5982101539,16.7125556308,18.6024242032,20.8003472168,24.0057222095,27.5374386659,30.6912530883,35.1384057734	1	poly	0.04	176000,,
184204	0.0,1.0,2.0,3.0,4.0,5.0,6.0,7.0,8.0,9.0,10.0,11.0,12.0,13.0,14.0,15.0,16.0,17.0,18.0,19.0	1.77994742321,-1.96852609267,-4.04340634329,-6.68494430703,-9.13567156647,-10.7352604086,-11.8598304176,-12.9857652228,-12.5830529746,-12.6186709833,-12.7189138311,-12.1252062154,-10.2141608335,-8.99780215821,-7.06970852426,-4.26308550385,-1.51755068242,1.88313395902,4.99626749813,8.687488102	1	poly	0.04	176000,,
185870	0.0,1.0,2.0,3.0,4.0,5.0,6.0,7.0,8.0,9.0,10.0,11.0,12.0,13.0,14.0,15.0,16.0,17.0,18.0,19.0	22.0189433736,18.9542106686,15.9740075074,13.7142097746,12.1801508289,9.81587326594,8.68760454231,8.02000042223,8.01538391973,8.0842272215,8.75573076184,8.86991216145,10.2575206747,11.8299006293,14.0481503965,16.7961845184,19.0395092517,22.0031816545,25.6057661604,29.6542169782	1	poly	0.04	176000,,
187902	0.0,1.0,2.0,3.0,4.0,5.0,6.0,7.0,8.0,9.0,10.0,11.0,12.0,13.0,14.0,15.0,16.0,17.0,18.0,19.0	0.38695683128,-2.06469648753,-4.89852705859,-7.90370133607,-9.70448163389,-11.3627266907,-12.053917281,-13.7115119106,-13.9874172683,-14.0011506765,-13.4801206134,-12.3797734431,-11.6596160998,-9.98189187914,-8.05470624031,-4.7899134425,-2.72443880767,0.558465682943,3.87409092162,8.66517301754	1	poly	0.04	176000,,
186314	0.0,1.0,2.0,3.0,4.0,5.0,6.0,7.0,8.0,9.0,10.0,11.0,12.0,13.0,14.0,15.0,16.0,17.0,18.0,19.0	28.8836846912,25.5208809738,23.0457595945,20.6303419293,18.0684048256,17.2925837501,15.3459007226,15.0325272733,14.2226851147,14.7488219892,14.6497772516,15.5611942055,16.6307777965,18.6371503021,20.3315514846,23.2460188149,25.2346396676,28.9826691255,32.0552058356,36.625269524	1	poly	0.04	176000,,
184866	0.0,1.0,2.0,3.0,4.0,5.0,6.0,7.0,8.0,9.0,10.0,11.0,12.0,13.0,14.0,15.0,16.0,17.0,18.0,19.0	11.9920861813,8.63596546735,5.54276626022,3.55594757459,1.70532256034,0.00969732726673,-1.27097943403,-1.9125870464,-2.64901768322,-2.10728804403,-2.31104371651,-0.792453817622,0.0315860585475,1.60707993043,3.99135075714,6.27089176194,8.96022779858,11.9196213855,16.0406360207,19.7036169452	1	poly	0.04	176000,,
184253	0.0,1.0,2.0,3.0,4.0,5.0,6.0,7.0,8.0,9.0,10.0,11.0,12.0,13.0,14.0,15.0,16.0,17.0,18.0,19.0	25.738413226,22.1024671765,19.9783481263,17.2423837628,15.570099735,13.8514130187,12.6793244619,11.8560651393,11.5810340919,11.4551878727,11.7222800538,12.7850682989,14.2086774306,15.0380324445,17.5090085656,19.8734543157,22.0774618362,25.7679124969,29.2096805456,33.0031934034	1	poly	0.04	176000,,
187636	0.0,1.0,2.0,3.0,4.0,5.0,6.0,7.0,8.0,9.0,10.0,11.0,12.0,13.0,14.0,15.0,16.0,17.0,18.0,19.0	24.7916340565,21.4370853564,19.4373178241,16.3826692036,15.0646126431,13.4199418757,11.687614048,10.6076496263,10.3503476618,10.9318949116,11.3279977686,11.5698378396,12.8348941189,14.6206876874,16.4126742517,18.647246484,21.8508809413,25.459992716,28.5985622947,32.7421074436	1	poly	0.04	176000,,
186618	0.0,1.0,2.0,3.0,4.0,5.0,6.0,7.0,8.0,9.0,10.0,11.0,12.0,13.0,14.0,15.0,16.0,17.0,18.0,19.0	19.3140450934,15.7523725198,13.5763312385,11.0621882868,8.50923840072,7.15679239316,6.34924720473,5.60972249167,4.90469711642,4.85605349424,5.19733912106,6.20859704708,7.10093905341,8.96252259101,10.5092692705,13.5029761367,15.8872362416,18.8890699557,23.0415083528,26.3024798914	1	poly	0.04	176000,,
187237	0.0,1.0,2.0,3.0,4.0,5.0,6.0,7.0,8.0,9.0,10.0,11.0,12.0,13.0,14.0,15.0,16.0,17.0,18.0,19.0	-0.0789162037939,-3.27122466878,-6.23004351432,-8.55540198334,-9.95917042184,-11.4143704452,-13.3848123839,-13.5565981634,-14.4713160972,-14.5373108557,-14.2484951296,-12.6833121158,-11.7983306771,-9.72821116179,-8.44515907813,-5.4138131608,-3.15303792525,0.594992478491,3.3781248177,7.36089788999	1	poly	0.04	176000,,
187318	0.0,1.0,2.0,3.0,4.0,5.0,6.0,7.0,8.0,9.0,10.0,11.0,12.0,13.0,14.0,15.0,16.0,17.0,18.0,19.0	17.2679145347,14.2781072222,11.2410932398,9.36626991439,7.18482745806,5.87381009779,3.75189961826,3.79037287632,2.66836084078,2.6092239346,3.30009671109,4.70972574923,5.85196844386,7.28078950608,8.83809008316,11.0303141046,14.696962751,17.8905302296,21.3441440761,24.6321478245	1	poly	0.04	176000,,
185794	0.0,1.0,2.0,3.0,4.0,5.0,6.0,7.0,8.0,9.0,10.0,11.0,12.0,13.0,14.0,15.0,16.0,17.0,18.0,19.0	1.75125142092,-1.63053114161,-4.8444256573,-6.88819734689,-9.05279521504,-11.0160037973,-11.7293493293,-12.6210987024,-12.8502641733,-12.831829308,-12.9358893399,-12.1554410179,-10.8608635076,-9.47811325095,-6.97213284847,-4.97597679827,-2.32718018328,1.19405776142,4.71588030867,9.1458817315	1	poly	0.04	176000,,
185410	0.0,1.0,2.0,3.0,4.0,5.0,6.0,7.0,8.0,9.0,10.0,11.0,12.0,13.0,14.0,15.0,16.0,17.0,18.0,19.0	0.382761416804,-3.13732010257,-6.39884407097,-8.39740526761,-10.5722350552,-11.7621631048,-13.3873749034,-13.4521815068,-14.006673603,-14.1711159315,-13.7654837568,-13.3768275444,-12.2455443581,-9.87801943135,-7.95519204852,-6.21114581511,-2.66641428453,-0.0464889923945,3.5844008417,8.1045480757	1	poly	0.04	176000,,
187353	0.0,1.0,2.0,3.0,4.0,5.0,6.0,7.0,8.0,9.0,10.0,11.0,12.0,13.0,14.0,15.0,16.0,17.0,18.0,19.0	-0.527331766953,-4.13689330255,-6.10268074731,-8.75117006263,-10.848353055,-13.0031825321,-13.9656006192,-14.3631176985,-15.3798809033,-14.9686370296,-14.6010005573,-13.8334282186,-12.8357932794,-11.1550975754,-8.65665711549,-6.9699678997,-3.89211133086,-0.63650906864,3.13296407153,7.07412101397	1	poly	0.04	176000,,
184214	0.0,1.0,2.0,3.0,4.0,5.0,6.0,7.0,8.0,9.0,10.0,11.0,12.0,13.0,14.0,15.0,16.0,17.0,18.0,19.0	2.75963868574,-1.01141466541,-3.67192212158,-6.27707757315,-7.53400800556,-9.68466959227,-10.7220768112,-11.872423942,-12.1721889031,-11.9594371232,-11.3273999289,-11.2646841998,-9.4042652324,-8.43903646993,-6.14754431451,-3.34088577835,-0.372277535689,1.98197554944,6.49061501434,9.68133296209	1	poly	0.04	176000,,
184392	0.0,1.0,2.0,3.0,4.0,5.0,6.0,7.0,8.0,9.0,10.0,11.0,12.0,13.0,14.0,15.0,16.0,17.0,18.0,19.0	1.03375987733,-1.83487136087,-4.79034740058,-7.60734760838,-9.09105372363,-10.5036107224,-11.5882459905,-13.2290615488,-13.4094490738,-13.0081235288,-13.103919233,-12.2172802452,-10.579734321,-9.53294460655,-7.23505257659,-4.5522023625,-2.35593953796,1.42401502621,4.49695070251,9.00200234845	1	poly	0.04	176000,,
142185	0.0,1.0,2.0,3.0,4.0,5.0,6.0,7.0,8.0,9.0,10.0,11.0,12.0,13.0,14.0,15.0,16.0,17.0,18.0,19.0	12.801986537,62.6455789253,87.5082693842,102.656106,112.627316178,119.396660154,125.278880428,128.914148697,134.075307599,137.982731702,137.64806084,142.308968912,143.833761962,144.086032763,145.115965138,146.105039908,145.442711314,147.214751772,147.483147603,148.360699774	3	hyperbolic	0.04	132000,,
141177	0.0,1.0,2.0,3.0,4.0,5.0,6.0,7.0,8.0,9.0,10.0,11.0,12.0,13.0,14.0,15.0,16.0,17.0,18.0,19.0	-113.067911614,-63.0220554519,-38.7068711142,-24.1149262556,-14.7584404709,-8.30013508797,-1.17012718299,3.1018273003,5.23203809843,8.58027178059,9.52977307988,14.1027051925,14.9962404088,14.9639320395,16.71741978,17.7114574947,19.8735697178,21.2281525333,19.5618046847,20.7816255822	3	hyperbolic	0.04	132000,,
141115	0.0,1.0,2.0,3.0,4.0,5.0,6.0,7.0,8.0,9.0,10.0,11.0,12.0,13.0,14.0,15.0,16.0,17.0,18.0,19.0	-38.2554506915,13.3018319101,34.9851764859,52.5368700137,61.5617113605,69.2527999675,75.4224894392,79.5125086094,81.1688289097,85.7116531435,87.4213425462,88.953368344,89.9884272194,91.899849403,93.6326964021,93.4903947234,93.5299670234,96.5962862317,98.2184192563,96.8299337308	3	hyperbolic	0.04	132000,,
141792	0.0,1.0,2.0,3.0,4.0,5.0,6.0,7.0,8.0,9.0,10.0,11.0,12.0,13.0,14.0,15.0,16.0,17.0,18.0,19.0	-108.164946971,-56.5091488694,-33.0919357337,-15.6419831372,-5.44458223189,0.341657243554,4.05321850839,10.4988148101,12.140228442,15.9811391507,16.2331168543,18.3498309666,21.3469845874,22.8474255379,23.1650003823,25.7300166748,25.0577368624,28.4226315747,26.5668071949,27.9127636418	3	hyperbolic	0.04	132000,,
142895	0.0,1.0,2.0,3.0,4.0,5.0,6.0,7.0,8.0,9.0,10.0,11.0,12.0,13.0,14.0,15.0,16.0,17.0,18.0,19.0	-31.9799428478,19.48949612,41.9438401269,60.0320836821,68.279799982,74.755117627,80.0199915103,85.1058233142,87.0627383802,92.3745233516,93.9389071667,95.1399136428,97.2892516485,97.9027593977,100.264995264,99.1515433341,102.085204508,102.425081344,103.86436232,103.22522236	3	hyperbolic	0.04	132000,,
142477	0.0,1.0,2.0,3.0,4.0,5.0,6.0,7.0,8.0,9.0,10.0,11.0,12.0,13.0,14.0,15.0,16.0,17.0,18.0,19.0	124.381391284,176.141447103,200.188036848,217.321736512,225.566921677,231.761018636,239.381884083,243.641694985,246.1490988,247.558321701,251.761826103,252.671803803,252.895285712,255.007945337,257.941912644,258.470227015,260.925188084,261.801584367,260.934339361,261.530255172	3	hyperbolic	0.04	132000,,
143099	0.0,1.0,2.0,3.0,4.0,5.0,6.0,7.0,8.0,9.0,10.0,11.0,12.0,13.0,14.0,15.0,16.0,17.0,18.0,19.0	-19.9670480842,31.9567672046,57.4479372823,71.5615723317,81.9524116006,88.4035292939,94.2462241488,97.4784528448,100.783390826,103.014158989,106.323996565,107.432127631,111.531197746,112.14310879,111.127671861,112.161151263,113.989775177,115.602064286,117.647776336,115.923309426	3	hyperbolic	0.04	132000,,
141224	0.0,1.0,2.0,3.0,4.0,5.0,6.0,7.0,8.0,9.0,10.0,11.0,12.0,13.0,14.0,15.0,16.0,17.0,18.0,19.0	135.42243526,186.372470268,211.043742598,226.874757611,234.571769783,243.234676278,248.800792772,252.251794487,255.418379109,256.979206134,261.204766759,262.620066012,262.940012206,266.680006798,264.950575873,269.479641739,270.017385596,268.361089591,268.881486616,271.204793505	3	hyperbolic	0.04	132000,,
141733	0.0,1.0,2.0,3.0,4.0,5.0,6.0,7.0,8.0,9.0,10.0,11.0,12.0,13.0,14.0,15.0,16.0,17.0,18.0,19.0	-31.4468392809,18.1763555085,41.8831603491,58.3731644344,68.6655723931,74.9046889795,80.2326372662,85.7281154842,87.069624662,89.6101932875,92.7956793063,94.0186533135,95.9888955142,98.4314538692,100.466961364,98.8933328602,100.237890429,101.888597272,102.213233852,102.503616742	3	hyperbolic	0.04	132000,,
142977	0.0,1.0,2.0,3.0,4.0,5.0,6.0,7.0,8.0,9.0,10.0,11.0,12.0,13.0,14.0,15.0,16.0,17.0,18.0,19.0	65.3900112404,114.996387904,140.900210172,156.183507992,164.635592376,173.28368894,177.964508619,181.343385542,183.224867295,185.91551116,190.127471458,191.210620707,194.321527933,196.368296357,194.921463916,196.84518781,197.446874865,199.284067001,200.343763524,201.000883415	3	hyperbolic	0.04	132000,,
140071	0.0,1.0,2.0,3.0,4.0,5.0,6.0,7.0,8.0,9.0,10.0,11.0,12.0,13.0,14.0,15.0,16.0,17.0,18.0,19.0	93.5671362756,143.346547202,167.561218157,184.92341501,194.040456209,202.265560136,205.664733562,209.585124726,215.071351419,215.452597681,219.558213835,222.55872809,221.690565821,224.193173668,225.338199339,226.13724318,227.816799893,228.213317985,230.622057189,229.399521118	3	hyperbolic	0.04	132000,,
143963	0.0,1.0,2.0,3.0,4.0,5.0,6.0,7.0,8.0,9.0,10.0,11.0,12.0,13.0,14.0,15.0,16.0,17.0,18.0,19.0	-131.417527214,-81.6431759143,-58.3276955181,-41.5699755122,-32.8910606128,-23.7824660729,-20.7128527982,-16.5026451212,-13.5080145145,-8.00265308623,-7.94913001798,-5.46452815679,-4.99177037697,-2.76490559946,-2.28511979283,0.903720989882,0.170362782249,0.689446086129,0.970646587031,3.20818805219	3	hyperbolic	0.04	132000,,
141995	0.0,1.0,2.0,3.0,4.0,5.0,6.0,7.0,8.0,9.0,10.0,11.0,12.0,13.0,14.0,15.0,16.0,17.0,18.0,19.0	-125.165002039,-72.9561876044,-51.0995671977,-36.087039343,-22.9577981775,-16.6594723696,-12.4324593753,-6.42355918481,-5.98779398122,-2.75914366067,1.80606719354,2.22785125158,2.53966414907,3.82262365212,5.98053927819,8.02924986376,7.76985329144,9.7071615263,10.9374922453,11.3406893376	3	hyperbolic	0.04	132000,,
141925	0.0,1.0,2.0,3.0,4.0,5.0,6.0,7.0,8.0,9.0,10.0,11.0,12.0,13.0,14.0,15.0,16.0,17.0,18.0,19.0	-128.479886297,-80.8099881749,-54.2628899383,-38.3146109377,-28.991743573,-22.4136449573,-15.076134878,-13.7854543601,-10.6944866389,-7.4271582444,-4.71163008558,-2.67313268055,0.617210947542,-0.385371495291,0.74055911627,2.71801879293,3.30218000075,4.18480006524,4.40916135857,6.14978323829	3	hyperbolic	0.04	132000,,
141853	0.0,1.0,2.0,3.0,4.0,5.0,6.0,7.0,8.0,9.0,10.0,11.0,12.0,13.0,14.0,15.0,16.0,17.0,18.0,19.0	101.38018595,152.392974641,176.270690764,190.495325962,202.042654718,207.292057102,213.696683263,216.713367878,219.707716137,221.808212324,225.514362868,226.135074347,230.903374944,229.228376792,231.216899255,231.670680378,232.643593198,235.244348312,235.53450778,237.396263927	3	hyperbolic	0.04	132000,,
140125	0.0,1.0,2.0,3.0,4.0,5.0,6.0,7.0,8.0,9.0,10.0,11.0,12.0,13.0,14.0,15.0,16.0,17.0,18.0,19.0	102.443323616,151.280611183,176.720868356,189.786387388,199.749869021,209.452311391,214.949946148,216.528642319,219.945220214,223.551152069,226.743199122,228.618216472,229.381004591,231.706153684,233.323171019,232.502375239,234.689668752,236.65797125,234.819268764,237.525253923	3	hyperbolic	0.04	132000,,
143503	0.0,1.0,2.0,3.0,4.0,5.0,6.0,7.0,8.0,9.0,10.0,11.0,12.0,13.0,14.0,15.0,16.0,17.0,18.0,19.0	133.165941783,185.57956202,208.752010404,224.437109472,234.407496127,241.611439356,246.757416999,251.128902051,253.962410254,258.509286545,260.865313986,261.975409814,261.51301806,264.981486387,265.948335551,265.507323211,268.427302902,270.161373669,271.262170421,269.678235235	3	hyperbolic	0.04	132000,,
141735	0.0,1.0,2.0,3.0,4.0,5.0,6.0,7.0,8.0,9.0,10.0,11.0,12.0,13.0,14.0,15.0,16.0,17.0,18.0,19.0	111.477698811,163.118669433,189.233707247,203.449905649,213.069402845,220.269542133,225.330707406,229.275041576,233.549007144,233.909522271,236.10003781,238.049880067,241.925921643,242.186298512,245.281360555,244.889031971,245.618222418,245.647258842,247.093426928,246.792327563	3	hyperbolic	0.04	132000,,
141175	0.0,1.0,2.0,3.0,4.0,5.0,6.0,7.0,8.0,9.0,10.0,11.0,12.0,13.0,14.0,15.0,16.0,17.0,18.0,19.0	-50.4833913059,-0.446902113056,22.7693200989,37.6824910069,46.9822233743,55.4069309407,59.7039444742,64.0933330636,68.0015861634,69.3900559393,74.4307214132,74.0767691713,76.9230378304,77.3079418596,78.8758332267,81.857012042,80.5306699956,82.7588559481,84.2995840156,84.7068548001	3	hyperbolic	0.04	132000,,
141815	0.0,1.0,2.0,3.0,4.0,5.0,6.0,7.0,8.0,9.0,10.0,11.0,12.0,13.0,14.0,15.0,16.0,17.0,18.0,19.0	-136.153877173,-86.4414284581,-59.1357961537,-45.3727364863,-34.6017112878,-27.6066801072,-23.3189161529,-19.9164918953,-16.3092447967,-11.8217339647,-10.8834384628,-7.92751222725,-5.26259332726,-4.61458207685,-2.53081663767,-1.44854509058,-2.79495357302,-0.705729273069,0.20434989126,0.57519164044	3	hyperbolic	0.04	132000,,
142726	0.0,1.0,2.0,3.0,4.0,5.0,6.0,7.0,8.0,9.0,10.0,11.0,12.0,13.0,14.0,15.0,16.0,17.0,18.0,19.0	51.8421020959,103.02172561,125.616980251,141.334753429,152.656856444,158.233085391,163.335477393,168.047774007,170.862600761,175.857037116,175.593171392,177.978153285,180.346158546,183.029490351,183.187209458,184.831881862,184.229176814,187.103577512,186.82641912,185.795451507	3	hyperbolic	0.04	132000,,
141737	0.0,1.0,2.0,3.0,4.0,5.0,6.0,7.0,8.0,9.0,10.0,11.0,12.0,13.0,14.0,15.0,16.0,17.0,18.0,19.0	-113.898359289,-62.1932545262,-38.7602307899,-22.2958745746,-13.9954109247,-6.99560240063,-0.118126974231,5.09476518954,5.90297996535,9.96158046586,10.1657363781,13.2944275722,15.4298137742,15.1194351228,17.5818716043,20.0369887397,19.5786490329,21.4579178872,21.1176912326,24.1106567202	3	hyperbolic	0.04	132000,,
141592	0.0,1.0,2.0,3.0,4.0,5.0,6.0,7.0,8.0,9.0,10.0,11.0,12.0,13.0,14.0,15.0,16.0,17.0,18.0,19.0	-6.19910326679,43.1978512906,68.7565908166,82.0530701944,92.6686882414,100.930041831,105.432449389,109.306453788,114.093641915,114.362608247,116.189495093,120.540285764,121.437162575,122.222676531,124.636614649,125.864101112,124.971407372,126.647604022,126.212363479,127.265437061	3	hyperbolic	0.04	132000,,
142902	0.0,1.0,2.0,3.0,4.0,5.0,6.0,7.0,8.0,9.0,10.0,11.0,12.0,13.0,14.0,15.0,16.0,17.0,18.0,19.0	-59.5257774928,-9.73929379575,15.5410313727,32.0450000271,41.896236966,47.5945067415,54.7281940053,57.9735657706,63.374250611,64.495387254,68.1005677072,67.9629265425,69.5710525127,72.8962831688,73.3574841004,74.1217234717,73.8206901843,74.7264697872,75.9822537924,76.371880449	3	hyperbolic	0.04	132000,,
142961	0.0,1.0,2.0,3.0,4.0,5.0,6.0,7.0,8.0,9.0,10.0,11.0,12.0,13.0,14.0,15.0,16.0,17.0,18.0,19.0	40.3641808737,89.6438408613,112.754722714,128.958050224,139.353877202,146.669550577,151.814518823,156.343253315,159.90156555,161.269979468,165.103222925,166.07848154,167.393802566,169.741796306,170.171470812,170.518546512,173.671639441,175.02566276,174.799288771,175.496879658	3	hyperbolic	0.04	132000,,
143826	0.0,1.0,2.0,3.0,4.0,5.0,6.0,7.0,8.0,9.0,10.0,11.0,12.0,13.0,14.0,15.0,16.0,17.0,18.0,19.0	111.623373864,162.217972586,185.758955854,201.125403163,210.219477048,218.445385805,222.663989134,228.772620687,231.1171951,233.968427125,234.700795798,237.577825659,238.695164018,240.602599442,243.42541954,244.609112811,242.570714891,245.428754084,245.18276826,247.883477256	3	hyperbolic	0.04	132000,,
142963	0.0,1.0,2.0,3.0,4.0,5.0,6.0,7.0,8.0,9.0,10.0,11.0,12.0,13.0,14.0,15.0,16.0,17.0,18.0,19.0	64.3523743863,113.720102695,140.171549032,155.650857109,163.5330618,170.581294119,176.477807294,181.136788959,184.045684507,187.372095119,191.230459226,190.476248081,194.678415423,195.920970347,197.147835499,196.085758679,198.086019411,197.99219609,197.939244026,200.16846598	3	hyperbolic	0.04	132000,,
143077	0.0,1.0,2.0,3.0,4.0,5.0,6.0,7.0,8.0,9.0,10.0,11.0,12.0,13.0,14.0,15.0,16.0,17.0,18.0,19.0	-79.1467770904,-30.0085008402,-5.32041763073,8.33027174878,20.1578359468,27.6020358736,33.4633277975,35.7950985261,40.5251604305,43.0151032103,43.2587480026,46.7190777633,47.0501144383,49.0488867121,50.9804935682,52.9973398145,51.3927466608,54.4667637463,54.932238036,55.9572373963	3	hyperbolic	0.04	132000,,
142058	0.0,1.0,2.0,3.0,4.0,5.0,6.0,7.0,8.0,9.0,10.0,11.0,12.0,13.0,14.0,15.0,16.0,17.0,18.0,19.0	-60.8567966603,-11.1557912447,14.955197096,27.9958504037,38.4613989886,47.8082590765,51.4711692131,57.144404768,58.247726089,62.9357613481,65.0421912105,64.8190648568,67.0151147573,70.9060962352,70.6480694049,71.965436974,72.1831007619,73.8254908008,75.3940812365,74.6802936956	3	hyperbolic	0.04	132000,,
141026	0.0,1.0,2.0,3.0,4.0,5.0,6.0,7.0,8.0,9.0,10.0,11.0,12.0,13.0,14.0,15.0,16.0,17.0,18.0,19.0	32.6683330856,82.6048474967,110.216569202,123.802400606,134.367618394,142.173136244,144.661225204,148.760473455,154.754868501,155.649324286,158.068498828,160.716135359,160.967559297,164.483004848,165.025635389,165.7660922,167.227285767,169.294887198,169.531960708,168.377450356	3	hyperbolic	0.04	132000,,
143143	0.0,1.0,2.0,3.0,4.0,5.0,6.0,7.0,8.0,9.0,10.0,11.0,12.0,13.0,14.0,15.0,16.0,17.0,18.0,19.0	-64.2142390084,-13.6929399653,12.0823438906,25.0357583139,35.9770983993,43.9094564008,48.8783015347,51.0183047818,53.9219934464,59.7630267667,59.5579831069,63.4535522884,64.2334767617,66.3329903044,67.8073798279,66.5912410337,69.0593344935,69.1924077,69.0480410018,69.9178735704	3	hyperbolic	0.04	132000,,
143978	0.0,1.0,2.0,3.0,4.0,5.0,6.0,7.0,8.0,9.0,10.0,11.0,12.0,13.0,14.0,15.0,16.0,17.0,18.0,19.0	18.603705634,67.8175886567,93.6263387893,108.216304658,120.741343958,127.777827689,130.319263809,137.103878413,139.94854959,141.143177504,142.784717536,146.632116082,147.330542751,148.632478756,149.45502079,149.836851227,154.019344829,154.17955907,154.424728067,153.324286005	3	hyperbolic	0.04	132000,,
142427	0.0,1.0,2.0,3.0,4.0,5.0,6.0,7.0,8.0,9.0,10.0,11.0,12.0,13.0,14.0,15.0,16.0,17.0,18.0,19.0	-85.1780144148,-34.901734307,-11.0989349043,4.99371129933,12.9287393804,22.2593812799,27.3280650585,31.1136674439,32.556977526,35.828902401,37.7193119028,39.7435896332,44.5055729736,45.5793381864,47.2078137496,47.1955447665,46.0928719221,48.3532133316,48.9326580834,48.5807944258	3	hyperbolic	0.04	132000,,
143253	0.0,1.0,2.0,3.0,4.0,5.0,6.0,7.0,8.0,9.0,10.0,11.0,12.0,13.0,14.0,15.0,16.0,17.0,18.0,19.0	7.73926573274,58.4799853996,82.4225061203,98.0269036717,107.576296367,117.220175956,120.017098846,127.210428881,128.563754061,131.439830314,134.695874109,134.798262329,137.701278673,138.351660566,139.439144042,142.430392987,142.765745733,142.976948571,143.750141568,145.892551267	3	hyperbolic	0.04	132000,,
142099	0.0,1.0,2.0,3.0,4.0,5.0,6.0,7.0,8.0,9.0,10.0,11.0,12.0,13.0,14.0,15.0,16.0,17.0,18.0,19.0	-48.6192016293,2.73120585333,27.2173261287,43.3566808546,51.4937010293,58.2281626186,63.9068356263,69.2569857024,71.8159719668,73.5660528328,78.3947690373,78.0995485833,81.25927892,80.7106565289,82.6216985477,84.9393053286,85.6547552985,85.2791736317,86.530452287,85.8040815847	3	hyperbolic	0.04	132000,,
140158	0.0,1.0,2.0,3.0,4.0,5.0,6.0,7.0,8.0,9.0,10.0,11.0,12.0,13.0,14.0,15.0,16.0,17.0,18.0,19.0	-25.9608489441,25.2707522683,50.2259471865,64.3635648269,74.0577858221,82.8869259142,88.0295509342,93.5985051306,96.0911172418,97.3275334826,101.546390579,102.270415564,104.242144334,105.697203426,107.393936598,107.292584299,109.811958553,110.065109745,110.711950776,110.204845654	3	hyperbolic	0.04	132000,,
143008	0.0,1.0,2.0,3.0,4.0,5.0,6.0,7.0,8.0,9.0,10.0,11.0,12.0,13.0,14.0,15.0,16.0,17.0,18.0,19.0	-31.5973299165,18.5679538834,45.0438353241,58.3337182734,68.5742704187,76.6691632484,81.8231385279,86.7387569378,87.4200385711,92.9982358257,95.0413600213,96.9815924905,96.887919984,100.017905337,100.179617981,99.6789908987,101.488497888,104.355153658,103.761851279,103.330270413	3	hyperbolic	0.04	132000,,
142254	0.0,1.0,2.0,3.0,4.0,5.0,6.0,7.0,8.0,9.0,10.0,11.0,12.0,13.0,14.0,15.0,16.0,17.0,18.0,19.0	-122.726639244,-74.8784604893,-48.2975982683,-35.1317139842,-22.4287060164,-16.1000208461,-11.8804396292,-5.57702969125,-5.62143917793,-2.79566033272,1.35263920507,3.30318976198,3.77419950395,7.15507983386,7.56771309092,7.85070975678,10.5092176612,10.139961858,10.6277912026,13.2957972699	3	hyperbolic	0.04	132000,,
141613	0.0,1.0,2.0,3.0,4.0,5.0,6.0,7.0,8.0,9.0,10.0,11.0,12.0,13.0,14.0,15.0,16.0,17.0,18.0,19.0	42.5994023079,93.5854795297,117.394561375,135.045227284,143.546996245,150.549469877,156.900506032,159.883767108,164.701587484,165.779819001,169.491696231,170.399706348,171.897244745,174.413687105,174.032934719,176.737632562,175.507008907,178.726885541,178.739437651,178.249498924	3	hyperbolic	0.04	132000,,
141867	0.0,1.0,2.0,3.0,4.0,5.0,6.0,7.0,8.0,9.0,10.0,11.0,12.0,13.0,14.0,15.0,16.0,17.0,18.0,19.0	-58.614115777,-6.32588105095,16.2290575596,31.0489045258,43.7230480368,49.1895427051,53.9585823652,57.592450489,60.9686850285,64.787309911,65.8250893155,68.8867236228,69.435955824,71.9847733835,73.6695394077,74.9840517936,76.9483432894,76.5949343486,78.7845855809,78.6433718721	3	hyperbolic	0.04	132000,,
143891	0.0,1.0,2.0,3.0,4.0,5.0,6.0,7.0,8.0,9.0,10.0,11.0,12.0,13.0,14.0,15.0,16.0,17.0,18.0,19.0	109.133802532,158.99212048,182.301491711,197.827760136,207.933944294,214.715369141,221.908713518,225.33406639,228.032449493,229.269620762,232.013623194,235.502481015,236.986883564,238.366139491,239.852786677,241.469770654,240.48778614,240.32032529,244.083102517,244.319118183	3	hyperbolic	0.04	132000,,
140761	0.0,1.0,2.0,3.0,4.0,5.0,6.0,7.0,8.0,9.0,10.0,11.0,12.0,13.0,14.0,15.0,16.0,17.0,18.0,19.0	115.001949737,164.759981899,191.866934793,204.64274933,217.351403036,223.125096134,229.548429385,233.042913387,236.600718702,240.531498144,240.456411032,244.089176109,245.582647603,246.86296062,246.644355082,248.888340394,250.372823832,251.774725597,251.587567996,251.956549329	3	hyperbolic	0.04	132000,,
140660	0.0,1.0,2.0,3.0,4.0,5.0,6.0,7.0,8.0,9.0,10.0,11.0,12.0,13.0,14.0,15.0,16.0,17.0,18.0,19.0	118.216684527,166.800061549,192.86074869,209.265204315,219.680865429,225.017011234,231.154446914,233.772143437,236.540548099,240.017903948,242.53018332,244.809523048,247.999646555,249.715086259,248.235562429,249.30078928,251.12814435,253.99698828,253.5888448,255.199786131	3	hyperbolic	0.04	132000,,
142467	0.0,1.0,2.0,3.0,4.0,5.0,6.0,7.0,8.0,9.0,10.0,11.0,12.0,13.0,14.0,15.0,16.0,17.0,18.0,19.0	-97.9345263459,-47.35957864,-21.4738916481,-6.58666977008,0.428793747454,7.50084022009,15.1380657262,17.3458329639,23.3025193042,26.3587779215,28.3577284342,27.4503111635,32.2215158799,30.6185458314,34.6620622453,33.17007755,34.1399998882,37.4921526988,38.0014734991,36.7287513818	3	hyperbolic	0.04	132000,,
143386	0.0,1.0,2.0,3.0,4.0,5.0,6.0,7.0,8.0,9.0,10.0,11.0,12.0,13.0,14.0,15.0,16.0,17.0,18.0,19.0	98.8944691473,150.048107769,174.78283421,190.088169741,198.683712361,207.929692356,212.099547305,217.841979981,218.841576053,223.733703267,223.598844181,224.757442077,228.700575382,229.68028409,231.002542982,231.220468972,232.631926959,233.13290922,233.054358584,236.154618389	3	hyperbolic	0.04	132000,,
140239	0.0,1.0,2.0,3.0,4.0,5.0,6.0,7.0,8.0,9.0,10.0,11.0,12.0,13.0,14.0,15.0,16.0,17.0,18.0,19.0	-4.82560551919,46.1305321111,69.7861154441,83.0335165317,93.3086206135,101.939048727,108.507967914,110.195800838,113.858411842,115.906893619,120.852497268,120.952170932,122.354275474,126.087842565,125.221172163,128.532370767,126.346142983,128.757497944,128.241900693,130.048997026	3	hyperbolic	0.04	132000,,
143123	0.0,1.0,2.0,3.0,4.0,5.0,6.0,7.0,8.0,9.0,10.0,11.0,12.0,13.0,14.0,15.0,16.0,17.0,18.0,19.0	-73.3715513048,-24.4507091029,2.131566764,17.6556902273,25.4546284227,34.6530798994,38.6859456427,43.0041462448,47.5377671633,50.5784858483,52.9732823456,52.1380555216,53.5903761712,55.1209091575,59.0553082882,57.8245492989,58.7273901781,60.3242588908,60.3276603533,63.5702839247	3	hyperbolic	0.04	132000,,
142710	0.0,1.0,2.0,3.0,4.0,5.0,6.0,7.0,8.0,9.0,10.0,11.0,12.0,13.0,14.0,15.0,16.0,17.0,18.0,19.0	-38.6061016962,8.96685273769,36.5882644237,50.760169903,60.807487904,67.0655631278,74.5435910664,76.3604832762,80.2356316351,84.6278394461,84.2586995131,86.9052030255,89.1765984837,91.818530816,90.5451438159,91.9976962834,92.8748607208,94.3764929935,96.9563807854,97.7692708634	3	hyperbolic	0.04	132000,,
141768	0.0,1.0,2.0,3.0,4.0,5.0,6.0,7.0,8.0,9.0,10.0,11.0,12.0,13.0,14.0,15.0,16.0,17.0,18.0,19.0	-54.6421993143,-5.77247318332,19.324329559,33.030389301,43.2411015217,52.0171587278,58.2139723039,60.1292890491,66.0144518692,67.0548919598,70.073888195,70.7650925902,74.0443330724,75.2308477487,76.5065778126,77.4464100371,78.4931796361,80.351383258,79.8349517217,81.6536754475	3	hyperbolic	0.04	132000,,
143559	0.0,1.0,2.0,3.0,4.0,5.0,6.0,7.0,8.0,9.0,10.0,11.0,12.0,13.0,14.0,15.0,16.0,17.0,18.0,19.0	-48.3433234894,3.74292426004,27.7111268198,41.1109031375,51.7428858653,59.4789800095,65.6591742157,70.5805203188,72.8186509197,76.8033645622,78.2729694244,79.2737134024,81.0135547484,81.7776823061,82.6219158256,86.1388876842,85.6181622539,88.4463830156,88.1463567684,89.4696991234	3	hyperbolic	0.04	132000,,
140177	0.0,1.0,2.0,3.0,4.0,5.0,6.0,7.0,8.0,9.0,10.0,11.0,12.0,13.0,14.0,15.0,16.0,17.0,18.0,19.0	124.018132662,171.834698807,197.455001238,213.091708169,222.697228916,230.691141629,235.519300267,238.85115239,243.102496231,246.674280874,246.608854446,250.880731156,251.802173343,251.169022979,252.315004049,255.806301311,255.704814334,257.334732893,258.243269248,258.263998044	3	hyperbolic	0.04	132000,,
143817	0.0,1.0,2.0,3.0,4.0,5.0,6.0,7.0,8.0,9.0,10.0,11.0,12.0,13.0,14.0,15.0,16.0,17.0,18.0,19.0	62.8667674162,112.591931473,139.167643861,152.249873729,163.33038379,168.58953102,174.478264281,178.185467412,182.70701421,185.528503124,189.393529292,191.247614576,192.209730826,192.35620129,195.131899043,196.602395182,197.791752708,197.903340762,199.515934741,197.581483182	3	hyperbolic	0.04	132000,,
143009	0.0,1.0,2.0,3.0,4.0,5.0,6.0,7.0,8.0,9.0,10.0,11.0,12.0,13.0,14.0,15.0,16.0,17.0,18.0,19.0	-9.86092949238,40.5304806166,63.8098022792,78.3155327832,88.7454547087,96.3429383552,102.101299583,105.072002754,110.58777823,113.759759701,114.082562525,116.254248366,119.353439345,121.522988547,122.357168336,122.565284124,122.023773737,123.642276791,123.366756926,126.643717235	3	hyperbolic	0.04	132000,,
142073	0.0,1.0,2.0,3.0,4.0,5.0,6.0,7.0,8.0,9.0,10.0,11.0,12.0,13.0,14.0,15.0,16.0,17.0,18.0,19.0	13.8676865641,62.0997395176,87.709851872,103.868489054,112.40486787,118.938716245,124.997968367,129.266795301,133.471223693,135.56290751,136.787518744,139.064371093,141.973739755,141.616294884,143.420603266,144.476956176,146.109313137,148.109117325,146.392157053,147.967940156	3	hyperbolic	0.04	132000,,
143078	0.0,1.0,2.0,3.0,4.0,5.0,6.0,7.0,8.0,9.0,10.0,11.0,12.0,13.0,14.0,15.0,16.0,17.0,18.0,19.0	132.526002038,183.022854829,207.135035329,223.080331469,232.30961094,239.022226585,246.078324313,248.447848691,251.283262574,256.920882273,257.067309594,260.358969818,260.260741684,261.059698405,263.18313934,264.078551619,266.070808969,265.860602132,266.521536988,267.308655734	3	hyperbolic	0.04	132000,,
140806	0.0,1.0,2.0,3.0,4.0,5.0,6.0,7.0,8.0,9.0,10.0,11.0,12.0,13.0,14.0,15.0,16.0,17.0,18.0,19.0	-128.766690156,-80.2088406264,-56.4917911434,-40.8598759424,-29.3762261637,-24.2633622954,-19.2504846077,-13.7734413174,-11.1403859121,-8.11752564559,-4.74463279702,-1.58256402383,-1.05697273231,-1.35721910611,-0.0159701114646,2.58692069947,2.3511334558,2.97874499009,5.87587476163,6.93538517382	3	hyperbolic	0.04	132000,,
143277	0.0,1.0,2.0,3.0,4.0,5.0,6.0,7.0,8.0,9.0,10.0,11.0,12.0,13.0,14.0,15.0,16.0,17.0,18.0,19.0	-30.9897137083,18.0162338521,43.3016207755,58.1961416115,70.3929893436,74.3132541365,81.5648203833,85.861252148,89.2971177879,90.1751853387,94.557024054,96.2054663343,95.9458097242,99.4244296842,99.8318782439,102.621181031,102.756367514,103.870376932,103.620155022,103.250040401	3	hyperbolic	0.04	132000,,
142855	0.0,1.0,2.0,3.0,4.0,5.0,6.0,7.0,8.0,9.0,10.0,11.0,12.0,13.0,14.0,15.0,16.0,17.0,18.0,19.0	130.076731396,179.00195691,206.571575512,220.499145518,229.173802336,236.020582203,242.566349494,245.313396847,248.652877291,253.576363632,255.332730843,256.076326855,260.179316676,260.855872042,259.704387137,262.234608342,263.62270029,264.768417011,263.658449592,267.114631768	3	hyperbolic	0.04	132000,,
143347	0.0,1.0,2.0,3.0,4.0,5.0,6.0,7.0,8.0,9.0,10.0,11.0,12.0,13.0,14.0,15.0,16.0,17.0,18.0,19.0	30.5766655488,78.6044915653,105.771930592,119.447153018,128.896912859,135.587659347,141.891268515,144.527536415,149.560675405,152.790894639,153.953326169,157.185722402,158.48510493,158.965616824,161.864357493,162.732912729,162.008267642,163.438527506,163.132382496,166.710069075	3	hyperbolic	0.04	132000,,
143775	0.0,1.0,2.0,3.0,4.0,5.0,6.0,7.0,8.0,9.0,10.0,11.0,12.0,13.0,14.0,15.0,16.0,17.0,18.0,19.0	-64.8148224032,-13.4661228119,10.675531949,27.2269455712,36.4610642836,42.1149933441,49.2930667639,51.1126441816,57.4777624668,57.1454899256,60.4481393479,62.9823572161,64.6534810777,65.6924411355,66.1201654207,68.8463016902,69.2786103344,68.8882412768,69.4850588532,70.2637672406	3	hyperbolic	0.04	132000,,
141076	0.0,1.0,2.0,3.0,4.0,5.0,6.0,7.0,8.0,9.0,10.0,11.0,12.0,13.0,14.0,15.0,16.0,17.0,18.0,19.0	-88.6849035899,-37.9837214177,-11.9990548717,0.93325463286,11.1276020168,18.5103997912,24.7513874826,29.561513584,30.8037824246,33.4674819628,35.3698377243,37.6341894148,40.5296521511,41.1906112687,42.9810136447,43.8804895231,43.4804242933,44.2684897132,47.5867442155,45.3589501828	3	hyperbolic	0.04	132000,,
143765	0.0,1.0,2.0,3.0,4.0,5.0,6.0,7.0,8.0,9.0,10.0,11.0,12.0,13.0,14.0,15.0,16.0,17.0,18.0,19.0	-133.768947683,-86.0574552845,-61.3283809386,-44.728236926,-34.162549808,-27.0537554219,-21.1789862785,-19.1055021087,-16.9573365113,-14.1593856528,-9.67835291144,-9.96574441737,-6.07393683714,-3.9279427347,-3.47300272829,-3.55644786588,-1.22269968414,-1.48154850858,-1.49248375294,0.30164699369	3	hyperbolic	0.04	132000,,
143358	0.0,1.0,2.0,3.0,4.0,5.0,6.0,7.0,8.0,9.0,10.0,11.0,12.0,13.0,14.0,15.0,16.0,17.0,18.0,19.0	41.6363898875,90.4291259503,114.184444637,129.874861521,141.094900609,148.830542511,151.9255074,157.622654561,161.465782324,162.984839265,164.268359367,167.923226907,168.870448026,171.539976325,173.460095796,171.269103687,175.123435603,176.412465309,174.759099238,176.489751674	3	hyperbolic	0.04	132000,,
140208	0.0,1.0,2.0,3.0,4.0,5.0,6.0,7.0,8.0,9.0,10.0,11.0,12.0,13.0,14.0,15.0,16.0,17.0,18.0,19.0	-111.180576348,-61.1048261175,-36.182371936,-21.6020186109,-10.0101907984,-3.79733502175,2.42194952863,7.63818538066,7.61511645017,12.8565580844,14.3547804591,14.7514324557,16.8668390655,20.4991266188,21.443485537,20.1212788511,21.7679942597,23.3340205067,22.6153631526,25.9853343247	3	hyperbolic	0.04	132000,,
140585	0.0,1.0,2.0,3.0,4.0,5.0,6.0,7.0,8.0,9.0,10.0,11.0,12.0,13.0,14.0,15.0,16.0,17.0,18.0,19.0	-20.0393353595,29.2397059364,55.3958457747,70.5528686416,79.5123849714,88.50151094,93.5064193735,96.3063460713,101.601552559,102.59714485,107.001180912,106.745559314,110.185370912,111.940062482,111.254687519,111.136250925,114.568041778,114.269123168,115.633042665,114.989106162	3	hyperbolic	0.04	132000,,
142339	0.0,1.0,2.0,3.0,4.0,5.0,6.0,7.0,8.0,9.0,10.0,11.0,12.0,13.0,14.0,15.0,16.0,17.0,18.0,19.0	42.5061538634,93.1093017137,119.674510794,135.172430138,144.193833599,150.888728236,156.331088405,160.420011465,164.096120415,167.778800918,169.319616657,169.97374555,173.985665576,173.230736759,175.411690588,177.077049598,177.723232434,179.130373102,179.188923808,180.845707816	3	hyperbolic	0.04	132000,,
142037	0.0,1.0,2.0,3.0,4.0,5.0,6.0,7.0,8.0,9.0,10.0,11.0,12.0,13.0,14.0,15.0,16.0,17.0,18.0,19.0	55.7508544709,106.780430982,129.197335494,144.552239701,153.760327553,160.668053292,169.44673362,173.618227406,176.285915646,177.44545908,179.675876826,183.205585997,184.398131593,184.893143053,185.974429906,187.216293204,188.35405205,188.262227215,188.706327921,191.679440031	3	hyperbolic	0.04	132000,,
140466	0.0,1.0,2.0,3.0,4.0,5.0,6.0,7.0,8.0,9.0,10.0,11.0,12.0,13.0,14.0,15.0,16.0,17.0,18.0,19.0	72.8732459485,124.380591808,147.83328959,164.284569544,172.639737623,181.886525834,185.946833129,190.585699541,194.260451708,196.769134269,200.342345347,199.470852792,204.022103058,204.308391696,205.095229099,205.21654417,208.061212508,207.974889604,208.741194552,208.804281636	3	hyperbolic	0.04	132000,,
142781	0.0,1.0,2.0,3.0,4.0,5.0,6.0,7.0,8.0,9.0,10.0,11.0,12.0,13.0,14.0,15.0,16.0,17.0,18.0,19.0	-21.7804456485,30.5262337815,55.8225681853,70.158119171,78.6394813229,85.9567793718,93.5399823845,95.5708143906,97.7891033615,101.516850235,105.075747917,105.739820187,108.02572528,110.318984945,109.951063224,111.928406356,114.308942481,112.449077327,115.881032641,113.449724611	3	hyperbolic	0.04	132000,,
141527	0.0,1.0,2.0,3.0,4.0,5.0,6.0,7.0,8.0,9.0,10.0,11.0,12.0,13.0,14.0,15.0,16.0,17.0,18.0,19.0	-19.248505283,32.8474508468,57.0157593851,72.6331823954,81.5655248846,89.8759272409,94.1444941387,99.3287620944,101.619068012,102.269251319,106.699310059,106.359718466,110.55670853,110.293381651,112.338481681,114.054833153,115.131412617,115.736991027,115.412354075,115.240163367	3	hyperbolic	0.04	132000,,
140459	0.0,1.0,2.0,3.0,4.0,5.0,6.0,7.0,8.0,9.0,10.0,11.0,12.0,13.0,14.0,15.0,16.0,17.0,18.0,19.0	26.9966219703,77.3912977402,102.516026013,116.156530543,128.921359997,134.398007976,138.853182343,143.916976826,146.186005825,151.543540136,153.455796625,155.33506133,156.831202518,155.650222559,159.602627683,160.298713858,161.414490657,162.94559027,164.021526906,163.376386644	3	hyperbolic	0.04	132000,,
140006	0.0,1.0,2.0,3.0,4.0,5.0,6.0,7.0,8.0,9.0,10.0,11.0,12.0,13.0,14.0,15.0,16.0,17.0,18.0,19.0	15.8163436727,65.5830182765,91.1779269927,104.442620177,115.198607756,121.417044593,127.906986364,132.175948041,134.203983468,136.253753905,138.93676279,142.978382422,142.781805954,144.994082623,145.385558422,146.139104768,147.708249226,150.745637096,151.346085874,151.557454337	3	hyperbolic	0.04	132000,,
141114	0.0,1.0,2.0,3.0,4.0,5.0,6.0,7.0,8.0,9.0,10.0,11.0,12.0,13.0,14.0,15.0,16.0,17.0,18.0,19.0	76.7855901391,127.736133257,150.452213425,165.968771174,176.729033312,185.33692305,190.300204829,193.142666159,198.474272019,198.649881857,203.423567664,203.855641258,205.745562148,205.565943038,209.753227304,210.030620622,209.315407921,212.538013949,212.411892943,212.268545022	3	hyperbolic	0.04	132000,,
141266	0.0,1.0,2.0,3.0,4.0,5.0,6.0,7.0,8.0,9.0,10.0,11.0,12.0,13.0,14.0,15.0,16.0,17.0,18.0,19.0	-118.855175343,-70.6552288609,-42.6845632751,-27.6729286384,-18.2650241498,-13.2089534786,-5.78761801322,-1.28107013223,-0.727727485614,3.13181662115,5.73383352744,7.18325464154,9.09092992501,12.5024849771,10.7647887862,14.1631949129,13.115804935,15.2641659611,14.5189930976,17.5697479473	3	hyperbolic	0.04	132000,,
142733	0.0,1.0,2.0,3.0,4.0,5.0,6.0,7.0,8.0,9.0,10.0,11.0,12.0,13.0,14.0,15.0,16.0,17.0,18.0,19.0	78.1145778275,130.043423272,153.588380763,169.118714183,177.936716467,187.371938033,191.525083831,195.7235181,200.711840045,200.453728406,205.266582336,206.165642449,206.255508538,209.174388305,211.209327119,212.469798025,211.757942186,212.541710811,214.15658876,215.874321875	3	hyperbolic	0.04	132000,,
143374	0.0,1.0,2.0,3.0,4.0,5.0,6.0,7.0,8.0,9.0,10.0,11.0,12.0,13.0,14.0,15.0,16.0,17.0,18.0,19.0	-19.249828455,29.8646880189,56.6332205319,72.0114381779,80.6045064293,88.6597399501,93.8557374312,95.8779401944,99.4443246725,102.996312321,105.512734184,106.421935675,110.021537426,109.936509427,111.765137926,112.892328574,113.759545205,114.600909382,115.548835854,117.687299986	3	hyperbolic	0.04	132000,,
141028	0.0,1.0,2.0,3.0,4.0,5.0,6.0,7.0,8.0,9.0,10.0,11.0,12.0,13.0,14.0,15.0,16.0,17.0,18.0,19.0	-21.2657953753,29.1749211515,52.9836634747,69.7149602591,81.1305506307,87.5824729007,91.6527101654,95.2848076663,100.163328747,100.749885084,103.752293484,105.08140473,108.353941083,107.843193967,109.391935002,110.756432548,113.053586623,112.862624729,115.307960027,116.810394731	3	hyperbolic	0.04	132000,,
141951	0.0,1.0,2.0,3.0,4.0,5.0,6.0,7.0,8.0,9.0,10.0,11.0,12.0,13.0,14.0,15.0,16.0,17.0,18.0,19.0	6.15000766479,54.868329229,81.9165669003,93.5562115052,106.404561594,111.613687248,118.967681669,122.549982317,123.979037457,126.346321327,129.509716613,131.62520968,133.480311516,136.352484777,134.918347903,136.095895606,140.154489995,139.284412794,138.803228418,140.65724554	3	hyperbolic	0.04	132000,,
140201	0.0,1.0,2.0,3.0,4.0,5.0,6.0,7.0,8.0,9.0,10.0,11.0,12.0,13.0,14.0,15.0,16.0,17.0,18.0,19.0	41.3200559904,91.7957307792,115.035494241,129.353820583,139.368150354,146.030945455,152.908470386,155.442462132,161.440323315,163.189987846,164.665474204,168.326275854,169.564170379,171.255134156,172.214017693,172.66255841,173.20654249,173.719721226,177.112702595,177.502284132	3	hyperbolic	0.04	132000,,
141366	0.0,1.0,2.0,3.0,4.0,5.0,6.0,7.0,8.0,9.0,10.0,11.0,12.0,13.0,14.0,15.0,16.0,17.0,18.0,19.0	36.8917683174,86.4591543829,111.604144545,127.109403691,135.034671665,142.502082654,149.475287841,151.330307415,157.003113898,157.135258863,159.663233905,163.746407182,165.587105277,167.196094705,165.567893404,166.612828428,167.200019444,170.244616497,171.494118893,171.60576107	3	hyperbolic	0.04	132000,,
143751	0.0,1.0,2.0,3.0,4.0,5.0,6.0,7.0,8.0,9.0,10.0,11.0,12.0,13.0,14.0,15.0,16.0,17.0,18.0,19.0	26.5474822282,74.8175695776,101.206929719,115.274383928,126.18303745,131.061254353,138.761619203,141.026882109,144.431016039,149.361266033,152.13392874,153.196845022,152.438746335,156.65125546,155.784118995,156.740803189,160.400621946,159.352043331,161.427264853,162.15506983	3	hyperbolic	0.04	132000,,
140768	0.0,1.0,2.0,3.0,4.0,5.0,6.0,7.0,8.0,9.0,10.0,11.0,12.0,13.0,14.0,15.0,16.0,17.0,18.0,19.0	-125.868518234,-75.8865837693,-50.833636071,-36.5975025638,-27.616033596,-20.0523071498,-12.9443575447,-10.2299656564,-5.89766604542,-3.16868482939,-1.54006396531,1.39472939815,2.40916723618,4.01736320954,2.44464632078,6.88836676378,6.07080170533,7.25373358944,9.10683693221,7.71876092302	3	hyperbolic	0.04	132000,,
142648	0.0,1.0,2.0,3.0,4.0,5.0,6.0,7.0,8.0,9.0,10.0,11.0,12.0,13.0,14.0,15.0,16.0,17.0,18.0,19.0	78.14350494,126.878547988,153.322972201,167.697800224,177.802691486,185.156377382,190.893641532,193.922251933,195.995363719,200.657807421,203.035791249,205.654443761,206.422281814,208.0544059,207.480407627,210.357738359,209.029792281,210.234254597,213.652098519,212.338780822	3	hyperbolic	0.04	132000,,
140852	0.0,1.0,2.0,3.0,4.0,5.0,6.0,7.0,8.0,9.0,10.0,11.0,12.0,13.0,14.0,15.0,16.0,17.0,18.0,19.0	122.091752438,173.106919553,198.900451558,213.289879632,222.816333322,229.704661389,234.665880623,240.060119757,242.464827805,244.129319243,246.058720239,247.980476213,249.987950787,254.081890714,254.252629516,253.637003351,254.654079014,255.327319215,259.04311081,258.185530398	3	hyperbolic	0.04	132000,,
143555	0.0,1.0,2.0,3.0,4.0,5.0,6.0,7.0,8.0,9.0,10.0,11.0,12.0,13.0,14.0,15.0,16.0,17.0,18.0,19.0	-57.585309211,-7.03020325507,18.3151816537,33.4309209126,41.8092960602,48.3850449671,53.4261262485,60.5908229804,61.0798365049,66.0017409195,69.1029379094,70.219324963,72.0172440196,72.0245673642,72.7603543162,73.8504704442,74.8495277365,78.3314863149,75.9587860295,79.1291237506	3	hyperbolic	0.04	132000,,
142847	0.0,1.0,2.0,3.0,4.0,5.0,6.0,7.0,8.0,9.0,10.0,11.0,12.0,13.0,14.0,15.0,16.0,17.0,18.0,19.0	134.725352274,182.607963709,208.65349775,225.203136928,232.96106536,240.841144584,245.746326112,251.625354175,254.346196086,257.550414355,257.443017355,259.59711936,263.369050113,262.648985844,263.648496088,267.131252517,265.177953995,268.815983098,270.130475246,270.45943809	3	hyperbolic	0.04	132000,,
141260	0.0,1.0,2.0,3.0,4.0,5.0,6.0,7.0,8.0,9.0,10.0,11.0,12.0,13.0,14.0,15.0,16.0,17.0,18.0,19.0	-105.466426006,-55.7145775012,-29.1715339179,-14.0101973167,-6.14327465946,1.21036904517,7.61282328906,12.1382534016,15.7909203895,19.6608205584,21.9894446738,21.2980052739,25.5270501111,25.033202191,28.022853977,26.4513342087,27.5461133069,28.4822868857,31.0562335278,31.3907762921	3	hyperbolic	0.04	132000,,
140312	0.0,1.0,2.0,3.0,4.0,5.0,6.0,7.0,8.0,9.0,10.0,11.0,12.0,13.0,14.0,15.0,16.0,17.0,18.0,19.0	109.960562755,159.435693979,182.6478229,199.861288011,209.96062323,216.448912142,222.29953523,223.634236979,227.576313011,231.666652571,233.151251798,235.709087607,238.340129207,239.374464766,240.828244774,240.935912829,241.845668097,243.995586103,244.40206702,244.279114752	3	hyperbolic	0.04	132000,,
142636	0.0,1.0,2.0,3.0,4.0,5.0,6.0,7.0,8.0,9.0,10.0,11.0,12.0,13.0,14.0,15.0,16.0,17.0,18.0,19.0	-124.983720579,-74.482256133,-52.1300988883,-36.9022485356,-26.1548413359,-16.8921112502,-13.1485034456,-7.31904237212,-6.05224667255,-2.18110359802,-2.13803694418,0.89853950524,3.6051302007,4.3155843451,4.04454601073,7.33907836187,9.00233280073,8.08616338881,8.44069026474,9.21396455229	3	hyperbolic	0.04	132000,,
142513	0.0,1.0,2.0,3.0,4.0,5.0,6.0,7.0,8.0,9.0,10.0,11.0,12.0,13.0,14.0,15.0,16.0,17.0,18.0,19.0	-130.318507378,-79.0999301038,-54.9912624143,-38.133961426,-30.5740066006,-22.3223235479,-17.5216971945,-13.6722829386,-10.4113627315,-5.70853484427,-3.95126046053,-3.37834007754,-2.39029819955,-0.920937151361,1.45102094344,2.63755819199,3.01369695476,5.03027853103,4.20293138193,7.11727777102	3	hyperbolic	0.04	132000,,
143689	0.0,1.0,2.0,3.0,4.0,5.0,6.0,7.0,8.0,9.0,10.0,11.0,12.0,13.0,14.0,15.0,16.0,17.0,18.0,19.0	72.7891693865,123.237787137,148.690257026,162.368278292,171.584465101,179.100907035,185.340348782,188.017834245,192.360531343,194.036136327,197.691385959,198.555466057,200.228736409,201.495481421,203.545839196,205.123796693,206.927651668,206.347119989,209.177821857,207.102863407	3	hyperbolic	0.04	132000,,
142230	0.0,1.0,2.0,3.0,4.0,5.0,6.0,7.0,8.0,9.0,10.0,11.0,12.0,13.0,14.0,15.0,16.0,17.0,18.0,19.0	92.301555878,145.14942506,168.751785356,184.094072573,193.979720433,201.526221483,206.896747556,209.400137562,213.356785033,217.344981756,217.014315444,222.212144469,221.111965397,221.873572051,226.30091115,225.934013853,225.554852281,228.206141724,228.341989828,228.46725619	3	hyperbolic	0.04	132000,,
142787	0.0,1.0,2.0,3.0,4.0,5.0,6.0,7.0,8.0,9.0,10.0,11.0,12.0,13.0,14.0,15.0,16.0,17.0,18.0,19.0	-107.708463775,-57.3857234108,-33.2222826681,-17.7424835285,-6.75343504799,0.321525299903,5.27087826093,8.2292452234,12.7961659726,14.8302427401,19.0329438366,17.9247507813,19.8647123672,23.6890344803,24.3389156048,24.6680715476,26.7159020598,25.9546609968,26.7187462545,26.9926454234	3	hyperbolic	0.04	132000,,
140491	0.0,1.0,2.0,3.0,4.0,5.0,6.0,7.0,8.0,9.0,10.0,11.0,12.0,13.0,14.0,15.0,16.0,17.0,18.0,19.0	20.0593095733,73.4475719218,95.9940363972,111.485856684,122.133409458,128.269149713,134.336719389,138.553646777,141.514277307,144.588240847,145.649427593,149.359570483,149.290547568,151.603705977,154.20943763,154.407668231,153.914409924,157.324860427,155.314149931,156.218148776	3	hyperbolic	0.04	132000,,
140362	0.0,1.0,2.0,3.0,4.0,5.0,6.0,7.0,8.0,9.0,10.0,11.0,12.0,13.0,14.0,15.0,16.0,17.0,18.0,19.0	133.711572359,180.72222431,206.116552384,223.174975623,231.450979953,237.67881022,243.016273441,248.614084499,251.650681984,256.393342537,257.822641557,259.475047053,259.976269999,261.57119075,261.896045465,264.67181242,264.558127915,266.008994347,265.420235798,268.558030398	3	hyperbolic	0.04	132000,,
141719	0.0,1.0,2.0,3.0,4.0,5.0,6.0,7.0,8.0,9.0,10.0,11.0,12.0,13.0,14.0,15.0,16.0,17.0,18.0,19.0	31.849364121,80.0080851252,106.649527593,118.92122844,130.474271911,137.733049139,142.386809141,145.546542794,149.685682138,154.843663492,153.983616906,158.179238292,160.545130502,159.734275252,160.580565198,161.286521432,163.341878114,163.482642591,166.30906555,164.424265334	3	hyperbolic	0.04	132000,,
143152	0.0,1.0,2.0,3.0,4.0,5.0,6.0,7.0,8.0,9.0,10.0,11.0,12.0,13.0,14.0,15.0,16.0,17.0,18.0,19.0	-6.81588559142,44.1126395979,70.289849193,83.0318073628,95.020675062,100.934072125,105.66808089,109.155596587,113.954430572,115.863349304,117.903032346,121.678815996,123.48434792,123.41946209,124.542457354,126.616285999,128.133998967,128.029528427,128.707427774,128.563803214	3	hyperbolic	0.04	132000,,
141649	0.0,1.0,2.0,3.0,4.0,5.0,6.0,7.0,8.0,9.0,10.0,11.0,12.0,13.0,14.0,15.0,16.0,17.0,18.0,19.0	-110.04714942,-60.6268771178,-34.1069222454,-18.9342496256,-11.170607467,-1.65864450176,1.96882466164,5.14593836074,10.8129693759,12.8726515683,14.5628822151,16.4660415845,18.0800052822,21.5607618925,20.388865153,22.7537751914,21.6724644844,24.7673424003,25.4913945399,24.2509988561	3	hyperbolic	0.04	132000,,
142178	0.0,1.0,2.0,3.0,4.0,5.0,6.0,7.0,8.0,9.0,10.0,11.0,12.0,13.0,14.0,15.0,16.0,17.0,18.0,19.0	-58.1412789193,-7.11810634754,19.4394578565,34.4401463824,43.6349609255,51.9840824645,54.3424370131,59.2257671858,61.6529687292,67.5323475181,66.7462951106,71.2167040628,73.4105685123,73.9483037742,74.3155798172,74.2923228459,76.8453067436,79.1231955952,79.5333721148,79.8408909528	3	hyperbolic	0.04	132000,,
143227	0.0,1.0,2.0,3.0,4.0,5.0,6.0,7.0,8.0,9.0,10.0,11.0,12.0,13.0,14.0,15.0,16.0,17.0,18.0,19.0	49.4835369774,99.8599730051,124.069548882,139.812601785,148.642495591,156.611747263,161.336405502,163.950164961,167.616154181,169.738480633,174.001025875,174.296580354,176.704118038,178.772754608,178.37312416,180.724239795,183.583537581,181.3849119,184.312285497,182.744159112	3	hyperbolic	0.04	132000,,
141169	0.0,1.0,2.0,3.0,4.0,5.0,6.0,7.0,8.0,9.0,10.0,11.0,12.0,13.0,14.0,15.0,16.0,17.0,18.0,19.0	53.0494172252,100.583546491,128.800921498,140.717071444,151.531811589,160.366763201,166.094781978,167.694130795,171.197832448,173.959896755,178.525393847,180.129990145,181.992206756,180.667326713,184.021665437,185.547660785,187.117693462,187.257812723,187.783431549,189.537685223	3	hyperbolic	0.04	132000,,
142132	0.0,1.0,2.0,3.0,4.0,5.0,6.0,7.0,8.0,9.0,10.0,11.0,12.0,13.0,14.0,15.0,16.0,17.0,18.0,19.0	-53.0050283474,-2.72866693153,19.5770630004,36.1179181644,47.5435215886,53.1061234028,59.0275055513,63.8375940711,65.2277257633,68.2401993684,72.062185703,74.2790186416,75.6740967472,75.1337634928,77.9777021301,77.2120394911,80.1241531077,80.9415954034,82.1654133945,80.1088582198	3	hyperbolic	0.04	132000,,
140180	0.0,1.0,2.0,3.0,4.0,5.0,6.0,7.0,8.0,9.0,10.0,11.0,12.0,13.0,14.0,15.0,16.0,17.0,18.0,19.0	-55.4375772894,-4.13365609844,20.3944782508,37.3600992903,47.1948266138,54.1071674484,57.9378824904,62.2799348499,67.1253804447,68.2555795715,72.3460048247,72.4064220837,73.4960370722,76.2978446709,77.3347916385,76.3215750801,78.0467998284,80.0275388814,80.1527362815,80.116825803	3	hyperbolic	0.04	132000,,
143118	0.0,1.0,2.0,3.0,4.0,5.0,6.0,7.0,8.0,9.0,10.0,11.0,12.0,13.0,14.0,15.0,16.0,17.0,18.0,19.0	-136.465115883,-83.353732942,-58.4861718168,-44.6392296996,-35.123808619,-29.3571873441,-21.6242267838,-18.2920139809,-13.5413700739,-11.6214697139,-9.65514280611,-6.38624507325,-8.03588316987,-6.17785661152,-3.59287510576,-2.77542711712,-2.8007397969,0.472451679308,1.64178066849,1.30080877691	3	hyperbolic	0.04	132000,,
141579	0.0,1.0,2.0,3.0,4.0,5.0,6.0,7.0,8.0,9.0,10.0,11.0,12.0,13.0,14.0,15.0,16.0,17.0,18.0,19.0	122.837342346,171.189038088,196.27464861,210.659862196,220.771131533,228.287580288,233.692905108,237.452566159,242.367943355,244.217500654,247.609188753,247.999264657,250.199447261,250.40225102,253.000095577,252.546570833,253.630894864,253.942615672,256.48707544,257.191660408	3	hyperbolic	0.04	132000,,
142337	0.0,1.0,2.0,3.0,4.0,5.0,6.0,7.0,8.0,9.0,10.0,11.0,12.0,13.0,14.0,15.0,16.0,17.0,18.0,19.0	-97.5021206983,-45.8611912459,-20.9077187951,-7.82307397027,4.71748344519,10.5003711698,17.0021025244,19.29967046,24.4275566001,25.76979197,28.0453805698,30.5785816213,32.5459560116,33.821249193,35.1741538144,35.5708817537,38.4577146235,38.0417420262,37.5423103011,40.3755645182	3	hyperbolic	0.04	132000,,
142695	0.0,1.0,2.0,3.0,4.0,5.0,6.0,7.0,8.0,9.0,10.0,11.0,12.0,13.0,14.0,15.0,16.0,17.0,18.0,19.0	23.915498761,75.6085019166,99.5350584144,113.314428528,124.198175836,130.999556753,137.93127435,142.329397718,143.306782386,147.244586892,148.294910421,151.181337542,154.196676599,154.922339171,155.432915361,156.991655447,159.265383682,159.679550781,158.928759162,160.976401586	3	hyperbolic	0.04	132000,,
140630	0.0,1.0,2.0,3.0,4.0,5.0,6.0,7.0,8.0,9.0,10.0,11.0,12.0,13.0,14.0,15.0,16.0,17.0,18.0,19.0	119.318841908,170.307690449,196.04904733,209.078470994,220.207485194,227.63691768,233.165061763,235.158247038,239.557122177,241.878800559,243.426555399,248.060767391,247.21294186,249.090150447,251.870595923,250.677973535,251.870400251,254.612249232,253.881583229,257.058882667	3	hyperbolic	0.04	132000,,
143404	0.0,1.0,2.0,3.0,4.0,5.0,6.0,7.0,8.0,9.0,10.0,11.0,12.0,13.0,14.0,15.0,16.0,17.0,18.0,19.0	69.9986040064,120.69905568,146.707945185,161.922550686,172.427948649,177.134916876,182.28951969,188.366793829,189.88383261,195.895553492,197.945410087,196.685059814,199.092229084,202.637916107,200.999981997,202.243143404,204.209639386,207.063833564,206.906192533,206.079765732	3	hyperbolic	0.04	132000,,
143947	0.0,1.0,2.0,3.0,4.0,5.0,6.0,7.0,8.0,9.0,10.0,11.0,12.0,13.0,14.0,15.0,16.0,17.0,18.0,19.0	-94.9529504991,-47.1409731569,-21.8413882143,-5.52804846856,5.44774154965,10.1449955593,17.0566253791,21.390315929,22.8826724204,27.4993952099,30.5037337788,31.0370851603,31.9672137685,34.5832078257,33.4563986097,36.7393311742,37.174708185,39.4552057593,38.074732571,39.9233540087	3	hyperbolic	0.04	132000,,
142604	0.0,1.0,2.0,3.0,4.0,5.0,6.0,7.0,8.0,9.0,10.0,11.0,12.0,13.0,14.0,15.0,16.0,17.0,18.0,19.0	12.6264487284,59.4303619378,85.8478090698,100.674405114,109.475047412,119.088061558,123.883112563,128.090824737,131.893600739,134.67186588,134.625998404,137.767233175,139.55457845,141.351218629,142.3242824,144.804466078,143.678463341,145.112151323,147.699599241,145.640531143	3	hyperbolic	0.04	132000,,
142072	0.0,1.0,2.0,3.0,4.0,5.0,6.0,7.0,8.0,9.0,10.0,11.0,12.0,13.0,14.0,15.0,16.0,17.0,18.0,19.0	-60.4287086985,-9.72095559939,13.5253034743,27.1927239725,37.7146935231,44.6773899372,50.1574452425,55.283374464,59.5025633609,59.9955379636,63.5871222965,64.9027652745,67.7185574044,67.3707753058,68.943004074,70.4345347716,70.8800932946,73.4779566393,72.6075634959,73.5622986526	3	hyperbolic	0.04	132000,,
143912	0.0,1.0,2.0,3.0,4.0,5.0,6.0,7.0,8.0,9.0,10.0,11.0,12.0,13.0,14.0,15.0,16.0,17.0,18.0,19.0	-3.91943014839,45.8899984915,71.0598691904,87.7588196404,96.8846622201,104.103157355,110.914853946,113.042329818,116.156945529,118.388909468,120.3481602,124.002058896,125.879477966,128.154949497,128.125008961,130.089799276,132.018603297,129.940824734,131.826811901,133.049518443	3	hyperbolic	0.04	132000,,
143952	0.0,1.0,2.0,3.0,4.0,5.0,6.0,7.0,8.0,9.0,10.0,11.0,12.0,13.0,14.0,15.0,16.0,17.0,18.0,19.0	8.90402645826,57.8812317712,82.4851191342,98.4435196884,108.684950655,115.282704349,121.602103837,124.04010157,126.39622508,131.516032842,133.292859867,133.170299417,137.867855994,136.206765311,137.443066551,138.950653723,142.707234866,140.415705144,144.011383168,144.359782357	3	hyperbolic	0.04	132000,,
143072	0.0,1.0,2.0,3.0,4.0,5.0,6.0,7.0,8.0,9.0,10.0,11.0,12.0,13.0,14.0,15.0,16.0,17.0,18.0,19.0	-103.644571711,-56.9266121993,-31.4045507124,-15.7229373396,-3.68793903623,1.91749866768,6.19281567007,12.9699617605,14.6755994476,18.7577377945,18.2237779482,20.585252256,24.5462218791,23.477011848,27.0716278042,26.098989049,29.3959547802,28.7181425213,28.7548433487,30.5632514308	3	hyperbolic	0.04	132000,,
142316	0.0,1.0,2.0,3.0,4.0,5.0,6.0,7.0,8.0,9.0,10.0,11.0,12.0,13.0,14.0,15.0,16.0,17.0,18.0,19.0	-115.898658481,-64.892914982,-39.416781655,-25.7247279741,-15.9677396013,-6.95159255041,-3.41909438023,2.5004761106,7.16940733251,9.46560138877,10.7004421543,12.795058883,13.1588983491,14.0605111418,18.2786836628,16.8282894912,17.3344882668,20.8929965163,21.1535285101,22.5671695696	3	hyperbolic	0.04	132000,,
142772	0.0,1.0,2.0,3.0,4.0,5.0,6.0,7.0,8.0,9.0,10.0,11.0,12.0,13.0,14.0,15.0,16.0,17.0,18.0,19.0	-80.0608201921,-30.6283237582,-3.36801342337,10.9517589533,19.9089910127,27.174017171,31.8017391097,37.2678652994,39.9913602128,42.0129953538,47.3795129377,46.6778319163,47.7443441228,49.0751616985,53.3973811517,53.0687527527,55.2348103523,55.2160809461,54.9314260305,58.10573773	3	hyperbolic	0.04	132000,,
143229	0.0,1.0,2.0,3.0,4.0,5.0,6.0,7.0,8.0,9.0,10.0,11.0,12.0,13.0,14.0,15.0,16.0,17.0,18.0,19.0	52.2191441889,102.90862486,125.512946037,140.603939121,152.418239981,157.800950216,163.7992445,169.133584012,170.615460531,175.965900594,175.706760271,176.991520857,181.569490071,183.179862815,181.458902779,184.920700897,184.0859194,186.681306494,188.27721069,188.905345782	3	hyperbolic	0.04	132000,,
143063	0.0,1.0,2.0,3.0,4.0,5.0,6.0,7.0,8.0,9.0,10.0,11.0,12.0,13.0,14.0,15.0,16.0,17.0,18.0,19.0	-33.5322146113,18.4986133523,42.8373076495,55.4298987331,66.3488631633,75.2500241754,80.841950369,83.6195252525,85.4752652486,89.9984141817,90.6339404631,92.8355913896,96.0532787701,96.6534473054,97.3407231416,100.796321182,100.179903163,101.932148835,103.120722352,101.164001927	3	hyperbolic	0.04	132000,,
141953	0.0,1.0,2.0,3.0,4.0,5.0,6.0,7.0,8.0,9.0,10.0,11.0,12.0,13.0,14.0,15.0,16.0,17.0,18.0,19.0	57.3101209183,106.833651583,131.110791218,145.63650644,154.603539895,161.73294772,167.666682096,171.58786974,177.14018468,179.600818309,180.482675044,181.845566241,183.533296884,184.600885229,186.746377754,188.089444447,190.97548585,191.887168688,191.486357303,192.758466615	3	hyperbolic	0.04	132000,,
140036	0.0,1.0,2.0,3.0,4.0,5.0,6.0,7.0,8.0,9.0,10.0,11.0,12.0,13.0,14.0,15.0,16.0,17.0,18.0,19.0	112.959164184,161.366708366,185.99097743,199.979265303,210.516187536,218.071961896,223.901753352,228.46513456,231.715803238,232.554065603,236.788109308,238.746545552,238.921435672,242.34696015,243.062179837,242.799170084,246.090371186,246.275463249,246.691854924,245.404715585	3	hyperbolic	0.04	132000,,
141730	0.0,1.0,2.0,3.0,4.0,5.0,6.0,7.0,8.0,9.0,10.0,11.0,12.0,13.0,14.0,15.0,16.0,17.0,18.0,19.0	56.1388019698,105.99708994,128.846057557,146.473461639,155.008100848,160.663126809,168.922646833,172.511094909,173.511243321,176.445497678,180.150184458,182.308480367,183.366476252,184.567243916,185.57821534,188.782020202,186.946443963,188.66286393,189.138189535,189.561849468	3	hyperbolic	0.04	132000,,
141993	0.0,1.0,2.0,3.0,4.0,5.0,6.0,7.0,8.0,9.0,10.0,11.0,12.0,13.0,14.0,15.0,16.0,17.0,18.0,19.0	30.0965637691,78.8200944933,103.216837255,120.21754999,129.990108292,135.960781607,141.595894918,145.894780606,148.916346917,153.056450528,153.676498062,156.669201978,157.217976143,159.9452762,158.892648258,161.813869035,162.879506255,164.028783417,163.338614594,165.721773403	3	hyperbolic	0.04	132000,,
143539	0.0,1.0,2.0,3.0,4.0,5.0,6.0,7.0,8.0,9.0,10.0,11.0,12.0,13.0,14.0,15.0,16.0,17.0,18.0,19.0	-118.530874776,-68.6250572037,-40.5051633399,-26.4842633419,-16.0922007871,-10.7946321461,-5.04999552892,-1.40493286542,3.67871874489,3.90019904952,8.95574896223,9.40846341528,12.0578017346,12.9328659628,13.8017193897,15.8288058997,14.5787413984,18.4516973719,18.8703723237,16.9588961307	3	hyperbolic	0.04	132000,,
140065	0.0,1.0,2.0,3.0,4.0,5.0,6.0,7.0,8.0,9.0,10.0,11.0,12.0,13.0,14.0,15.0,16.0,17.0,18.0,19.0	94.7359851698,143.768917084,169.615633024,185.768052486,195.462893116,202.680554105,208.011662558,211.454255143,213.204604653,216.037059868,219.630550929,220.483265669,222.919942034,224.123209522,224.465569148,226.722826969,229.769763153,229.213944915,229.417767025,230.074701029	3	hyperbolic	0.04	132000,,
143509	0.0,1.0,2.0,3.0,4.0,5.0,6.0,7.0,8.0,9.0,10.0,11.0,12.0,13.0,14.0,15.0,16.0,17.0,18.0,19.0	100.523299106,150.862927555,172.941783653,188.328917324,199.66108205,205.559714862,212.371829889,214.958418773,219.430526663,222.266125983,223.068752051,227.378358135,229.720698492,227.996358892,229.506571871,230.348608439,233.779583226,233.633942437,236.162687951,236.237435675	3	hyperbolic	0.04	132000,,
143876	0.0,1.0,2.0,3.0,4.0,5.0,6.0,7.0,8.0,9.0,10.0,11.0,12.0,13.0,14.0,15.0,16.0,17.0,18.0,19.0	-98.3308413443,-49.3348575141,-24.6621763545,-11.5344046011,-1.05089496766,6.94034187648,12.6173984938,16.5849724246,18.401484857,23.8137674912,24.4708709089,26.4417047593,28.5911321508,31.6753188406,31.9040561448,33.5189400232,34.3762951618,33.1873699832,35.4058585233,36.7395345266	3	hyperbolic	0.04	132000,,
142092	0.0,1.0,2.0,3.0,4.0,5.0,6.0,7.0,8.0,9.0,10.0,11.0,12.0,13.0,14.0,15.0,16.0,17.0,18.0,19.0	-72.6711842478,-22.6778586577,4.96745106927,18.1361550335,29.2413706181,35.7354075511,40.3507171747,45.8763192242,50.6461379014,52.1038893653,54.0945032305,54.2659746189,58.1599974448,60.473205718,59.5156074707,60.0303456182,63.6897772567,62.0664309956,65.3247186053,65.2076725909	3	hyperbolic	0.04	132000,,
143977	0.0,1.0,2.0,3.0,4.0,5.0,6.0,7.0,8.0,9.0,10.0,11.0,12.0,13.0,14.0,15.0,16.0,17.0,18.0,19.0	-13.9191662446,38.1039971088,60.9199056569,78.7878106265,86.3830201783,94.2529374684,99.7424546538,105.60249773,108.687209747,111.565440008,113.082216761,114.956144009,114.973625059,116.137791245,120.292958914,118.513027536,119.571419054,122.360248051,121.961980353,123.389480631	3	hyperbolic	0.04	132000,,
142019	0.0,1.0,2.0,3.0,4.0,5.0,6.0,7.0,8.0,9.0,10.0,11.0,12.0,13.0,14.0,15.0,16.0,17.0,18.0,19.0	-34.5919074898,16.1218445827,40.0714267654,58.1770620159,65.8773679905,73.0304762059,79.3565301302,84.2523882331,85.7961891296,89.8452198095,91.1240030655,94.6985471447,95.2980678823,95.001639447,96.8603978433,98.1977344096,99.0995438626,101.87759555,102.217790445,100.69444538	3	hyperbolic	0.04	132000,,
142863	0.0,1.0,2.0,3.0,4.0,5.0,6.0,7.0,8.0,9.0,10.0,11.0,12.0,13.0,14.0,15.0,16.0,17.0,18.0,19.0	87.8361015907,137.339352105,162.960744096,175.490862816,185.211637619,195.223748371,200.429347546,201.99810525,205.90567934,209.451675984,211.356945527,214.48269373,215.956588674,215.696921322,216.936570123,219.951422756,221.079831289,220.957113505,220.700174314,222.830478722	3	hyperbolic	0.04	132000,,
142365	0.0,1.0,2.0,3.0,4.0,5.0,6.0,7.0,8.0,9.0,10.0,11.0,12.0,13.0,14.0,15.0,16.0,17.0,18.0,19.0	-56.5840047904,-5.5182084776,21.6444776444,35.2595507715,44.9797090133,52.262443814,56.0296573744,63.1065384831,64.3603755393,66.3590377082,69.0947661022,71.1099040171,73.5206916095,76.0019427833,78.0411433907,78.2035810281,79.4606746276,78.3402585528,79.1440983776,80.8739842192	3	hyperbolic	0.04	132000,,
143496	0.0,1.0,2.0,3.0,4.0,5.0,6.0,7.0,8.0,9.0,10.0,11.0,12.0,13.0,14.0,15.0,16.0,17.0,18.0,19.0	-100.196245111,-50.6802311932,-25.4563787034,-9.52583513844,-1.01023576204,5.19732366699,12.379124072,13.8033075391,19.0716734584,22.6956526499,25.3490262892,25.1528855423,28.6015306383,27.2366850725,30.0887695185,32.7879317463,33.7101976764,31.5451206197,33.637362481,36.0954318908	3	hyperbolic	0.04	132000,,
143848	0.0,1.0,2.0,3.0,4.0,5.0,6.0,7.0,8.0,9.0,10.0,11.0,12.0,13.0,14.0,15.0,16.0,17.0,18.0,19.0	3.64978739259,53.7781379514,78.3277751716,94.0789222352,105.336629844,111.352752694,115.71299804,120.107127038,123.78257289,127.687523767,128.472149643,131.844762585,134.672812662,133.306814105,134.126362751,138.107447185,138.087454531,139.338547096,138.283820222,139.485131617	3	hyperbolic	0.04	132000,,
143806	0.0,1.0,2.0,3.0,4.0,5.0,6.0,7.0,8.0,9.0,10.0,11.0,12.0,13.0,14.0,15.0,16.0,17.0,18.0,19.0	86.7960104777,134.86967583,160.423168806,177.200391741,185.515029433,192.384212526,200.096540218,203.203025884,206.121361277,208.377333486,212.624094538,212.063220239,214.115635195,215.42137686,219.027304317,217.701728037,219.172582686,220.148040275,220.200345258,223.478450927	3	hyperbolic	0.04	132000,,
143340	0.0,1.0,2.0,3.0,4.0,5.0,6.0,7.0,8.0,9.0,10.0,11.0,12.0,13.0,14.0,15.0,16.0,17.0,18.0,19.0	-125.255690304,-78.3374227443,-51.8165269877,-36.3322942521,-27.8984324376,-20.5398807559,-15.0991852337,-10.2708633377,-8.18223436692,-3.13482212832,-3.19168980194,0.0777359417511,2.4411870362,4.40312970514,6.17791077145,5.7997816939,7.18842939574,6.26572498474,8.40036391023,8.39312677259	3	hyperbolic	0.04	132000,,
141483	0.0,1.0,2.0,3.0,4.0,5.0,6.0,7.0,8.0,9.0,10.0,11.0,12.0,13.0,14.0,15.0,16.0,17.0,18.0,19.0	14.9790174676,64.9247862431,89.445644141,106.81066409,114.966500152,123.126849714,129.588174184,131.854933565,133.8024552,137.072107692,142.030022229,143.774252156,144.44516605,146.945105195,147.428307902,148.030867682,148.721258047,150.534741385,150.268982289,152.360837261	3	hyperbolic	0.04	132000,,
140334	0.0,1.0,2.0,3.0,4.0,5.0,6.0,7.0,8.0,9.0,10.0,11.0,12.0,13.0,14.0,15.0,16.0,17.0,18.0,19.0	103.05881524,151.901883541,178.182852686,191.722031959,203.100013863,209.28451616,216.643033275,220.015672412,221.436759462,225.731951964,227.532648996,228.682069249,229.812524565,232.446081963,232.682663323,234.601867813,237.579634156,236.757359803,238.867674902,239.31421656	3	hyperbolic	0.04	132000,,
141072	0.0,1.0,2.0,3.0,4.0,5.0,6.0,7.0,8.0,9.0,10.0,11.0,12.0,13.0,14.0,15.0,16.0,17.0,18.0,19.0	-48.1022434235,1.02543094734,26.5435665186,42.4860753491,52.8228453281,59.2537277189,66.3360403064,68.3441351854,73.9127834119,75.9918395262,76.2778161715,81.2426988323,82.9220527363,81.7422327223,84.2955502484,85.8877628116,84.6004131237,85.2794259799,86.1861793238,89.6047773953	3	hyperbolic	0.04	132000,,
142724	0.0,1.0,2.0,3.0,4.0,5.0,6.0,7.0,8.0,9.0,10.0,11.0,12.0,13.0,14.0,15.0,16.0,17.0,18.0,19.0	-40.9495933144,10.3849763635,33.5943166448,49.6145100207,60.1853395295,67.1787950508,71.0440843837,77.4494220804,77.7417818718,81.9675715321,84.4332581679,86.6707928064,88.10298412,87.9848325878,89.8567407024,90.5989841212,93.3407852415,93.2434866306,95.5024029895,95.6412141225	3	hyperbolic	0.04	132000,,
143317	0.0,1.0,2.0,3.0,4.0,5.0,6.0,7.0,8.0,9.0,10.0,11.0,12.0,13.0,14.0,15.0,16.0,17.0,18.0,19.0	85.5563428179,137.203656201,162.491835815,176.445682138,187.023694666,195.538531807,197.713948517,202.675025735,207.370079918,209.569774738,212.097155572,213.947314781,213.885948334,216.195816064,216.546507081,220.030373191,219.383928892,222.080793376,222.191117672,222.593556045	3	hyperbolic	0.04	132000,,
143680	0.0,1.0,2.0,3.0,4.0,5.0,6.0,7.0,8.0,9.0,10.0,11.0,12.0,13.0,14.0,15.0,16.0,17.0,18.0,19.0	-34.5802052073,12.6689009302,38.042915072,52.8573768723,65.1966819614,71.7809245827,78.1299767546,81.6557710699,83.2667252924,87.4668961091,89.2016027305,91.9732115998,91.4747338234,95.7071678673,95.9623937091,97.3272141021,95.8695207813,98.5370606003,99.7068745366,100.190600364	3	hyperbolic	0.04	132000,,
141578	0.0,1.0,2.0,3.0,4.0,5.0,6.0,7.0,8.0,9.0,10.0,11.0,12.0,13.0,14.0,15.0,16.0,17.0,18.0,19.0	122.420566353,172.266377637,199.815785557,212.516770588,222.185429626,230.188455081,237.090991324,239.400422882,242.347217354,247.080406215,247.005399826,250.191882001,251.115524926,254.730226215,254.329704063,256.149774562,258.28984623,256.853704299,259.38067853,258.10821863	3	hyperbolic	0.04	132000,,
143494	0.0,1.0,2.0,3.0,4.0,5.0,6.0,7.0,8.0,9.0,10.0,11.0,12.0,13.0,14.0,15.0,16.0,17.0,18.0,19.0	66.6104665945,116.367054665,144.188883839,158.682425077,166.470479656,175.880782232,180.206354828,184.136658679,186.952536166,191.717253899,193.825369398,195.497889735,197.115715535,196.950839411,198.937950326,199.731199966,202.194135611,201.83031103,202.570788586,204.985991966	3	hyperbolic	0.04	132000,,
141370	0.0,1.0,2.0,3.0,4.0,5.0,6.0,7.0,8.0,9.0,10.0,11.0,12.0,13.0,14.0,15.0,16.0,17.0,18.0,19.0	-129.072826273,-76.8205413377,-53.944402681,-38.912244694,-27.3007411024,-21.8837418586,-17.0650297542,-12.8390984664,-8.05927660538,-6.66635485465,-4.21791137426,-1.42986046917,0.513698705469,3.0830817672,3.11696671024,5.36637912459,3.52290205543,4.41197149287,7.72778629677,9.22026285608	3	hyperbolic	0.04	132000,,
143019	0.0,1.0,2.0,3.0,4.0,5.0,6.0,7.0,8.0,9.0,10.0,11.0,12.0,13.0,14.0,15.0,16.0,17.0,18.0,19.0	-80.2258168748,-29.0564575067,-5.13271980792,10.6985438217,20.3612261507,26.4223052189,32.4010890282,36.0573605782,39.3816768644,42.789238905,43.7143882752,47.6297403737,49.3981527045,49.8423013574,50.9574691887,51.4232477322,52.0783718204,53.9300150204,53.7350068733,57.1522289033	3	hyperbolic	0.04	132000,,
143598	0.0,1.0,2.0,3.0,4.0,5.0,6.0,7.0,8.0,9.0,10.0,11.0,12.0,13.0,14.0,15.0,16.0,17.0,18.0,19.0	-86.8993875137,-39.4892722077,-14.4525216013,3.36653942039,11.1483980648,18.5054572691,24.062576457,28.1258524637,30.6248695916,35.7499957393,35.8076217904,38.8824272184,42.136523412,42.2139164579,42.9000344775,43.7666004397,45.0808417005,46.941857194,46.4516701847,46.0259198151	3	hyperbolic	0.04	132000,,
141906	0.0,1.0,2.0,3.0,4.0,5.0,6.0,7.0,8.0,9.0,10.0,11.0,12.0,13.0,14.0,15.0,16.0,17.0,18.0,19.0	-89.3132747172,-41.1025756125,-16.5850519342,-1.70170487035,8.40259522544,16.4566737553,23.1629609623,24.5893016671,28.4050131428,31.2951686511,35.8492445444,35.3230980445,37.5679713595,37.8887240152,39.8220103955,40.8365284894,41.3934361336,43.4776178387,45.9329112388,45.4817986624	3	hyperbolic	0.04	132000,,
143923	0.0,1.0,2.0,3.0,4.0,5.0,6.0,7.0,8.0,9.0,10.0,11.0,12.0,13.0,14.0,15.0,16.0,17.0,18.0,19.0	-130.660242197,-82.8580831116,-56.9093907048,-40.9606986913,-33.5346171829,-24.3897979388,-20.2284245606,-16.8122518766,-12.9525200918,-9.56238291624,-5.56770156264,-4.38798363913,-5.15170050604,-1.65524508334,-2.02605146422,0.00454296953828,2.75123603516,1.40505017423,3.29856997496,4.25289876679	3	hyperbolic	0.04	132000,,
143244	0.0,1.0,2.0,3.0,4.0,5.0,6.0,7.0,8.0,9.0,10.0,11.0,12.0,13.0,14.0,15.0,16.0,17.0,18.0,19.0	-66.6996347075,-18.2672048538,6.93543432305,22.1733970214,32.8628420215,38.2266082376,44.9760823203,48.7405654248,52.9249998706,55.9506277777,55.9323447562,58.2953495683,59.8200641283,62.2396208501,64.1705778749,65.6977860402,66.1647925379,66.2863841233,67.0945149314,68.6755544064	3	hyperbolic	0.04	132000,,
140188	0.0,1.0,2.0,3.0,4.0,5.0,6.0,7.0,8.0,9.0,10.0,11.0,12.0,13.0,14.0,15.0,16.0,17.0,18.0,19.0	6.49519413615,58.8436785618,80.8585549161,96.7903830318,106.62207957,113.291812256,121.241459808,125.077287867,127.640490704,131.686705549,130.774350194,132.628523117,135.87318553,136.829185937,137.375125483,140.254783943,139.323804329,140.336838389,141.278032919,144.419944854	3	hyperbolic	0.04	132000,,
141800	0.0,1.0,2.0,3.0,4.0,5.0,6.0,7.0,8.0,9.0,10.0,11.0,12.0,13.0,14.0,15.0,16.0,17.0,18.0,19.0	-108.578389469,-59.5266729904,-31.4757507264,-17.3509039428,-8.62234740121,0.451360974671,4.55997017688,7.49888557105,11.0771885176,13.3236476781,18.0719852166,19.1272460028,20.277790658,21.1612655894,24.7518896955,23.6991051888,24.1508486384,27.2575806708,25.2615937721,29.1752729863	3	hyperbolic	0.04	132000,,
140279	0.0,1.0,2.0,3.0,4.0,5.0,6.0,7.0,8.0,9.0,10.0,11.0,12.0,13.0,14.0,15.0,16.0,17.0,18.0,19.0	105.741117188,157.876132502,180.219986304,198.312599939,205.614427617,212.588882022,218.717829381,221.944518692,225.506422369,230.370395116,233.115716696,234.499054793,236.606262252,236.385517846,239.379695099,239.516089778,239.814883248,240.754641176,242.305574382,240.814115384	3	hyperbolic	0.04	132000,,
143565	0.0,1.0,2.0,3.0,4.0,5.0,6.0,7.0,8.0,9.0,10.0,11.0,12.0,13.0,14.0,15.0,16.0,17.0,18.0,19.0	1.5454925985,51.0027268407,78.0949282506,90.4947144574,101.003111188,109.592592729,114.177421945,120.127255247,122.525006737,123.937022143,126.406865883,128.492306013,132.024506822,132.994050477,133.874130583,132.665318426,135.432313333,137.026881779,137.805801378,137.004207544	3	hyperbolic	0.04	132000,,
143725	0.0,1.0,2.0,3.0,4.0,5.0,6.0,7.0,8.0,9.0,10.0,11.0,12.0,13.0,14.0,15.0,16.0,17.0,18.0,19.0	103.208299255,151.330631182,176.439726072,191.140038155,201.596266199,210.477817122,216.51674623,218.623341222,222.408885306,226.964006578,228.648776302,230.13956615,229.692035912,232.552771332,235.414572592,233.682427406,234.99791317,235.914124358,239.007564785,238.082816121	3	hyperbolic	0.04	132000,,
141617	0.0,1.0,2.0,3.0,4.0,5.0,6.0,7.0,8.0,9.0,10.0,11.0,12.0,13.0,14.0,15.0,16.0,17.0,18.0,19.0	-21.9442207001,28.5656716872,52.9939015581,69.9034506383,77.5214491174,84.6663549146,89.8254495765,94.4327013928,99.2875423778,102.045540166,103.307453772,106.027220362,108.109318385,107.514519044,110.366035903,112.545079339,111.982275825,113.014218941,112.638306516,114.853190734	3	hyperbolic	0.04	132000,,
143044	0.0,1.0,2.0,3.0,4.0,5.0,6.0,7.0,8.0,9.0,10.0,11.0,12.0,13.0,14.0,15.0,16.0,17.0,18.0,19.0	-89.8819579591,-38.2244712476,-15.3492592492,2.29342214498,9.48019439129,17.0977748474,22.2905743121,26.4011151736,31.0829326564,34.6927214238,34.1894332592,36.7167200625,39.9715776226,39.5715522166,43.0140196037,42.3690340511,44.3135026974,43.294896662,45.3089441184,44.8490920901	3	hyperbolic	0.04	132000,,
141520	0.0,1.0,2.0,3.0,4.0,5.0,6.0,7.0,8.0,9.0,10.0,11.0,12.0,13.0,14.0,15.0,16.0,17.0,18.0,19.0	93.9896688033,142.18650258,168.871307164,184.165157315,194.11024356,199.861418751,204.74729643,208.898360287,214.048292088,214.767850234,216.589963947,219.669389392,219.639987293,222.721132905,223.634420778,224.024310361,225.46960635,226.412311861,226.734154747,229.720852907	3	hyperbolic	0.04	132000,,
141519	0.0,1.0,2.0,3.0,4.0,5.0,6.0,7.0,8.0,9.0,10.0,11.0,12.0,13.0,14.0,15.0,16.0,17.0,18.0,19.0	-91.1430727827,-41.4972118698,-18.8392655639,-4.03452545346,5.80199522269,15.7338429251,21.5361985443,24.5498535135,27.678473624,30.99350519,31.6054319642,33.2639904103,37.3729839405,38.2474967125,39.9846088675,41.2911404435,41.8037247431,40.6387487847,41.2318420917,43.319763665	3	hyperbolic	0.04	132000,,
140302	0.0,1.0,2.0,3.0,4.0,5.0,6.0,7.0,8.0,9.0,10.0,11.0,12.0,13.0,14.0,15.0,16.0,17.0,18.0,19.0	50.6301232225,101.937016758,127.405996526,140.857578288,152.788821552,159.042446691,162.417849774,168.219354948,171.515814222,175.435739254,175.186667676,178.852999987,181.715140106,180.72768863,184.45914377,184.264923128,184.992782203,186.341612946,184.878364227,188.386708882	3	hyperbolic	0.04	132000,,
143609	0.0,1.0,2.0,3.0,4.0,5.0,6.0,7.0,8.0,9.0,10.0,11.0,12.0,13.0,14.0,15.0,16.0,17.0,18.0,19.0	-22.1439551431,26.2836932008,53.3690891199,69.6409543954,78.6491434217,83.6734980732,88.903104998,95.4027931315,99.5163736924,102.071366818,102.91762643,106.527606538,106.950241468,106.878305621,109.101118122,110.927740337,109.722317531,112.361224935,111.671992074,112.774484619	3	hyperbolic	0.04	132000,,
140534	0.0,1.0,2.0,3.0,4.0,5.0,6.0,7.0,8.0,9.0,10.0,11.0,12.0,13.0,14.0,15.0,16.0,17.0,18.0,19.0	111.103726756,160.834873259,186.904506599,201.607587086,210.52141383,218.635042076,223.603320106,229.311256733,231.612099364,232.397418493,236.449995022,238.554456591,239.688530437,241.577513798,242.157767743,242.83276755,246.165814912,245.241513769,245.782252572,246.010635758	3	hyperbolic	0.04	132000,,
140391	0.0,1.0,2.0,3.0,4.0,5.0,6.0,7.0,8.0,9.0,10.0,11.0,12.0,13.0,14.0,15.0,16.0,17.0,18.0,19.0	78.7815433162,129.359225228,152.981936161,170.330096958,180.823226852,187.627405194,191.930094863,194.853407915,197.668634993,200.206101109,203.205435895,205.06574037,206.208374908,210.661583682,210.954362836,210.481872402,212.340209247,211.772272533,213.925690619,215.485097357	3	hyperbolic	0.04	132000,,
143450	0.0,1.0,2.0,3.0,4.0,5.0,6.0,7.0,8.0,9.0,10.0,11.0,12.0,13.0,14.0,15.0,16.0,17.0,18.0,19.0	-75.0951470483,-24.6628448656,0.770536171208,17.6597181775,24.4307592048,32.8502339323,37.5907075617,41.3089129835,44.5250528765,47.924359299,50.0503478581,52.9963936418,56.1335304715,56.3575139977,58.3430324894,58.6075115267,60.8661895812,61.9900714456,62.5012406288,62.6770651655	3	hyperbolic	0.04	132000,,
141333	0.0,1.0,2.0,3.0,4.0,5.0,6.0,7.0,8.0,9.0,10.0,11.0,12.0,13.0,14.0,15.0,16.0,17.0,18.0,19.0	15.3131029126,66.004175289,90.5633966952,105.931943633,114.970504233,122.72676816,126.431548603,133.453872907,134.662120444,136.846416393,139.89180565,140.548822831,145.349831352,146.335924338,145.647871374,148.222875104,148.017452954,148.048380408,151.090533352,150.983734105	3	hyperbolic	0.04	132000,,
141396	0.0,1.0,2.0,3.0,4.0,5.0,6.0,7.0,8.0,9.0,10.0,11.0,12.0,13.0,14.0,15.0,16.0,17.0,18.0,19.0	105.925616783,158.386778165,182.8409304,195.338555326,205.71992556,213.097062257,220.218854982,223.127558474,228.540410546,228.82300196,231.886387422,234.491892588,234.724473209,237.225398271,237.421970684,240.103566462,241.138957785,241.975787018,240.232839946,243.245781083	3	hyperbolic	0.04	132000,,
140393	0.0,1.0,2.0,3.0,4.0,5.0,6.0,7.0,8.0,9.0,10.0,11.0,12.0,13.0,14.0,15.0,16.0,17.0,18.0,19.0	-16.141120159,31.7360823772,57.949464321,72.0023579124,83.185039449,88.7957714109,94.9465712207,97.959979179,103.035368459,104.964549472,108.123652121,108.310696338,110.929332765,113.817059711,115.190623168,113.657146575,115.16582123,118.387553657,119.167310281,120.330918327	3	hyperbolic	0.04	132000,,
142720	0.0,1.0,2.0,3.0,4.0,5.0,6.0,7.0,8.0,9.0,10.0,11.0,12.0,13.0,14.0,15.0,16.0,17.0,18.0,19.0	110.952619852,157.653899867,185.474081037,200.008021317,207.76956369,217.0396208,222.052558706,224.666654518,231.052580001,231.096518144,233.29022593,237.949844686,238.968542228,240.570772057,241.389870232,242.961892484,244.0903469,243.552202279,243.339746317,245.500984397	3	hyperbolic	0.04	132000,,
143534	0.0,1.0,2.0,3.0,4.0,5.0,6.0,7.0,8.0,9.0,10.0,11.0,12.0,13.0,14.0,15.0,16.0,17.0,18.0,19.0	-93.4275784999,-44.3334857236,-18.7658130818,-4.74964536084,7.28246719225,13.4124615657,18.3242227457,21.0155881207,25.041891951,29.3462392129,29.8573079974,31.5108533043,35.0908347856,35.0872453398,38.6933012724,38.1717230866,38.4536450889,41.0501932468,40.0021914531,42.9804855334	3	hyperbolic	0.04	132000,,
141851	0.0,1.0,2.0,3.0,4.0,5.0,6.0,7.0,8.0,9.0,10.0,11.0,12.0,13.0,14.0,15.0,16.0,17.0,18.0,19.0	89.5025951112,141.165888523,165.957361395,179.458989102,190.620158322,198.779608334,202.665340287,206.638080201,209.40021155,212.509150901,215.228958283,218.333070634,218.670415426,219.859177924,220.307046049,222.141865702,223.207040341,224.364102985,225.389866097,227.83957472	3	hyperbolic	0.04	132000,,
141926	0.0,1.0,2.0,3.0,4.0,5.0,6.0,7.0,8.0,9.0,10.0,11.0,12.0,13.0,14.0,15.0,16.0,17.0,18.0,19.0	-72.2576953766,-22.0776459892,4.22491656624,18.9031489489,28.4249912957,35.1695571905,39.9729498948,45.7517290876,46.9156380428,50.8682568365,53.0601721124,55.0463732692,57.2799191098,58.7835655052,59.0790313848,61.69068399,60.4773666896,61.1462681855,62.8031808208,63.9454421181	3	hyperbolic	0.04	132000,,
140068	0.0,1.0,2.0,3.0,4.0,5.0,6.0,7.0,8.0,9.0,10.0,11.0,12.0,13.0,14.0,15.0,16.0,17.0,18.0,19.0	-72.9038338733,-23.5695910765,1.31733988683,14.3451292477,25.6077706861,34.1121578392,39.8638198359,42.6499760482,44.3972718269,47.4768944296,50.3569998027,51.9991774041,54.3076035997,55.7031807168,58.4154844209,59.4257462794,57.4414834914,58.9342965023,60.587500831,62.1593924287	3	hyperbolic	0.04	132000,,
141585	0.0,1.0,2.0,3.0,4.0,5.0,6.0,7.0,8.0,9.0,10.0,11.0,12.0,13.0,14.0,15.0,16.0,17.0,18.0,19.0	54.4562622548,106.920215598,130.775135333,144.784124925,157.022391371,162.677112674,168.077557154,172.256152469,177.351286026,178.691764976,180.196253996,182.283896947,184.653549259,186.385748635,188.327225117,189.745800258,189.309702481,189.351896882,190.870635594,191.588231453	3	hyperbolic	0.04	132000,,
142927	0.0,1.0,2.0,3.0,4.0,5.0,6.0,7.0,8.0,9.0,10.0,11.0,12.0,13.0,14.0,15.0,16.0,17.0,18.0,19.0	-53.1449726773,-3.60542723683,22.9908766248,38.3619104519,47.2207321477,56.0570914079,59.9521064507,64.566780114,67.8948192566,69.579589595,72.1324430397,76.0206820634,76.0191556386,77.0403370696,79.4908719326,80.3235326598,79.5042994162,83.0349944467,82.3748239951,82.4880809064	3	hyperbolic	0.04	132000,,
143057	0.0,1.0,2.0,3.0,4.0,5.0,6.0,7.0,8.0,9.0,10.0,11.0,12.0,13.0,14.0,15.0,16.0,17.0,18.0,19.0	-10.8190863482,37.6920566453,63.6284293395,78.5725954514,90.0936268471,94.2129994012,101.63090936,106.648375731,107.565661893,110.882788275,115.184722251,114.989274472,117.509293306,117.162460042,118.902917082,121.477623343,120.228345564,124.068804868,125.101875818,123.833107942	3	hyperbolic	0.04	132000,,
143574	0.0,1.0,2.0,3.0,4.0,5.0,6.0,7.0,8.0,9.0,10.0,11.0,12.0,13.0,14.0,15.0,16.0,17.0,18.0,19.0	87.1086631695,136.622992643,163.885244157,177.220782174,186.071949562,194.373338079,199.687493724,205.457681219,206.631906768,208.459659143,210.813818142,212.533949032,215.040243612,215.762796719,217.739057346,218.611977893,220.664154201,219.869787096,223.259010968,221.81795352	3	hyperbolic	0.04	132000,,
141481	0.0,1.0,2.0,3.0,4.0,5.0,6.0,7.0,8.0,9.0,10.0,11.0,12.0,13.0,14.0,15.0,16.0,17.0,18.0,19.0	-36.1003239045,15.3944570508,39.1561780973,55.1426534647,65.5013132909,74.1730047871,77.0725471194,81.9063785999,85.0108141939,87.6623811613,89.9415842034,93.5776835336,94.2457590599,94.7912170749,97.6933297842,96.8790719149,99.2109838522,98.2679432071,100.431394179,99.6812048675	3	hyperbolic	0.04	132000,,
141567	0.0,1.0,2.0,3.0,4.0,5.0,6.0,7.0,8.0,9.0,10.0,11.0,12.0,13.0,14.0,15.0,16.0,17.0,18.0,19.0	-90.2380631953,-40.0909945681,-16.3328728461,0.358766886721,9.5814586772,15.4939604946,23.6447949393,25.6807220971,27.8097953535,31.1332861813,35.5600383894,35.8108457748,37.1300256352,38.7339677911,42.3276920412,42.948582295,41.3367897647,43.1640792961,43.2327043864,44.2328903325	3	hyperbolic	0.04	132000,,
141069	0.0,1.0,2.0,3.0,4.0,5.0,6.0,7.0,8.0,9.0,10.0,11.0,12.0,13.0,14.0,15.0,16.0,17.0,18.0,19.0	59.7172466091,110.14214505,135.092803852,149.545947067,159.691849549,165.406763219,169.938980538,174.843881967,178.182899312,179.936970293,183.637106325,187.19006852,188.901919652,187.967831986,190.087553941,190.867659981,192.441102279,193.005661215,192.345482593,193.951110504	3	hyperbolic	0.04	132000,,
141734	0.0,1.0,2.0,3.0,4.0,5.0,6.0,7.0,8.0,9.0,10.0,11.0,12.0,13.0,14.0,15.0,16.0,17.0,18.0,19.0	18.0534794463,70.0215338685,93.9140810788,108.743958483,118.226917674,126.010001925,131.312247513,135.498070026,139.072767614,142.490257985,143.922794155,145.399723447,147.7134171,151.064258577,150.869111251,151.387537653,154.24010491,152.451241487,153.172621224,156.887870393	3	hyperbolic	0.04	132000,,
140928	0.0,1.0,2.0,3.0,4.0,5.0,6.0,7.0,8.0,9.0,10.0,11.0,12.0,13.0,14.0,15.0,16.0,17.0,18.0,19.0	-36.0572218405,12.8163202368,39.3552064946,54.10500489,62.6756447487,70.0428593067,76.1202619226,80.9081182044,83.9685951654,88.7828993682,89.433122105,91.3151586596,92.7714169333,94.439050024,94.7323732927,97.1879009552,99.1086967915,100.07246692,99.6970354427,99.1573963288	3	hyperbolic	0.04	132000,,
141664	0.0,1.0,2.0,3.0,4.0,5.0,6.0,7.0,8.0,9.0,10.0,11.0,12.0,13.0,14.0,15.0,16.0,17.0,18.0,19.0	-81.8788382512,-32.6242977945,-7.88675508434,6.77872144565,17.488449242,24.0584672767,29.9943157381,34.3673506521,36.2533965333,38.9355214853,43.407124737,43.4394411338,45.513794011,47.6140123101,48.5444004572,49.5088111288,50.2556902055,50.3206732102,52.6479952156,53.7303029117	3	hyperbolic	0.04	132000,,
142979	0.0,1.0,2.0,3.0,4.0,5.0,6.0,7.0,8.0,9.0,10.0,11.0,12.0,13.0,14.0,15.0,16.0,17.0,18.0,19.0	-84.7820293389,-33.2431371278,-9.18832175557,5.11872030253,13.7578887526,22.672844988,29.010586262,31.6637918075,35.6856649023,37.9565988185,39.8412082627,40.2965221436,44.4653542997,46.5944550642,47.1506646871,47.5204102041,49.1245027102,51.0159492632,49.7273054699,52.1078811864	3	hyperbolic	0.04	132000,,
140132	0.0,1.0,2.0,3.0,4.0,5.0,6.0,7.0,8.0,9.0,10.0,11.0,12.0,13.0,14.0,15.0,16.0,17.0,18.0,19.0	-58.0887098976,-6.65970499566,18.3980867605,33.5998320736,42.694970717,50.4946455076,57.1949018747,60.6835086486,63.8656698299,64.3657412753,68.0614770868,71.3205969029,70.5750871878,72.4974204236,75.3301537453,76.6368276524,75.9275914171,78.1320929773,76.6874950644,79.7948514782	3	hyperbolic	0.04	132000,,
140406	0.0,1.0,2.0,3.0,4.0,5.0,6.0,7.0,8.0,9.0,10.0,11.0,12.0,13.0,14.0,15.0,16.0,17.0,18.0,19.0	48.952019181,98.2515776053,123.901085879,139.033226385,150.168192024,157.348328565,160.143094369,165.786568837,167.534227371,172.539411484,172.790415689,176.589464548,177.358240033,177.26793661,180.389104924,181.285877048,182.333295939,181.850166495,185.422645141,183.634765108	3	hyperbolic	0.04	132000,,
143500	0.0,1.0,2.0,3.0,4.0,5.0,6.0,7.0,8.0,9.0,10.0,11.0,12.0,13.0,14.0,15.0,16.0,17.0,18.0,19.0	-37.9064882484,12.5471734883,38.663808563,53.1564745581,63.7256982974,70.9725296166,75.3518303685,78.3303053813,83.6926888561,84.8704673814,87.6235328334,88.5408151948,90.6269649398,92.3469399486,95.5227274471,97.0222958702,96.3963762066,95.8846905806,96.3184710296,97.7942879015	3	hyperbolic	0.04	132000,,
143306	0.0,1.0,2.0,3.0,4.0,5.0,6.0,7.0,8.0,9.0,10.0,11.0,12.0,13.0,14.0,15.0,16.0,17.0,18.0,19.0	2.03254502185,51.6302523155,77.0366941019,93.1549448612,101.046642342,107.329276828,115.196908463,117.976402703,121.918737819,125.3392962,125.800770106,129.508015064,129.424865719,130.164147583,131.416000082,134.63517183,135.486771615,136.839794863,135.758743682,136.453603272	3	hyperbolic	0.04	132000,,
142251	0.0,1.0,2.0,3.0,4.0,5.0,6.0,7.0,8.0,9.0,10.0,11.0,12.0,13.0,14.0,15.0,16.0,17.0,18.0,19.0	-35.95414634,13.8453094393,37.3873337842,52.9255884177,64.9686224901,71.3735094302,75.1847085648,79.2878455191,83.5417269845,88.4192526144,88.0739468156,89.3409233942,91.0226055484,92.4233612223,96.2971353987,97.7216239113,97.485002084,97.1309470654,99.3597302363,98.9738441803	3	hyperbolic	0.04	132000,,
143469	0.0,1.0,2.0,3.0,4.0,5.0,6.0,7.0,8.0,9.0,10.0,11.0,12.0,13.0,14.0,15.0,16.0,17.0,18.0,19.0	-3.31255138163,47.5271518236,69.7620471756,84.5948590795,96.4817667221,104.091402265,108.35803586,114.061448229,117.466688907,117.293482232,122.587320029,121.330199398,125.721305125,125.253951382,127.727054922,126.865447683,128.744225781,131.467601618,131.775951802,130.830314705	3	hyperbolic	0.04	132000,,
142887	0.0,1.0,2.0,3.0,4.0,5.0,6.0,7.0,8.0,9.0,10.0,11.0,12.0,13.0,14.0,15.0,16.0,17.0,18.0,19.0	109.521343196,160.802440745,184.108557099,198.499787201,210.264350722,217.075992945,223.514013348,226.471671823,231.040247395,233.296357702,234.119881013,237.270933515,239.305815902,237.930744157,240.526677727,241.149992501,242.687721188,244.67364514,243.911299388,243.946124376	3	hyperbolic	0.04	132000,,
140640	0.0,1.0,2.0,3.0,4.0,5.0,6.0,7.0,8.0,9.0,10.0,11.0,12.0,13.0,14.0,15.0,16.0,17.0,18.0,19.0	-112.365682907,-63.7949622822,-38.086431211,-21.9389897152,-12.8961286627,-6.03375229084,-2.28158800343,3.87323764487,8.36601364952,9.29476314445,13.4316577326,12.6985162595,13.8812985434,15.4015636381,16.7162861368,18.6813667506,18.9004252272,21.4874064205,22.8986477092,24.1145689669	3	hyperbolic	0.04	132000,,
143514	0.0,1.0,2.0,3.0,4.0,5.0,6.0,7.0,8.0,9.0,10.0,11.0,12.0,13.0,14.0,15.0,16.0,17.0,18.0,19.0	55.8617899028,104.927751791,133.08738458,145.36489514,156.018437226,163.028160617,169.14964126,172.506693228,175.074101087,180.26217453,182.206668504,183.045912914,184.180911138,187.9194791,186.218148495,187.48261438,188.642502513,191.641108584,192.873277851,191.446518971	3	hyperbolic	0.04	132000,,
140337	0.0,1.0,2.0,3.0,4.0,5.0,6.0,7.0,8.0,9.0,10.0,11.0,12.0,13.0,14.0,15.0,16.0,17.0,18.0,19.0	122.336103283,171.798810683,196.742382064,209.406785715,221.209470714,228.960486881,233.491354577,238.337227289,242.347064303,241.977721537,244.880278775,247.209178281,250.754639827,250.594773954,251.87614177,254.054975196,254.090534159,256.682622845,255.135865014,257.187987936	3	hyperbolic	0.04	132000,,
140605	0.0,1.0,2.0,3.0,4.0,5.0,6.0,7.0,8.0,9.0,10.0,11.0,12.0,13.0,14.0,15.0,16.0,17.0,18.0,19.0	85.4656677838,138.49146647,162.286557699,176.779305851,187.630517038,195.412965159,197.779851289,204.110284451,206.270370876,209.926064261,210.324643145,213.159786769,214.868202367,215.522117298,216.55501539,220.331579732,221.328630911,220.853657264,223.015493125,221.751509909	3	hyperbolic	0.04	132000,,
140877	0.0,1.0,2.0,3.0,4.0,5.0,6.0,7.0,8.0,9.0,10.0,11.0,12.0,13.0,14.0,15.0,16.0,17.0,18.0,19.0	-60.0944297932,-10.5656146478,14.1894325546,31.2560967399,42.18182521,49.2480283495,54.799153486,58.6270562689,62.1039965249,63.9411643657,67.376886807,66.7660161946,68.6135669141,71.5838879047,73.5983800963,74.3989506069,73.3607790741,74.0320898047,74.7302605988,77.6868394463	3	hyperbolic	0.04	132000,,
141312	0.0,1.0,2.0,3.0,4.0,5.0,6.0,7.0,8.0,9.0,10.0,11.0,12.0,13.0,14.0,15.0,16.0,17.0,18.0,19.0	11.7874123385,60.2157248595,86.4383414836,101.749184753,109.853141516,117.676646762,125.35167396,128.498976206,130.22980085,135.215447817,135.352864744,138.017245848,138.485685111,139.892232356,143.050349183,144.46269839,143.7712617,146.707787191,147.414340636,146.065717636	3	hyperbolic	0.04	132000,,
142755	0.0,1.0,2.0,3.0,4.0,5.0,6.0,7.0,8.0,9.0,10.0,11.0,12.0,13.0,14.0,15.0,16.0,17.0,18.0,19.0	-76.6150035118,-27.5519237333,-3.28051450245,12.504997086,21.3393461044,29.3916450806,33.6142772363,38.9478293053,44.167611004,45.0404218904,48.7747662521,49.5999031125,50.3712008285,54.3830511367,55.708019878,56.5695046667,55.1566481051,56.649845174,57.1744577061,58.8905927133	3	hyperbolic	0.04	132000,,
143909	0.0,1.0,2.0,3.0,4.0,5.0,6.0,7.0,8.0,9.0,10.0,11.0,12.0,13.0,14.0,15.0,16.0,17.0,18.0,19.0	-54.9238940086,-6.31072459563,18.0544354615,35.3999646388,43.054548822,52.7291158618,55.9628326249,61.5294462508,65.740275183,67.0090758258,70.5926252132,72.5477242443,72.474861226,75.110265232,76.8413215869,78.020729415,77.746772135,80.2882801289,79.9482796558,79.888520457	3	hyperbolic	0.04	132000,,
142203	0.0,1.0,2.0,3.0,4.0,5.0,6.0,7.0,8.0,9.0,10.0,11.0,12.0,13.0,14.0,15.0,16.0,17.0,18.0,19.0	7.92059181777,58.6154185875,83.7421103291,96.5165948445,106.516527225,113.296725625,120.270439703,122.539828874,128.081390842,129.542326661,133.992751542,135.340828183,134.510248347,136.46147046,137.31013714,140.756050321,142.267582423,141.860994363,143.424922642,142.712877114	3	hyperbolic	0.04	132000,,
140129	0.0,1.0,2.0,3.0,4.0,5.0,6.0,7.0,8.0,9.0,10.0,11.0,12.0,13.0,14.0,15.0,16.0,17.0,18.0,19.0	-87.6149507328,-37.1143531376,-12.3109518467,2.0759912516,13.8380555829,19.8372861889,26.3651320949,29.8651163019,34.2459778244,37.3671893472,38.4490458166,38.7051466757,41.7184240991,42.5013444226,44.0398862797,45.1291741054,46.91605731,47.2512994232,49.921034379,50.4752905921	3	hyperbolic	0.04	132000,,
404255	0.0,1.0,2.0,3.0,4.0,5.0,6.0,7.0,8.0,9.0,10.0,11.0,12.0,13.0,14.0,15.0,16.0,17.0,18.0,19.0	3.2097348002,1.62779582693,3.08110767943,4.98897459229,4.27208467326,4.2023731559,11.5968821069,15.9416513319,33.4465123928,48.867728939,77.8008847119,100.674924793,117.718696456,134.55457576,143.26883349,148.580663887,145.913653767,147.745040243,147.118761799,150.149723936	2	scurve	0.04	396000,,
406396	0.0,1.0,2.0,3.0,4.0,5.0,6.0,7.0,8.0,9.0,10.0,11.0,12.0,13.0,14.0,15.0,16.0,17.0,18.0,19.0	100.022304221,101.63565577,100.983054903,100.81374831,104.324345429,106.816754275,109.163122946,118.376206773,131.766070138,152.070515511,179.200714929,199.725287625,222.273210555,235.387183457,243.363383034,245.264300749,247.827563845,251.204978506,247.72192604,249.044326115	2	scurve	0.04	396000,,
406077	0.0,1.0,2.0,3.0,4.0,5.0,6.0,7.0,8.0,9.0,10.0,11.0,12.0,13.0,14.0,15.0,16.0,17.0,18.0,19.0	127.915848389,129.651624056,127.730348919,132.509218276,132.355619681,133.583998102,139.334326888,147.711053184,161.382781806,181.835651412,203.855651815,228.560740829,251.260606659,262.484119497,271.778573546,272.888474161,275.981628594,276.621643585,278.088060449,281.998553197	2	scurve	0.04	396000,,
405143	0.0,1.0,2.0,3.0,4.0,5.0,6.0,7.0,8.0,9.0,10.0,11.0,12.0,13.0,14.0,15.0,16.0,17.0,18.0,19.0	3.71254968556,3.99228401132,1.99704814044,2.46524173019,4.45651320387,4.47422346028,7.2237471203,16.1855560668,29.0726731985,48.7618371316,73.6552517108,99.1570045698,118.524064465,134.42796324,139.382058445,146.495839884,148.355341677,148.249744061,152.911447332,151.248721186	2	scurve	0.04	396000,,
406673	0.0,1.0,2.0,3.0,4.0,5.0,6.0,7.0,8.0,9.0,10.0,11.0,12.0,13.0,14.0,15.0,16.0,17.0,18.0,19.0	-68.1466118831,-71.9282770984,-69.5723450008,-71.4967203168,-65.0802314823,-67.9044338749,-63.1374590327,-54.4682694984,-40.7727787747,-17.8618253211,5.49358036181,29.3430072271,47.5634277329,64.4611970319,68.3211286873,72.5281170809,78.8437724159,80.6582497554,77.9741796265,81.7492412168	2	scurve	0.04	396000,,
406240	0.0,1.0,2.0,3.0,4.0,5.0,6.0,7.0,8.0,9.0,10.0,11.0,12.0,13.0,14.0,15.0,16.0,17.0,18.0,19.0	-53.0045613185,-57.1547585531,-52.7046195971,-57.6814305458,-52.3403535369,-52.9773439719,-49.034111477,-39.1362881312,-27.3047560146,-9.18143419736,19.9749453884,47.029944036,64.202657547,77.7480527996,87.4514941666,91.6068211039,88.9271444568,95.3688512411,96.71957504,93.1539793762	2	scurve	0.04	396000,,
405986	0.0,1.0,2.0,3.0,4.0,5.0,6.0,7.0,8.0,9.0,10.0,11.0,12.0,13.0,14.0,15.0,16.0,17.0,18.0,19.0	-29.2358385908,-29.9811437122,-30.0984615804,-28.5986386544,-24.2575868754,-22.3022512769,-21.3372045318,-9.21793580755,0.545142102057,23.0671084121,43.9405977657,73.7713779106,91.6070136851,106.847822806,115.99026346,117.173924492,120.859728175,123.56976749,119.774527048,123.157212318	2	scurve	0.04	396000,,
404908	0.0,1.0,2.0,3.0,4.0,5.0,6.0,7.0,8.0,9.0,10.0,11.0,12.0,13.0,14.0,15.0,16.0,17.0,18.0,19.0	85.4862989986,85.6030072726,85.9996212559,81.7709697371,82.0527050619,89.9700537169,93.35838269,98.262030552,113.982650656,131.830477594,155.439819927,180.990128404,202.106889344,216.931280576,224.807791863,227.845889245,230.626044595,232.27863924,233.251587542,232.218621192	2	scurve	0.04	396000,,
407911	0.0,1.0,2.0,3.0,4.0,5.0,6.0,7.0,8.0,9.0,10.0,11.0,12.0,13.0,14.0,15.0,16.0,17.0,18.0,19.0	-112.339421766,-108.819415882,-113.042493072,-113.450256124,-109.131085443,-109.826977192,-102.14603193,-94.6327219137,-79.2248342727,-60.4550527733,-36.1094540916,-13.6839867111,9.16133352559,21.7536520889,27.7245978334,30.3435484822,38.6271643278,39.5758362671,40.3913917698,37.0291370998	2	scurve	0.04	396000,,
407305	0.0,1.0,2.0,3.0,4.0,5.0,6.0,7.0,8.0,9.0,10.0,11.0,12.0,13.0,14.0,15.0,16.0,17.0,18.0,19.0	118.764477227,118.985527454,118.605064223,120.825483632,123.480414915,125.843740752,128.919408143,134.901240223,148.477339841,173.945298443,196.545278926,219.517100361,243.368446982,255.496206173,260.549077885,265.993663543,266.363260781,267.366110107,270.237074776,268.729933547	2	scurve	0.04	396000,,
407971	0.0,1.0,2.0,3.0,4.0,5.0,6.0,7.0,8.0,9.0,10.0,11.0,12.0,13.0,14.0,15.0,16.0,17.0,18.0,19.0	-104.086338601,-102.7432455,-104.661172103,-103.178698202,-104.422461757,-103.725535332,-95.0976835219,-86.7577665567,-73.0317402272,-52.3870202495,-29.8357967632,-7.7673951753,15.1990661991,27.599865277,38.5741791886,38.3095978565,42.0379223073,45.1270601893,42.5728102554,42.2731150293	2	scurve	0.04	396000,,
405746	0.0,1.0,2.0,3.0,4.0,5.0,6.0,7.0,8.0,9.0,10.0,11.0,12.0,13.0,14.0,15.0,16.0,17.0,18.0,19.0	133.660220048,132.038054898,132.027278148,131.701912226,133.990953595,138.081884845,139.103372422,149.695133545,166.344066899,185.002155026,208.106453925,234.030388906,255.200905037,263.478547949,274.170815046,276.305612769,278.57572263,278.956926343,282.774832438,282.811969118	2	scurve	0.04	396000,,
405163	0.0,1.0,2.0,3.0,4.0,5.0,6.0,7.0,8.0,9.0,10.0,11.0,12.0,13.0,14.0,15.0,16.0,17.0,18.0,19.0	-99.928030392,-98.1685963885,-102.324717041,-102.004886405,-97.4630435797,-94.7812695013,-93.820520705,-85.8728987895,-72.5972716169,-49.5468499021,-24.3560990016,1.54813715025,19.3825490716,36.5229012479,41.5599482311,42.6484520754,46.4927025938,51.9800196231,46.8262627032,51.6001820587	2	scurve	0.04	396000,,
404013	0.0,1.0,2.0,3.0,4.0,5.0,6.0,7.0,8.0,9.0,10.0,11.0,12.0,13.0,14.0,15.0,16.0,17.0,18.0,19.0	121.364517368,122.01745221,125.931397613,126.250473965,127.381416527,126.606894726,130.175391485,142.699120731,152.362764768,173.104636317,196.631863222,224.320910113,240.214301503,257.115287211,261.728060339,265.551044056,273.133069275,270.201964832,270.311815561,273.679308205	2	scurve	0.04	396000,,
406106	0.0,1.0,2.0,3.0,4.0,5.0,6.0,7.0,8.0,9.0,10.0,11.0,12.0,13.0,14.0,15.0,16.0,17.0,18.0,19.0	-4.45769729665,-8.49351591293,-6.31601171128,-8.75767531182,-4.45750213952,-2.60037950092,4.11008747196,8.62582749591,21.1253778744,44.0209015634,68.0452911544,91.1792710715,111.50339412,124.894517501,132.547661817,138.184903342,138.410365539,139.892867909,140.281840295,142.421381437	2	scurve	0.04	396000,,
405208	0.0,1.0,2.0,3.0,4.0,5.0,6.0,7.0,8.0,9.0,10.0,11.0,12.0,13.0,14.0,15.0,16.0,17.0,18.0,19.0	-107.319012225,-108.737295448,-105.467506047,-108.564084632,-108.007707216,-101.268525133,-96.2542675671,-88.6988417454,-79.3943378876,-58.5205738381,-33.4126656233,-8.9174854698,15.6945084437,29.044321414,37.0179482424,36.8160411873,39.6316585078,40.3389769483,42.5880690386,44.1029011518	2	scurve	0.04	396000,,
407697	0.0,1.0,2.0,3.0,4.0,5.0,6.0,7.0,8.0,9.0,10.0,11.0,12.0,13.0,14.0,15.0,16.0,17.0,18.0,19.0	-129.375164516,-126.786837097,-126.870511591,-126.605477072,-126.31569283,-121.219112701,-118.979094237,-110.433907864,-100.804024149,-80.447630705,-53.4346085358,-27.4580560517,-11.0468585877,2.61982316746,9.67422608515,16.1415799513,19.096948512,19.0373564786,20.1228780468,22.222545938	2	scurve	0.04	396000,,
405611	0.0,1.0,2.0,3.0,4.0,5.0,6.0,7.0,8.0,9.0,10.0,11.0,12.0,13.0,14.0,15.0,16.0,17.0,18.0,19.0	124.516469914,123.450217124,122.399261633,124.591397291,126.644098425,126.101309776,133.303629028,138.168344375,153.754503382,168.915029647,194.46657159,222.572436578,240.690420123,254.493520264,266.152476089,267.466703048,269.424147921,269.69701424,270.094300797,274.170122972	2	scurve	0.04	396000,,
404185	0.0,1.0,2.0,3.0,4.0,5.0,6.0,7.0,8.0,9.0,10.0,11.0,12.0,13.0,14.0,15.0,16.0,17.0,18.0,19.0	86.9162683799,88.2716696205,86.9117835176,90.8153789095,93.6332215844,96.5710633646,96.6802565537,103.072398497,116.877372709,136.832738959,163.38230805,191.387406656,207.398561164,219.847560451,232.253397861,236.305459273,236.434443724,237.820960909,235.73329573,236.400935703	2	scurve	0.04	396000,,
407109	0.0,1.0,2.0,3.0,4.0,5.0,6.0,7.0,8.0,9.0,10.0,11.0,12.0,13.0,14.0,15.0,16.0,17.0,18.0,19.0	46.3608420945,47.1285702131,48.9232261468,50.5831266291,47.7482671576,50.1233648639,54.6387051668,61.0926008369,75.4036071792,98.4761096867,120.458145716,146.486543652,167.946467783,181.965256991,185.30899639,192.423921986,193.972502711,194.359289845,196.111617989,198.258129577	2	scurve	0.04	396000,,
404441	0.0,1.0,2.0,3.0,4.0,5.0,6.0,7.0,8.0,9.0,10.0,11.0,12.0,13.0,14.0,15.0,16.0,17.0,18.0,19.0	-70.4597026451,-75.6164695364,-70.5139047886,-72.3499924423,-71.4183908117,-69.3380597351,-62.8306238122,-59.2163422796,-40.6811757974,-24.1245063501,-0.488070683222,27.4369920369,43.7717357495,56.6810705561,69.3834099841,73.0721689245,76.3377510694,74.6004153532,75.1456951534,73.2602770314	2	scurve	0.04	396000,,
404321	0.0,1.0,2.0,3.0,4.0,5.0,6.0,7.0,8.0,9.0,10.0,11.0,12.0,13.0,14.0,15.0,16.0,17.0,18.0,19.0	-0.0519735844476,-2.27169687184,-0.0846934757822,-3.0646762933,-2.4494288645,4.07655995014,6.91669873981,14.2034236271,26.6742372529,45.9776790765,74.6794713505,98.5977076406,113.911179604,127.461727576,141.196345943,139.927862958,143.506009087,148.13297239,145.911546814,146.37763786	2	scurve	0.04	396000,,
405780	0.0,1.0,2.0,3.0,4.0,5.0,6.0,7.0,8.0,9.0,10.0,11.0,12.0,13.0,14.0,15.0,16.0,17.0,18.0,19.0	34.7784017809,30.9695209604,29.9693347487,29.8665292212,32.2977584842,36.6595303255,43.9417960474,49.6432629507,65.0201942547,83.0099266666,108.249633397,132.892695715,154.917178364,164.696583103,175.670792576,176.047685579,182.17395775,180.265544889,181.188327787,179.025497483	2	scurve	0.04	396000,,
404075	0.0,1.0,2.0,3.0,4.0,5.0,6.0,7.0,8.0,9.0,10.0,11.0,12.0,13.0,14.0,15.0,16.0,17.0,18.0,19.0	66.3516523072,66.9218055953,65.5318285022,63.4641974341,68.4509545082,71.2949319167,73.843091917,80.5175831176,96.3296601868,111.905251104,136.587663219,167.787376613,183.136739034,201.045409894,204.629872425,212.760504229,209.971909748,212.618287197,211.62070467,211.355316041	2	scurve	0.04	396000,,
406388	0.0,1.0,2.0,3.0,4.0,5.0,6.0,7.0,8.0,9.0,10.0,11.0,12.0,13.0,14.0,15.0,16.0,17.0,18.0,19.0	100.959091172,101.343241324,101.152863164,99.2846527907,99.613564383,103.903237881,106.067659813,119.004362674,130.226199382,148.599495128,177.649654885,201.606079875,219.761752887,230.187688348,242.881012304,247.718198057,244.842586607,251.698768591,248.009648728,250.269384393	2	scurve	0.04	396000,,
404732	0.0,1.0,2.0,3.0,4.0,5.0,6.0,7.0,8.0,9.0,10.0,11.0,12.0,13.0,14.0,15.0,16.0,17.0,18.0,19.0	-50.4975165287,-49.2848027929,-50.4194526063,-48.063100479,-47.9205331614,-46.6959750146,-45.3867231265,-38.167367613,-23.1539161994,-3.38311719809,24.1296853132,46.6682149166,70.6630699865,84.4444265547,86.6610590179,92.7453632469,98.2422037499,96.5023224254,99.4336004286,95.5452141545	2	scurve	0.04	396000,,
406690	0.0,1.0,2.0,3.0,4.0,5.0,6.0,7.0,8.0,9.0,10.0,11.0,12.0,13.0,14.0,15.0,16.0,17.0,18.0,19.0	-139.097978991,-136.832317764,-136.507995265,-136.201903375,-137.186908893,-131.456009567,-130.983175307,-118.569005036,-108.454161288,-85.9527714855,-64.072045341,-35.0934601113,-20.1955145741,-2.68163253319,0.68180344964,8.8736697612,7.2099158172,12.8123675277,11.9429756469,9.19620095426	2	scurve	0.04	396000,,
407219	0.0,1.0,2.0,3.0,4.0,5.0,6.0,7.0,8.0,9.0,10.0,11.0,12.0,13.0,14.0,15.0,16.0,17.0,18.0,19.0	70.1378713115,73.1626300772,68.8757270878,72.0272708446,69.663733771,76.8712014908,79.9811656975,87.8172451912,96.430856297,119.583917411,144.037697796,168.645932946,188.264634126,201.034006252,212.436527671,217.785753088,217.97046416,218.912713752,221.570217671,222.149375267	2	scurve	0.04	396000,,
407423	0.0,1.0,2.0,3.0,4.0,5.0,6.0,7.0,8.0,9.0,10.0,11.0,12.0,13.0,14.0,15.0,16.0,17.0,18.0,19.0	-18.7771060487,-22.5694010047,-19.1787869326,-21.0205107687,-19.8840472722,-14.7738463998,-10.1741413865,-5.97011062947,8.36009557501,27.4162270551,55.5551701725,81.479726481,98.1638723177,113.173743185,120.39627173,125.338695043,123.136083764,127.846721582,126.582868131,131.343245665	2	scurve	0.04	396000,,
406510	0.0,1.0,2.0,3.0,4.0,5.0,6.0,7.0,8.0,9.0,10.0,11.0,12.0,13.0,14.0,15.0,16.0,17.0,18.0,19.0	-23.4531924808,-22.4697989079,-22.8374196141,-19.7583238731,-20.5125651042,-17.827798378,-12.3487506225,-9.72828073803,5.96774764351,28.8950108152,48.2479012709,73.8678193561,97.3210111547,107.151190402,119.540956787,120.403720504,121.37774672,127.279404941,124.32229715,127.585460047	2	scurve	0.04	396000,,
405233	0.0,1.0,2.0,3.0,4.0,5.0,6.0,7.0,8.0,9.0,10.0,11.0,12.0,13.0,14.0,15.0,16.0,17.0,18.0,19.0	-18.5441872619,-19.9279312893,-20.3713749722,-14.2618941199,-14.9440168811,-13.6326635919,-12.5418650583,-3.82462847344,9.93964130587,30.0184043339,59.0322484124,84.2746535528,102.195265836,114.035347672,120.796676066,125.275361718,130.849459474,129.222989995,132.759444228,134.295128223	2	scurve	0.04	396000,,
405954	0.0,1.0,2.0,3.0,4.0,5.0,6.0,7.0,8.0,9.0,10.0,11.0,12.0,13.0,14.0,15.0,16.0,17.0,18.0,19.0	-89.4302913504,-91.8266342639,-92.7707884156,-92.2221317778,-90.5045636583,-89.4088234564,-82.1228821117,-76.1467718192,-63.3288713585,-38.7402124624,-16.4658447349,7.57929806938,26.7691706921,40.8959242487,49.5623859834,52.5620549369,56.6090569353,60.9374761343,60.358838699,61.0008125563	2	scurve	0.04	396000,,
404399	0.0,1.0,2.0,3.0,4.0,5.0,6.0,7.0,8.0,9.0,10.0,11.0,12.0,13.0,14.0,15.0,16.0,17.0,18.0,19.0	-91.5557106252,-86.8617103021,-89.472619813,-91.5403162859,-90.253556664,-87.5221677798,-79.2324786021,-76.251492185,-62.9764839174,-42.3375409961,-15.9396361585,10.1331320512,27.535763224,43.8589583705,50.7761440336,57.5100904807,60.5666819488,58.5917012384,62.0640676418,58.765058047	2	scurve	0.04	396000,,
405522	0.0,1.0,2.0,3.0,4.0,5.0,6.0,7.0,8.0,9.0,10.0,11.0,12.0,13.0,14.0,15.0,16.0,17.0,18.0,19.0	-140.995794677,-140.162926757,-141.60450392,-138.968324502,-136.741545567,-135.427042059,-129.194242258,-125.196113956,-110.339225776,-91.2138955153,-63.1620467883,-41.1139273905,-20.7120748928,-7.97238692577,1.67647063333,4.91537859604,10.5732772445,10.7425900166,12.821531403,12.471403903	2	scurve	0.04	396000,,
406114	0.0,1.0,2.0,3.0,4.0,5.0,6.0,7.0,8.0,9.0,10.0,11.0,12.0,13.0,14.0,15.0,16.0,17.0,18.0,19.0	65.9350807321,61.061521837,63.079625114,64.3776769305,63.8647248862,69.8788945743,72.9559055522,79.6293397212,91.7613337603,111.910636303,140.483784248,163.597445764,181.551777921,196.756255286,201.13193585,206.299296661,212.235720415,214.248166375,213.318634028,215.756297498	2	scurve	0.04	396000,,
407417	0.0,1.0,2.0,3.0,4.0,5.0,6.0,7.0,8.0,9.0,10.0,11.0,12.0,13.0,14.0,15.0,16.0,17.0,18.0,19.0	92.3413834033,93.045656295,92.9165372904,94.7162159119,99.3678719826,101.544886921,106.041624066,109.380929181,124.239459785,145.827630236,173.286911423,194.455852146,215.200272908,231.296425863,238.969078282,241.407428146,241.158970396,241.345200236,245.657828445,246.583317162	2	scurve	0.04	396000,,
407516	0.0,1.0,2.0,3.0,4.0,5.0,6.0,7.0,8.0,9.0,10.0,11.0,12.0,13.0,14.0,15.0,16.0,17.0,18.0,19.0	-138.599882304,-136.989314058,-138.750138761,-137.180463537,-132.155975331,-129.606942512,-124.81563743,-121.538920436,-109.238148426,-89.1666824232,-58.8576958436,-34.7173668862,-16.7212595318,-5.7954660765,5.61765067204,7.60347291804,13.5671018905,13.0185336255,12.6733601671,10.240772715	2	scurve	0.04	396000,,
404578	0.0,1.0,2.0,3.0,4.0,5.0,6.0,7.0,8.0,9.0,10.0,11.0,12.0,13.0,14.0,15.0,16.0,17.0,18.0,19.0	-25.3739745023,-26.2009558467,-25.9827663034,-27.7714524725,-25.1773721208,-21.2994922984,-16.8902814061,-13.8214395941,-0.233664122359,24.7892832177,47.3083854795,70.8987106311,90.3080580655,107.050760148,113.443704036,115.523358774,122.846331045,122.90940822,120.449038148,120.150592445	2	scurve	0.04	396000,,
405897	0.0,1.0,2.0,3.0,4.0,5.0,6.0,7.0,8.0,9.0,10.0,11.0,12.0,13.0,14.0,15.0,16.0,17.0,18.0,19.0	-0.939003540785,0.103020656873,-3.14351986067,2.57559492157,1.20229199658,5.92648919831,9.52549467721,15.7030156981,27.1257917327,46.6264711716,73.2219354645,97.5914029052,116.158963208,134.790557886,141.945809928,145.204238441,144.238015604,150.123393504,150.611427406,145.789695411	2	scurve	0.04	396000,,
406951	0.0,1.0,2.0,3.0,4.0,5.0,6.0,7.0,8.0,9.0,10.0,11.0,12.0,13.0,14.0,15.0,16.0,17.0,18.0,19.0	128.660122819,126.569657599,124.849262443,125.574682652,125.868742264,130.383028277,131.346757091,140.23116052,154.781566556,176.120071541,200.403969993,228.52360121,243.451321902,259.90831855,265.541623847,274.017831695,275.436867114,277.507024027,271.751023762,272.126538694	2	scurve	0.04	396000,,
406745	0.0,1.0,2.0,3.0,4.0,5.0,6.0,7.0,8.0,9.0,10.0,11.0,12.0,13.0,14.0,15.0,16.0,17.0,18.0,19.0	0.495124185429,-0.708455019562,1.71869529383,2.3491269522,1.86021567276,4.32443085985,5.17177675705,15.1814376113,29.0702566253,47.8959145083,70.1960253604,98.9201730721,118.223506112,134.294795131,138.216493587,142.631468026,148.997811404,149.222450939,144.444275014,148.455038281	2	scurve	0.04	396000,,
406756	0.0,1.0,2.0,3.0,4.0,5.0,6.0,7.0,8.0,9.0,10.0,11.0,12.0,13.0,14.0,15.0,16.0,17.0,18.0,19.0	-40.6383482342,-43.3328542226,-39.1694813175,-42.5285181985,-38.7538390866,-36.4540069421,-31.0331022076,-28.0487907073,-14.288046883,10.1274338195,35.9377321013,56.1087269382,76.8580445455,91.8956088357,101.381907088,102.05078437,105.17363617,106.611253608,106.680126384,105.025245777	2	scurve	0.04	396000,,
405392	0.0,1.0,2.0,3.0,4.0,5.0,6.0,7.0,8.0,9.0,10.0,11.0,12.0,13.0,14.0,15.0,16.0,17.0,18.0,19.0	-4.31729592077,1.48093717316,-1.99468610425,-2.13131405945,1.78445766104,1.31263910284,4.52005507014,12.4201422271,31.4595270873,50.6249249799,75.2584912751,96.2783191636,118.304170995,133.434503236,141.001658763,142.957379197,147.784099779,149.283527741,145.307783797,150.255212363	2	scurve	0.04	396000,,
404372	0.0,1.0,2.0,3.0,4.0,5.0,6.0,7.0,8.0,9.0,10.0,11.0,12.0,13.0,14.0,15.0,16.0,17.0,18.0,19.0	-91.3428986717,-89.2750370138,-94.4253670989,-90.2314263971,-90.7510593717,-84.7899762958,-84.2335063295,-77.2651445482,-64.536577255,-39.6955404207,-18.4534583663,7.82617288765,29.91819991,43.286496173,46.5463895168,54.3078506793,53.2471966745,57.6217718972,53.8330472904,56.2156766904	2	scurve	0.04	396000,,
406540	0.0,1.0,2.0,3.0,4.0,5.0,6.0,7.0,8.0,9.0,10.0,11.0,12.0,13.0,14.0,15.0,16.0,17.0,18.0,19.0	80.7652166757,83.0118603665,80.0259831321,85.389968821,87.2228586644,85.0491745,92.8463122899,96.6517117823,111.255578388,133.485447394,158.066619745,184.836517978,200.484815829,218.817159586,223.816477424,230.872838725,232.171336236,232.755345451,234.123203397,231.09844684	2	scurve	0.04	396000,,
406235	0.0,1.0,2.0,3.0,4.0,5.0,6.0,7.0,8.0,9.0,10.0,11.0,12.0,13.0,14.0,15.0,16.0,17.0,18.0,19.0	120.739411121,121.087424146,119.286035912,120.031031482,122.411321121,126.421994819,127.910861645,139.024421068,146.754772774,172.879785069,197.849940405,217.042392029,238.994025562,250.816688344,259.245886502,263.426084944,266.616000403,268.213074651,271.164582095,269.285686527	2	scurve	0.04	396000,,
404887	0.0,1.0,2.0,3.0,4.0,5.0,6.0,7.0,8.0,9.0,10.0,11.0,12.0,13.0,14.0,15.0,16.0,17.0,18.0,19.0	-41.0078741539,-41.7032750713,-40.9282593648,-40.9858503068,-42.1483095823,-37.283806157,-34.0158357057,-29.1351160632,-14.6337381346,8.53871418011,29.5321496668,57.4999124521,73.6575917191,88.6161143963,99.801021207,98.9972599069,104.050436828,107.488151349,106.52651327,105.69336173	2	scurve	0.04	396000,,
406337	0.0,1.0,2.0,3.0,4.0,5.0,6.0,7.0,8.0,9.0,10.0,11.0,12.0,13.0,14.0,15.0,16.0,17.0,18.0,19.0	-28.9358225629,-25.8572355449,-25.6677857141,-29.0878235612,-26.5011418738,-27.1664131073,-17.5608012253,-11.4599453037,0.395670198015,19.2288990759,49.2244437839,69.191742638,92.9394616891,103.660302435,110.353417681,116.823189914,119.865488456,117.915589542,118.884423659,122.719011815	2	scurve	0.04	396000,,
404893	0.0,1.0,2.0,3.0,4.0,5.0,6.0,7.0,8.0,9.0,10.0,11.0,12.0,13.0,14.0,15.0,16.0,17.0,18.0,19.0	-116.631283269,-113.657355576,-114.635385698,-115.340084458,-111.534924798,-113.495927029,-104.257897473,-102.092099409,-87.2272333473,-68.678060752,-40.8719147735,-13.2818400634,4.65328182299,15.9676521805,24.6212754022,31.1299664842,29.4872511709,35.462512377,32.3203530295,32.8700466902	2	scurve	0.04	396000,,
404899	0.0,1.0,2.0,3.0,4.0,5.0,6.0,7.0,8.0,9.0,10.0,11.0,12.0,13.0,14.0,15.0,16.0,17.0,18.0,19.0	-17.8730015569,-16.6121681753,-19.3168206077,-18.210935995,-16.7318712757,-12.6030530791,-10.3967445389,-0.434744602665,13.0863935159,30.5940969827,54.8872200181,83.2424211343,104.945195134,115.005646768,124.630209913,130.533449617,128.515649872,132.203154276,133.324999274,133.450142339	2	scurve	0.04	396000,,
406797	0.0,1.0,2.0,3.0,4.0,5.0,6.0,7.0,8.0,9.0,10.0,11.0,12.0,13.0,14.0,15.0,16.0,17.0,18.0,19.0	19.8139117688,20.5977119191,24.3262494766,24.0938821236,26.7520026133,26.6628949913,29.5932565569,38.5932809953,53.4130537657,72.9312137325,93.7146648299,118.514853521,139.092995879,157.227279837,159.520887749,167.713581037,170.119695364,167.198463386,172.25333577,173.054059842	2	scurve	0.04	396000,,
405800	0.0,1.0,2.0,3.0,4.0,5.0,6.0,7.0,8.0,9.0,10.0,11.0,12.0,13.0,14.0,15.0,16.0,17.0,18.0,19.0	69.7929452032,72.8453110658,73.1018234793,69.6881457113,71.5827057346,74.860326607,78.3710438142,84.202558762,97.5703762604,117.12307494,145.481898129,170.96628776,186.384365767,202.652013631,208.491514083,213.055671594,217.884708855,215.965099107,217.309675734,218.215762342	2	scurve	0.04	396000,,
405188	0.0,1.0,2.0,3.0,4.0,5.0,6.0,7.0,8.0,9.0,10.0,11.0,12.0,13.0,14.0,15.0,16.0,17.0,18.0,19.0	84.6560001895,85.6426442465,84.0848734066,88.6393753431,90.2532100151,88.0345646629,91.1947204958,103.667313429,118.391131151,135.509081507,161.498905683,183.017403911,205.540261257,217.94862454,225.673530799,230.79822285,232.935913378,233.062412344,232.148256752,236.196274767	2	scurve	0.04	396000,,
405165	0.0,1.0,2.0,3.0,4.0,5.0,6.0,7.0,8.0,9.0,10.0,11.0,12.0,13.0,14.0,15.0,16.0,17.0,18.0,19.0	89.257479056,89.3467309119,87.9540181178,88.5123177584,90.8635738059,94.1631661016,94.9071210214,100.160723102,113.900258165,136.837469251,159.502227274,185.928011641,207.503482267,218.704545894,225.67518196,230.332135956,232.38867809,236.309658071,238.090650154,237.797693834	2	scurve	0.04	396000,,
405662	0.0,1.0,2.0,3.0,4.0,5.0,6.0,7.0,8.0,9.0,10.0,11.0,12.0,13.0,14.0,15.0,16.0,17.0,18.0,19.0	48.3195449938,48.6267896303,52.8951245196,51.0439747392,54.3139166963,57.7508261265,61.7875031147,65.460024896,78.2134558205,98.7366136813,123.450335256,151.947632385,173.190661304,185.135454374,192.771980279,197.962807965,197.951783908,197.481330502,200.848561973,200.269681065	2	scurve	0.04	396000,,
405401	0.0,1.0,2.0,3.0,4.0,5.0,6.0,7.0,8.0,9.0,10.0,11.0,12.0,13.0,14.0,15.0,16.0,17.0,18.0,19.0	-135.613598011,-135.169170425,-130.839354648,-134.904293524,-132.109968935,-128.142150764,-122.522123515,-117.083028493,-106.548744834,-83.3671139027,-61.6391058581,-36.4486144702,-14.4623470558,1.71450304092,7.17020153434,11.7188631721,14.0808239274,14.3052253241,18.0826943744,18.8689483027	2	scurve	0.04	396000,,
407425	0.0,1.0,2.0,3.0,4.0,5.0,6.0,7.0,8.0,9.0,10.0,11.0,12.0,13.0,14.0,15.0,16.0,17.0,18.0,19.0	-112.479325528,-114.620793169,-109.347005979,-108.428988042,-112.806468002,-105.393445289,-100.01156348,-93.8710410653,-81.8950106605,-59.6263173882,-35.7250007473,-14.0528475094,5.3530624701,24.0792013418,30.6103831146,32.8750280405,36.6933773912,38.9050948299,40.4194918181,39.7584328496	2	scurve	0.04	396000,,
406977	0.0,1.0,2.0,3.0,4.0,5.0,6.0,7.0,8.0,9.0,10.0,11.0,12.0,13.0,14.0,15.0,16.0,17.0,18.0,19.0	28.3763656769,29.8199148195,32.0693073407,29.4695449473,34.2456457836,33.9581064727,42.0165950498,48.9356583927,62.8751981822,82.4388624809,103.645297494,133.359637059,147.013052333,166.379887914,171.888116204,177.024543086,176.353626987,180.068133868,182.593611324,178.223965183	2	scurve	0.04	396000,,
406869	0.0,1.0,2.0,3.0,4.0,5.0,6.0,7.0,8.0,9.0,10.0,11.0,12.0,13.0,14.0,15.0,16.0,17.0,18.0,19.0	-43.1353405421,-39.7308251401,-44.2176517379,-41.1867584696,-43.1916419055,-40.1449372633,-32.1898299576,-27.9354503545,-11.0803385643,5.77470414674,33.2544716657,56.4958212304,78.1287417886,91.3413329466,95.4391224044,102.600282299,105.845716839,107.583771004,108.194040412,106.632617689	2	scurve	0.04	396000,,
407744	0.0,1.0,2.0,3.0,4.0,5.0,6.0,7.0,8.0,9.0,10.0,11.0,12.0,13.0,14.0,15.0,16.0,17.0,18.0,19.0	-142.46403137,-145.793277784,-145.003521459,-144.669209984,-138.753420464,-141.297149078,-136.624644086,-129.267354577,-111.962103987,-92.8176398051,-68.4829584523,-43.1480912538,-22.3056721454,-6.79907851951,-3.82305803323,3.76798876916,2.74969588731,6.35595938401,4.57563893121,5.6988887809	2	scurve	0.04	396000,,
405349	0.0,1.0,2.0,3.0,4.0,5.0,6.0,7.0,8.0,9.0,10.0,11.0,12.0,13.0,14.0,15.0,16.0,17.0,18.0,19.0	-19.1012552184,-21.3322497517,-21.8094371257,-20.2316822348,-18.979959877,-15.0680340322,-15.1573875052,-7.25835782158,7.12894446523,28.7124061905,56.0772072536,81.2576673355,99.1745257555,110.949672698,122.027301387,123.908270503,127.351390445,126.517241722,131.705741702,127.920295655	2	scurve	0.04	396000,,
405076	0.0,1.0,2.0,3.0,4.0,5.0,6.0,7.0,8.0,9.0,10.0,11.0,12.0,13.0,14.0,15.0,16.0,17.0,18.0,19.0	-100.164525158,-98.0734985412,-95.2497290589,-96.1029269564,-94.2841597171,-94.1085077771,-91.0478666879,-82.3573173283,-69.5132394113,-45.2273455817,-20.2871684021,3.018054886,22.9428694689,35.5397262494,44.3125075858,47.0121420404,50.4951520661,51.3381340002,53.8763637746,51.6528784973	2	scurve	0.04	396000,,
407229	0.0,1.0,2.0,3.0,4.0,5.0,6.0,7.0,8.0,9.0,10.0,11.0,12.0,13.0,14.0,15.0,16.0,17.0,18.0,19.0	-21.4179517231,-21.9761400654,-20.269384786,-20.5186071089,-19.5870413512,-19.900512699,-13.2443652624,-7.18222945757,5.81132623061,26.7810550691,52.1038546615,78.1711157211,98.1708391829,108.885145454,114.668987581,120.048781584,121.999191922,127.309303994,127.206475872,126.845396452	2	scurve	0.04	396000,,
405082	0.0,1.0,2.0,3.0,4.0,5.0,6.0,7.0,8.0,9.0,10.0,11.0,12.0,13.0,14.0,15.0,16.0,17.0,18.0,19.0	92.3667157608,91.6024324909,95.318049773,91.3798610395,92.6096870896,94.5426852923,103.177097713,111.16188769,120.729898529,142.591897969,167.551977711,195.043810005,211.899839861,224.634429315,232.568056466,241.230649971,237.681889161,244.739307898,239.721561212,243.489699738	2	scurve	0.04	396000,,
405850	0.0,1.0,2.0,3.0,4.0,5.0,6.0,7.0,8.0,9.0,10.0,11.0,12.0,13.0,14.0,15.0,16.0,17.0,18.0,19.0	82.5814369773,83.7983071239,81.71557103,82.5432387273,83.6369389458,90.1912372784,93.9711507122,102.261567165,115.522899441,134.206657339,158.067308207,184.170437624,202.032990489,219.515505851,223.135641231,230.355867653,231.465147518,235.627541578,230.154323815,233.772173168	2	scurve	0.04	396000,,
406184	0.0,1.0,2.0,3.0,4.0,5.0,6.0,7.0,8.0,9.0,10.0,11.0,12.0,13.0,14.0,15.0,16.0,17.0,18.0,19.0	132.127382145,128.925530181,132.634970111,129.950233869,136.439949971,135.777881177,140.954844146,150.324992695,161.793194593,180.734082401,206.978354175,230.177254326,250.920379052,264.941367991,270.402804316,273.269932419,276.791062708,281.5724435,283.29950604,278.31713929	2	scurve	0.04	396000,,
405825	0.0,1.0,2.0,3.0,4.0,5.0,6.0,7.0,8.0,9.0,10.0,11.0,12.0,13.0,14.0,15.0,16.0,17.0,18.0,19.0	-12.9671611392,-10.6145212501,-8.68233347543,-9.71059437635,-11.1583050519,-9.04378769078,-3.34911311881,7.541533519,19.2835886391,36.9523388629,64.206709436,87.6254411223,109.945631117,121.573651221,127.777161022,132.795921583,137.253912182,134.88454558,135.260258163,135.793900747	2	scurve	0.04	396000,,
405882	0.0,1.0,2.0,3.0,4.0,5.0,6.0,7.0,8.0,9.0,10.0,11.0,12.0,13.0,14.0,15.0,16.0,17.0,18.0,19.0	16.578549917,16.2318844809,21.3358223345,17.0198449649,21.6718403658,22.6450029587,24.874115093,32.4426358305,45.4103217563,71.2903533253,96.299679595,117.75678457,139.803766983,149.726529364,161.052453247,167.048857024,166.958149412,170.076988951,169.786815733,165.415994969	2	scurve	0.04	396000,,
406671	0.0,1.0,2.0,3.0,4.0,5.0,6.0,7.0,8.0,9.0,10.0,11.0,12.0,13.0,14.0,15.0,16.0,17.0,18.0,19.0	-64.8056986751,-68.0201992737,-62.3044007377,-63.8282256114,-61.673193975,-59.4894013915,-60.0233978188,-47.1967891166,-34.7294520658,-13.4316199317,11.1161253217,32.3693117951,51.4931021222,70.4801130695,73.3456809532,81.8139416045,82.674800202,86.1627605389,86.4411626847,85.4765308075	2	scurve	0.04	396000,,
404690	0.0,1.0,2.0,3.0,4.0,5.0,6.0,7.0,8.0,9.0,10.0,11.0,12.0,13.0,14.0,15.0,16.0,17.0,18.0,19.0	-37.3230776456,-38.9915094414,-35.3549605788,-33.8453252394,-33.2084338308,-31.8870753391,-28.5028345735,-21.0537365548,-5.07999297802,13.4550198438,34.067566187,64.196834696,80.874177113,97.1240612444,103.518471967,105.166792115,106.6072789,113.52242075,113.74218887,108.572811027	2	scurve	0.04	396000,,
405191	0.0,1.0,2.0,3.0,4.0,5.0,6.0,7.0,8.0,9.0,10.0,11.0,12.0,13.0,14.0,15.0,16.0,17.0,18.0,19.0	29.2580202119,34.0223709847,32.0559863823,29.8781358662,33.6989216132,34.3115929408,36.6406202145,49.2848343265,58.7960220464,82.3379175743,106.859978672,128.647321673,150.843627104,166.697504273,174.70653931,174.924495843,180.43304077,178.53520291,178.96171156,181.885410721	2	scurve	0.04	396000,,
404977	0.0,1.0,2.0,3.0,4.0,5.0,6.0,7.0,8.0,9.0,10.0,11.0,12.0,13.0,14.0,15.0,16.0,17.0,18.0,19.0	62.1832180078,58.2677100442,59.4784477016,61.2836584142,62.1371598068,61.2655150743,68.7709414839,74.4226114249,90.6553135798,108.644795371,133.32361023,159.048309753,177.963309097,190.062973821,201.590827778,206.559424495,209.082949852,208.607854748,211.902378274,211.353947999	2	scurve	0.04	396000,,
406521	0.0,1.0,2.0,3.0,4.0,5.0,6.0,7.0,8.0,9.0,10.0,11.0,12.0,13.0,14.0,15.0,16.0,17.0,18.0,19.0	88.9565292312,87.6041455932,91.184953919,90.5459411144,94.9713720085,95.8632457035,101.568542145,105.493210182,116.637222658,137.159651572,165.061465673,186.954653442,210.382747273,224.07537677,229.22380426,232.481035762,238.973226661,239.010129361,239.376905026,238.313298063	2	scurve	0.04	396000,,
404047	0.0,1.0,2.0,3.0,4.0,5.0,6.0,7.0,8.0,9.0,10.0,11.0,12.0,13.0,14.0,15.0,16.0,17.0,18.0,19.0	1.09543431109,1.82821932883,1.87773667609,5.78211415065,6.19345744064,10.0806775896,12.4116092434,19.7564769217,34.7958586285,53.3744417855,75.9383189863,104.802493396,124.58070897,133.67587302,145.72539322,146.347307256,148.285925587,155.396349651,155.692937741,154.136286528	2	scurve	0.04	396000,,
404645	0.0,1.0,2.0,3.0,4.0,5.0,6.0,7.0,8.0,9.0,10.0,11.0,12.0,13.0,14.0,15.0,16.0,17.0,18.0,19.0	72.9495776405,72.2190056182,70.6827337051,74.7762349512,72.9306864849,74.9207404645,78.7591226516,89.1471957456,100.909971102,121.147602169,142.865585981,168.879654687,191.470544866,207.136033631,212.129577329,219.112270901,215.344993226,217.560154949,217.229644719,223.50813721	2	scurve	0.04	396000,,
407110	0.0,1.0,2.0,3.0,4.0,5.0,6.0,7.0,8.0,9.0,10.0,11.0,12.0,13.0,14.0,15.0,16.0,17.0,18.0,19.0	49.2717373322,45.4800053091,45.2397206111,44.117399363,50.1389378793,52.6902253995,52.4578259764,64.0272137878,77.1404797041,96.4594795578,123.924118465,146.112926206,167.949985746,180.102021592,188.504774226,194.047434704,190.872703799,194.918379845,194.991901834,195.425715806	2	scurve	0.04	396000,,
404252	0.0,1.0,2.0,3.0,4.0,5.0,6.0,7.0,8.0,9.0,10.0,11.0,12.0,13.0,14.0,15.0,16.0,17.0,18.0,19.0	70.6586336137,70.6339472566,74.7886912596,74.7881617969,74.7659112386,76.0345922107,80.8009699836,87.8776581776,104.287085688,124.856653605,147.37076284,170.395353064,191.283081735,207.056865262,211.790969492,215.790955522,217.434065795,217.816752919,224.349949052,222.374426411	2	scurve	0.04	396000,,
405301	0.0,1.0,2.0,3.0,4.0,5.0,6.0,7.0,8.0,9.0,10.0,11.0,12.0,13.0,14.0,15.0,16.0,17.0,18.0,19.0	-25.2281534087,-23.7605845912,-26.9377871513,-25.214849512,-25.078974507,-18.9548299952,-14.0949431788,-10.6031047301,2.43150318914,21.9496335155,48.4413712474,74.9615162528,95.7778141388,110.672710411,119.097995876,122.946993111,120.554924269,125.519365111,124.238086089,124.501634255	2	scurve	0.04	396000,,
404472	0.0,1.0,2.0,3.0,4.0,5.0,6.0,7.0,8.0,9.0,10.0,11.0,12.0,13.0,14.0,15.0,16.0,17.0,18.0,19.0	-96.771455428,-95.9701491119,-97.8537007511,-95.6680050505,-94.5311695663,-94.5400466256,-89.9820340183,-79.0709258175,-71.4331002332,-48.310890334,-24.2915988155,2.21490854934,20.2709225957,34.9816722251,39.9276008758,45.4596204918,51.955209361,46.6765287646,53.1665691014,48.0695634028	2	scurve	0.04	396000,,
406717	0.0,1.0,2.0,3.0,4.0,5.0,6.0,7.0,8.0,9.0,10.0,11.0,12.0,13.0,14.0,15.0,16.0,17.0,18.0,19.0	137.517221466,135.03644478,136.688253581,139.275460484,136.696174578,137.685609079,143.714309537,150.562333194,167.480730117,187.057161778,211.997487516,234.272833682,255.287183721,266.461220387,277.695068201,280.879412181,285.8033927,285.224861308,285.684748698,283.453792457	2	scurve	0.04	396000,,
406110	0.0,1.0,2.0,3.0,4.0,5.0,6.0,7.0,8.0,9.0,10.0,11.0,12.0,13.0,14.0,15.0,16.0,17.0,18.0,19.0	92.8149321562,89.0286153653,90.3032049029,95.1872633413,94.5228321695,93.5611159962,98.8158322944,110.519774687,122.673965478,141.098331455,167.916666218,191.498641536,210.941359611,227.826135272,231.92589955,236.980449742,239.142809115,240.830674052,238.394942935,244.014623079	2	scurve	0.04	396000,,
406637	0.0,1.0,2.0,3.0,4.0,5.0,6.0,7.0,8.0,9.0,10.0,11.0,12.0,13.0,14.0,15.0,16.0,17.0,18.0,19.0	-91.7843721271,-88.7474575391,-90.4492388973,-89.789208149,-88.2387801104,-82.5771922534,-79.8069905345,-73.2421741917,-57.2418720872,-41.5861708674,-16.4134970192,8.89473878057,27.5366386927,40.5553435673,51.42437489,53.6023899628,60.6746445593,61.2715147962,58.3046945903,60.6681048345	2	scurve	0.04	396000,,
404384	0.0,1.0,2.0,3.0,4.0,5.0,6.0,7.0,8.0,9.0,10.0,11.0,12.0,13.0,14.0,15.0,16.0,17.0,18.0,19.0	-116.700618911,-119.130054265,-119.880029608,-117.026204204,-115.993337033,-115.731451784,-113.429896645,-100.413229327,-90.8379540082,-68.4356585352,-43.8280596689,-21.2412214707,-3.26083997633,13.1522409052,19.8779890588,26.1155772598,30.5819861963,28.6488116964,29.6137449738,28.3444025317	2	scurve	0.04	396000,,
404480	0.0,1.0,2.0,3.0,4.0,5.0,6.0,7.0,8.0,9.0,10.0,11.0,12.0,13.0,14.0,15.0,16.0,17.0,18.0,19.0	-70.4248465741,-70.320858598,-69.0183517677,-65.1236246724,-66.1145709956,-60.4241887011,-61.7249130042,-49.8898837815,-38.7813590364,-20.4821216715,9.86270397704,35.3202730119,50.5049782986,68.4874189182,72.3278341457,78.3162770122,78.5258560097,79.349630115,78.8256474281,85.3928030018	2	scurve	0.04	396000,,
406967	0.0,1.0,2.0,3.0,4.0,5.0,6.0,7.0,8.0,9.0,10.0,11.0,12.0,13.0,14.0,15.0,16.0,17.0,18.0,19.0	132.104384847,132.396052365,129.961596841,129.42472643,133.69911187,137.342409188,141.290929171,147.86425528,163.62867591,183.637840357,206.50026775,229.048965682,253.192805504,262.486569459,274.681605259,278.330561059,275.889724765,282.248518393,279.809368367,281.476120711	2	scurve	0.04	396000,,
407193	0.0,1.0,2.0,3.0,4.0,5.0,6.0,7.0,8.0,9.0,10.0,11.0,12.0,13.0,14.0,15.0,16.0,17.0,18.0,19.0	-27.1534551001,-25.3223812527,-23.6884360919,-23.6340375297,-26.8988212699,-25.3726777071,-17.0324583912,-7.72070962148,3.80418104776,25.8453176115,50.6887367077,71.2095962101,90.7431061975,107.277053398,113.500795483,115.758026849,118.085508165,124.39410883,124.180046225,123.468812326	2	scurve	0.04	396000,,
404786	0.0,1.0,2.0,3.0,4.0,5.0,6.0,7.0,8.0,9.0,10.0,11.0,12.0,13.0,14.0,15.0,16.0,17.0,18.0,19.0	34.0004215298,30.5038713252,30.7569876472,32.6979422367,32.7250732393,37.7419800932,41.3951213047,47.9462222417,64.2676323757,81.4086193749,104.081556143,128.927855635,149.593050708,167.257076692,171.840935557,174.237783022,182.210571599,178.970453039,182.891857178,182.746061172	2	scurve	0.04	396000,,
404192	0.0,1.0,2.0,3.0,4.0,5.0,6.0,7.0,8.0,9.0,10.0,11.0,12.0,13.0,14.0,15.0,16.0,17.0,18.0,19.0	63.4302730396,63.0964426254,64.3045020749,68.3240032885,69.6931481909,70.2128343921,71.8948961869,82.6311800481,94.4706840213,118.041635335,140.262611034,168.354861347,187.314358713,197.236147326,205.280570085,211.853450352,211.030643273,216.541727075,212.734358402,212.487954826	2	scurve	0.04	396000,,
405796	0.0,1.0,2.0,3.0,4.0,5.0,6.0,7.0,8.0,9.0,10.0,11.0,12.0,13.0,14.0,15.0,16.0,17.0,18.0,19.0	1.7971300166,4.71615868556,6.3121076607,2.35887747203,3.51496776247,9.17536241646,13.7822329645,17.6375663925,30.6017251026,54.641444939,79.9629726195,103.001544826,124.258938001,138.738501504,146.823578639,151.370750623,150.86813336,154.247762453,153.395969942,155.297535658	2	scurve	0.04	396000,,
405835	0.0,1.0,2.0,3.0,4.0,5.0,6.0,7.0,8.0,9.0,10.0,11.0,12.0,13.0,14.0,15.0,16.0,17.0,18.0,19.0	110.819111871,113.37430075,111.126837349,114.15098346,112.078372611,118.613092372,119.134656749,128.55956313,141.23072631,163.958786479,188.828789963,214.470532128,229.5296545,244.723363189,253.919080167,260.892758126,257.933836067,263.517214793,262.02922258,263.791409203	2	scurve	0.04	396000,,
404741	0.0,1.0,2.0,3.0,4.0,5.0,6.0,7.0,8.0,9.0,10.0,11.0,12.0,13.0,14.0,15.0,16.0,17.0,18.0,19.0	-144.051736358,-138.844555343,-139.431460493,-137.500130994,-140.030825938,-139.623148801,-135.758641456,-125.768794266,-114.193069538,-88.685257223,-65.2367458948,-44.3624647535,-21.7698173758,-6.31315215346,-3.48912796638,2.96984002205,7.05660178084,9.22522490917,9.35189005777,5.92809193321	2	scurve	0.04	396000,,
405214	0.0,1.0,2.0,3.0,4.0,5.0,6.0,7.0,8.0,9.0,10.0,11.0,12.0,13.0,14.0,15.0,16.0,17.0,18.0,19.0	25.2823237319,30.929910566,27.434742414,29.160819927,29.030156875,34.0562939369,37.0812582054,44.5125267922,56.3438588414,78.0225885853,102.109144039,127.080883049,150.089273145,159.529397314,167.851049856,172.848254826,178.727007367,173.978070728,178.1527514,178.378717901	2	scurve	0.04	396000,,
407281	0.0,1.0,2.0,3.0,4.0,5.0,6.0,7.0,8.0,9.0,10.0,11.0,12.0,13.0,14.0,15.0,16.0,17.0,18.0,19.0	-134.181387552,-132.346315057,-133.671808964,-133.933089137,-129.194276853,-130.524263239,-127.342315893,-115.379892014,-102.470802774,-81.2128713735,-59.7904505569,-34.1306223419,-16.4973179069,-1.88368575722,10.5175921012,11.1325384652,13.1097865128,17.0966016555,12.75037093,16.5475230276	2	scurve	0.04	396000,,
406939	0.0,1.0,2.0,3.0,4.0,5.0,6.0,7.0,8.0,9.0,10.0,11.0,12.0,13.0,14.0,15.0,16.0,17.0,18.0,19.0	-87.3330826935,-85.9781997729,-87.942585766,-87.9735220739,-82.1746420453,-81.3524665613,-78.019264517,-68.3639499037,-60.5482540226,-37.4281885789,-12.104996282,9.72035536839,33.0751939044,45.1360139112,55.1308283371,54.9906040101,57.7063299668,62.9585136927,59.3082345096,63.3774354745	2	scurve	0.04	396000,,
404167	0.0,1.0,2.0,3.0,4.0,5.0,6.0,7.0,8.0,9.0,10.0,11.0,12.0,13.0,14.0,15.0,16.0,17.0,18.0,19.0	-38.0519306178,-35.963572043,-34.6674927479,-38.6849522028,-34.4816134302,-32.316781486,-27.8774869101,-19.8353730684,-4.526912421,14.4350660965,36.6816448835,62.328309715,81.4285691909,98.3756372141,103.972802543,108.033155173,109.384549586,113.310443954,110.960007606,110.575630314	2	scurve	0.04	396000,,
407529	0.0,1.0,2.0,3.0,4.0,5.0,6.0,7.0,8.0,9.0,10.0,11.0,12.0,13.0,14.0,15.0,16.0,17.0,18.0,19.0	-46.4426222751,-45.7927915565,-49.2905439794,-44.5079018294,-48.386369437,-40.6500908103,-39.869680672,-31.7134699106,-21.0126417385,1.69770596022,29.0084828694,54.7593301344,73.6391136969,82.8058028647,95.6060094527,95.3275232819,101.154133492,103.203443711,102.82641671,100.817719139	2	scurve	0.04	396000,,
407020	0.0,1.0,2.0,3.0,4.0,5.0,6.0,7.0,8.0,9.0,10.0,11.0,12.0,13.0,14.0,15.0,16.0,17.0,18.0,19.0	-18.7427994402,-18.5113464368,-13.0689964554,-12.5270720756,-14.5148920816,-14.6023926809,-10.1534067697,-1.17687112294,15.2547047033,31.845305034,57.9855424148,81.6447387204,104.761885116,115.133861394,122.531742979,131.329594073,131.923980872,131.639259897,133.687823036,133.679290502	2	scurve	0.04	396000,,
404493	0.0,1.0,2.0,3.0,4.0,5.0,6.0,7.0,8.0,9.0,10.0,11.0,12.0,13.0,14.0,15.0,16.0,17.0,18.0,19.0	-77.7449845626,-75.6356948865,-77.7959100149,-77.4079972149,-73.6070479661,-73.1071603854,-69.5283643185,-58.1863046642,-48.2413201942,-23.9124670161,-4.86443541364,25.8836798536,45.4069099596,58.8389157109,63.3441349149,67.8644530559,68.2029082197,73.3525443184,69.4762925875,75.6972365956	2	scurve	0.04	396000,,
405790	0.0,1.0,2.0,3.0,4.0,5.0,6.0,7.0,8.0,9.0,10.0,11.0,12.0,13.0,14.0,15.0,16.0,17.0,18.0,19.0	25.3116800879,21.8057236878,24.4445995244,24.6851342914,22.8972752997,25.6798169244,30.0209010403,36.8261563229,55.029635191,72.839075004,96.3147435537,126.151638016,141.86556924,158.624917421,167.669386724,168.41861597,171.521338629,174.528142324,170.683026,175.69262649	2	scurve	0.04	396000,,
406405	0.0,1.0,2.0,3.0,4.0,5.0,6.0,7.0,8.0,9.0,10.0,11.0,12.0,13.0,14.0,15.0,16.0,17.0,18.0,19.0	-69.6098118913,-67.5877303111,-70.5708986795,-68.533218849,-68.883684286,-66.4935995534,-62.6391515256,-55.6825729571,-38.7978952573,-19.1018235176,3.48747144837,28.7201813992,49.54441537,61.5095133148,73.2880269972,73.7550132975,79.9286799012,78.4099584597,78.6929542296,79.2647957129	2	scurve	0.04	396000,,
404765	0.0,1.0,2.0,3.0,4.0,5.0,6.0,7.0,8.0,9.0,10.0,11.0,12.0,13.0,14.0,15.0,16.0,17.0,18.0,19.0	-63.6225905044,-59.8396838171,-58.5984600358,-62.4037329246,-56.4569437995,-54.86524654,-53.1061109459,-47.8541099499,-29.0219861231,-10.6387687968,11.0897335397,36.5979699218,58.5165848776,70.4221843566,79.5290117555,84.8611552964,88.2862844783,87.9090226916,90.9718776274,85.9588236738	2	scurve	0.04	396000,,
407323	0.0,1.0,2.0,3.0,4.0,5.0,6.0,7.0,8.0,9.0,10.0,11.0,12.0,13.0,14.0,15.0,16.0,17.0,18.0,19.0	-61.6424382261,-56.7229202326,-61.1305563851,-60.3471188721,-57.2630210079,-56.5587649297,-51.3290772557,-45.7853794956,-27.1842220462,-10.4821344421,14.1720505332,37.5799379067,61.1422805024,70.5996193376,80.4848601142,84.3568956068,89.3336437278,89.9512622473,87.1924136831,88.6211795258	2	scurve	0.04	396000,,
407410	0.0,1.0,2.0,3.0,4.0,5.0,6.0,7.0,8.0,9.0,10.0,11.0,12.0,13.0,14.0,15.0,16.0,17.0,18.0,19.0	-41.3718447746,-37.3603201677,-42.6383515866,-37.662505487,-38.9725181939,-32.7347790923,-28.6587388013,-22.974224558,-12.1351561902,11.7402056964,31.5785661251,58.3245936366,80.2216529916,92.5063239095,98.2637230708,105.791152593,110.396898303,107.140130936,112.234430805,112.546444837	2	scurve	0.04	396000,,
405984	0.0,1.0,2.0,3.0,4.0,5.0,6.0,7.0,8.0,9.0,10.0,11.0,12.0,13.0,14.0,15.0,16.0,17.0,18.0,19.0	-9.62678971901,-11.9301305552,-10.1985537788,-7.96611528964,-5.45691556426,-6.59586573519,-3.98542803757,9.17547537978,20.1645653892,39.2793906879,64.8532240793,87.6905929319,109.782274495,122.117936325,129.298701498,134.78609831,135.559352619,140.68758047,141.995374233,139.732563053	2	scurve	0.04	396000,,
405815	0.0,1.0,2.0,3.0,4.0,5.0,6.0,7.0,8.0,9.0,10.0,11.0,12.0,13.0,14.0,15.0,16.0,17.0,18.0,19.0	130.667747088,133.127974948,129.409727316,130.319144102,136.338041089,133.02821,141.234248793,144.909369919,163.433124028,183.90622928,206.146060907,230.308042656,251.122637354,267.608858585,273.318011545,276.299863293,279.233983998,282.535508259,282.20211439,278.884279895	2	scurve	0.04	396000,,
404130	0.0,1.0,2.0,3.0,4.0,5.0,6.0,7.0,8.0,9.0,10.0,11.0,12.0,13.0,14.0,15.0,16.0,17.0,18.0,19.0	62.4652542933,61.5824013066,61.7144418146,66.1883045386,69.6830405958,66.7654203325,71.00147203,82.437108518,97.2214155371,112.269084592,139.992813958,162.636186198,185.438998228,195.254866668,204.505221188,207.17991908,208.774419044,211.020527424,211.125719117,215.84559609	2	scurve	0.04	396000,,
404032	0.0,1.0,2.0,3.0,4.0,5.0,6.0,7.0,8.0,9.0,10.0,11.0,12.0,13.0,14.0,15.0,16.0,17.0,18.0,19.0	-46.588258688,-42.5259120738,-45.9645806237,-45.2722604139,-43.8471056051,-42.1210704974,-34.2169082328,-27.6029848414,-12.2898990228,3.78135252994,32.4538360988,58.9197852083,75.2364743204,90.1846159913,99.2720386483,98.5538736652,105.526963104,103.704706067,104.710725539,108.608895099	2	scurve	0.04	396000,,
406894	0.0,1.0,2.0,3.0,4.0,5.0,6.0,7.0,8.0,9.0,10.0,11.0,12.0,13.0,14.0,15.0,16.0,17.0,18.0,19.0	75.2559460397,75.9875378207,72.0211502055,77.3511959464,78.6288107783,75.1242899884,79.6871429746,90.9983492016,106.491085087,125.521944037,150.724225778,176.329742896,191.036996365,207.278298992,212.601082091,219.590789971,219.426762865,224.723724299,222.898431979,224.203834465	2	scurve	0.04	396000,,
407439	0.0,1.0,2.0,3.0,4.0,5.0,6.0,7.0,8.0,9.0,10.0,11.0,12.0,13.0,14.0,15.0,16.0,17.0,18.0,19.0	34.3508533204,35.6943981406,34.8541056927,36.6835718219,35.4311805307,37.1231780468,45.1154743507,50.0206873442,64.3958221702,82.5130913554,110.64001186,133.978591756,152.362458965,169.065799017,174.210579009,181.503290025,184.042470505,183.505849258,187.398714885,186.88416796	2	scurve	0.04	396000,,
404347	0.0,1.0,2.0,3.0,4.0,5.0,6.0,7.0,8.0,9.0,10.0,11.0,12.0,13.0,14.0,15.0,16.0,17.0,18.0,19.0	-24.8535174138,-26.1814997725,-23.2302025194,-25.6237934125,-21.7996917691,-21.6519239595,-18.1265716336,-9.55862999951,2.37862428213,21.6247627145,51.1976800942,72.6986074256,96.6075989093,108.220983191,114.916300436,117.830178295,119.717786434,124.55550079,121.969568841,121.855722303	2	scurve	0.04	396000,,
404814	0.0,1.0,2.0,3.0,4.0,5.0,6.0,7.0,8.0,9.0,10.0,11.0,12.0,13.0,14.0,15.0,16.0,17.0,18.0,19.0	-118.611390501,-117.96186994,-121.149451362,-119.575639429,-119.345700877,-116.401940455,-109.508187494,-105.923575794,-90.6678991844,-69.1095782309,-45.6529189395,-18.3154120712,-2.07150739973,12.3405844186,21.7048340313,27.3261020467,27.8553227449,29.0321818707,27.4754841599,29.5930200017	2	scurve	0.04	396000,,
405763	0.0,1.0,2.0,3.0,4.0,5.0,6.0,7.0,8.0,9.0,10.0,11.0,12.0,13.0,14.0,15.0,16.0,17.0,18.0,19.0	-72.4580862362,-71.3389069798,-67.819456413,-71.0908699035,-64.1690404952,-63.8448384731,-60.7818092347,-52.407564124,-39.9932542056,-17.0615841181,6.79114974607,31.52667235,49.3773492901,62.5790557218,71.7508394733,74.2019974177,76.5888719536,77.9321730415,79.5475515332,80.346946802	2	scurve	0.04	396000,,
404800	0.0,1.0,2.0,3.0,4.0,5.0,6.0,7.0,8.0,9.0,10.0,11.0,12.0,13.0,14.0,15.0,16.0,17.0,18.0,19.0	-39.6209022053,-42.2133526943,-40.2675614953,-38.053743007,-37.7315745417,-36.6912810159,-31.945860096,-21.2185091101,-10.1447871054,12.7744119267,35.9891068578,62.8083111746,81.7530710407,90.7876549714,102.387026643,108.496801648,110.739139237,106.283743241,108.154063553,108.749947567	2	scurve	0.04	396000,,
405305	0.0,1.0,2.0,3.0,4.0,5.0,6.0,7.0,8.0,9.0,10.0,11.0,12.0,13.0,14.0,15.0,16.0,17.0,18.0,19.0	-85.1771854672,-87.7178968821,-87.6878098847,-87.0553811169,-81.3083815634,-79.9569037187,-75.3260174667,-72.2169981019,-55.3432937946,-37.9996073027,-13.6297597888,13.0940726655,32.5940334717,47.1574777537,53.0336999756,59.8883455666,59.1406866055,60.6901160096,63.4684734429,63.6500625442	2	scurve	0.04	396000,,
407604	0.0,1.0,2.0,3.0,4.0,5.0,6.0,7.0,8.0,9.0,10.0,11.0,12.0,13.0,14.0,15.0,16.0,17.0,18.0,19.0	38.1002181251,39.879311916,40.5693836549,40.6942658863,40.2147972194,43.0771134022,47.148089205,57.6328713178,69.7589727312,92.0241072274,117.75331294,141.589985182,161.711702126,174.751877921,181.195091687,184.184008723,188.020225699,189.432919463,187.049692778,187.257869293	2	scurve	0.04	396000,,
407311	0.0,1.0,2.0,3.0,4.0,5.0,6.0,7.0,8.0,9.0,10.0,11.0,12.0,13.0,14.0,15.0,16.0,17.0,18.0,19.0	-103.875251839,-103.176791604,-102.5398682,-98.2805717111,-100.231021299,-100.757029473,-91.9167265015,-86.212569767,-74.3035225282,-50.1212766517,-25.9587310271,0.235587865974,16.4829146339,28.676484835,40.1564890596,45.3454609938,44.92599313,48.0047356725,46.6433131412,44.6450408735	2	scurve	0.04	396000,,
405037	0.0,1.0,2.0,3.0,4.0,5.0,6.0,7.0,8.0,9.0,10.0,11.0,12.0,13.0,14.0,15.0,16.0,17.0,18.0,19.0	-133.909388889,-137.89268555,-137.709540773,-133.782050839,-136.136600538,-131.445869753,-124.304911055,-121.949591703,-106.229529848,-84.9800921372,-58.4560316475,-39.0028018397,-18.0328370479,-3.51484396084,2.98752039134,10.8849350007,9.24359329516,9.41792217112,16.2767997769,15.9336651678	2	scurve	0.04	396000,,
404117	0.0,1.0,2.0,3.0,4.0,5.0,6.0,7.0,8.0,9.0,10.0,11.0,12.0,13.0,14.0,15.0,16.0,17.0,18.0,19.0	117.08234313,116.469569102,115.941490404,116.811998378,120.332878843,122.214880224,129.741704676,135.197839598,147.951634417,170.83449757,194.411803776,219.717930722,236.146756326,252.063179285,258.422407754,266.187939911,267.074737882,270.095903304,267.359280744,265.035785271	2	scurve	0.04	396000,,
404159	0.0,1.0,2.0,3.0,4.0,5.0,6.0,7.0,8.0,9.0,10.0,11.0,12.0,13.0,14.0,15.0,16.0,17.0,18.0,19.0	46.795552479,47.0779638602,48.3140393368,44.5500121284,49.4486624066,53.3731928392,56.1467162003,63.2122460107,76.6043462555,98.9096418235,120.79410601,144.035354296,163.242236564,180.838183903,186.190464378,189.468025207,193.801244691,195.603096106,197.603270438,196.720070532	2	scurve	0.04	396000,,
407880	0.0,1.0,2.0,3.0,4.0,5.0,6.0,7.0,8.0,9.0,10.0,11.0,12.0,13.0,14.0,15.0,16.0,17.0,18.0,19.0	96.95552463,94.7387925128,94.0370047315,97.2362278879,96.4074444966,101.368378274,105.4924644,111.699376654,122.072571161,146.565127391,171.430627492,195.292458007,215.943887935,230.252483338,237.251680595,240.993742337,244.784260646,244.938709076,246.03754343,241.447733023	2	scurve	0.04	396000,,
405110	0.0,1.0,2.0,3.0,4.0,5.0,6.0,7.0,8.0,9.0,10.0,11.0,12.0,13.0,14.0,15.0,16.0,17.0,18.0,19.0	18.4950847741,13.8556166094,15.2599026632,20.0713204523,22.2229719652,20.732830786,26.0280739728,34.7624889849,46.7888395831,69.6142856441,92.9072201001,119.536566154,137.252202287,152.081077122,154.955480638,161.493039971,162.885070714,163.120038778,167.896623369,168.820614822	2	scurve	0.04	396000,,
405983	0.0,1.0,2.0,3.0,4.0,5.0,6.0,7.0,8.0,9.0,10.0,11.0,12.0,13.0,14.0,15.0,16.0,17.0,18.0,19.0	-94.7988480095,-94.6673758614,-91.5826476069,-95.490710448,-93.4694668139,-91.0720522856,-88.2093931051,-79.4489788391,-64.0275428318,-46.0254772374,-22.9455204128,3.27605383185,26.4166012767,35.09461833,47.8188262249,50.6634599422,51.1331400637,56.876444701,51.6751239905,55.3280033114	2	scurve	0.04	396000,,
406586	0.0,1.0,2.0,3.0,4.0,5.0,6.0,7.0,8.0,9.0,10.0,11.0,12.0,13.0,14.0,15.0,16.0,17.0,18.0,19.0	-22.1944562721,-24.1061468644,-21.6597344113,-17.2542243411,-22.4265023202,-15.4810553637,-11.0854164087,-7.35883737558,9.59847806596,25.6722401436,55.7375377796,78.8481738666,96.4737062417,109.15496832,120.105426834,126.316963098,126.902716189,127.094138096,126.791432457,128.82087659	2	scurve	0.04	396000,,
407831	0.0,1.0,2.0,3.0,4.0,5.0,6.0,7.0,8.0,9.0,10.0,11.0,12.0,13.0,14.0,15.0,16.0,17.0,18.0,19.0	-144.576582278,-140.555404105,-144.384964117,-143.371341638,-141.550547649,-134.343521326,-136.019638931,-126.286386304,-113.215149573,-89.0055194724,-68.4224361881,-43.6825007204,-24.8985451099,-7.77025641093,-2.43979476771,6.31679554824,3.02994609746,4.72957330607,6.63657144059,8.88888582063	2	scurve	0.04	396000,,
406620	0.0,1.0,2.0,3.0,4.0,5.0,6.0,7.0,8.0,9.0,10.0,11.0,12.0,13.0,14.0,15.0,16.0,17.0,18.0,19.0	-28.5537978584,-28.7825106149,-28.9610549571,-24.4898564542,-27.7158769956,-24.0345181191,-21.249754432,-14.1129431592,3.36177344816,23.6879906628,47.1571079191,73.3168012397,94.8671402678,103.994125014,110.292964613,120.241724905,121.16033333,120.413089553,120.203248348,125.074971944	2	scurve	0.04	396000,,
405572	0.0,1.0,2.0,3.0,4.0,5.0,6.0,7.0,8.0,9.0,10.0,11.0,12.0,13.0,14.0,15.0,16.0,17.0,18.0,19.0	63.3172124479,65.599015336,64.2247441206,66.1012684123,67.4781067374,67.80338073,74.862114353,79.5197533023,95.6762463403,111.258614622,135.523752321,164.204727166,183.742104627,193.83611892,204.029276247,212.23862077,212.900884386,211.719283624,211.043738814,215.975284204	2	scurve	0.04	396000,,
405914	0.0,1.0,2.0,3.0,4.0,5.0,6.0,7.0,8.0,9.0,10.0,11.0,12.0,13.0,14.0,15.0,16.0,17.0,18.0,19.0	-91.7552181696,-88.3018734937,-89.41595439,-86.5507374155,-90.5111480709,-82.5887146304,-82.3919930901,-71.8129376332,-62.220136899,-37.6567644609,-18.0648695801,11.2050901426,30.8379729745,40.3360897592,53.2572054754,53.2729440719,57.0597048158,55.2786492843,56.7753885045,59.5234462677	2	scurve	0.04	396000,,
406836	0.0,1.0,2.0,3.0,4.0,5.0,6.0,7.0,8.0,9.0,10.0,11.0,12.0,13.0,14.0,15.0,16.0,17.0,18.0,19.0	14.1568545369,13.6460924091,12.5464230866,13.0484418725,12.7496991488,15.9596936266,21.9185170952,31.2988618156,43.64364547,62.0029527716,85.8679814952,109.467263513,134.308263443,141.779899339,155.765149788,157.603684206,156.963344085,158.622213685,161.155749364,161.685072393	2	scurve	0.04	396000,,
407103	0.0,1.0,2.0,3.0,4.0,5.0,6.0,7.0,8.0,9.0,10.0,11.0,12.0,13.0,14.0,15.0,16.0,17.0,18.0,19.0	72.3046710949,73.8747794582,72.825909769,74.892999244,79.9155145107,79.0304484518,80.6943077572,93.411275399,103.212974094,124.504931067,150.399861491,176.35298047,195.332173497,209.16717465,214.473241682,218.595363324,224.240260375,225.72110919,221.201659912,222.304430384	2	scurve	0.04	396000,,
405227	0.0,1.0,2.0,3.0,4.0,5.0,6.0,7.0,8.0,9.0,10.0,11.0,12.0,13.0,14.0,15.0,16.0,17.0,18.0,19.0	-4.60027219053,-5.06148241124,-3.67854602628,-1.04661050179,-2.39138525437,-0.919132927306,6.32684394116,12.7517533931,24.468140688,49.7037807879,70.9357276675,97.1583796557,119.268785744,131.264451085,138.602197044,139.27882675,142.046803845,145.617768468,149.157057573,148.969747223	2	scurve	0.04	396000,,
407578	0.0,1.0,2.0,3.0,4.0,5.0,6.0,7.0,8.0,9.0,10.0,11.0,12.0,13.0,14.0,15.0,16.0,17.0,18.0,19.0	63.6671515777,61.2744229066,62.5002751151,63.023519967,66.7746488678,64.9073851802,74.590679111,81.487801646,94.2808100719,113.741330134,134.723497239,164.041178302,183.167862708,198.74302939,205.144165476,210.719251557,211.751765556,213.364306496,211.654456718,215.662786369	2	scurve	0.04	396000,,
405878	0.0,1.0,2.0,3.0,4.0,5.0,6.0,7.0,8.0,9.0,10.0,11.0,12.0,13.0,14.0,15.0,16.0,17.0,18.0,19.0	8.05594940148,6.91195134303,3.07175093483,3.86302502922,7.9651652214,11.4500037131,14.611318783,19.4773761352,36.3766476525,54.526753211,78.1743622124,104.183942476,125.785213171,141.665172625,147.464733555,153.407912973,152.783627537,155.489580607,156.070056687,154.259145457	2	scurve	0.04	396000,,
407828	0.0,1.0,2.0,3.0,4.0,5.0,6.0,7.0,8.0,9.0,10.0,11.0,12.0,13.0,14.0,15.0,16.0,17.0,18.0,19.0	-93.3054618731,-93.6540742328,-97.1393459561,-92.0472415896,-95.388016461,-92.3995981871,-85.2681382397,-80.3699249556,-69.5787620581,-48.7308856399,-19.8949059498,3.83114613561,25.6088873744,38.0207728318,47.7786928029,47.2766186888,48.3657546673,49.670787781,54.2425128633,50.5971683283	2	scurve	0.04	396000,,
404123	0.0,1.0,2.0,3.0,4.0,5.0,6.0,7.0,8.0,9.0,10.0,11.0,12.0,13.0,14.0,15.0,16.0,17.0,18.0,19.0	-28.8333126138,-32.8172004349,-29.1457930929,-29.3444253577,-30.5618704304,-28.2582107513,-22.1780946434,-16.0455512165,1.13084876729,21.0053979473,43.7638963582,70.0158585939,91.5751903022,100.699126376,108.321524793,115.639637667,115.242908141,115.712243951,117.779527317,118.235300554	2	scurve	0.04	396000,,
404392	0.0,1.0,2.0,3.0,4.0,5.0,6.0,7.0,8.0,9.0,10.0,11.0,12.0,13.0,14.0,15.0,16.0,17.0,18.0,19.0	145.571569841,140.200649643,144.899705246,145.556798978,143.354944774,147.636617437,148.391197213,160.064431209,172.568740892,194.1710222,220.044290322,242.788745045,259.963234729,278.403317303,281.988467008,285.338457701,293.129143652,289.287998948,292.813204858,295.301866963	2	scurve	0.04	396000,,
406105	0.0,1.0,2.0,3.0,4.0,5.0,6.0,7.0,8.0,9.0,10.0,11.0,12.0,13.0,14.0,15.0,16.0,17.0,18.0,19.0	-81.2337092938,-76.1400132874,-77.3722962462,-76.8153309796,-77.5405192238,-74.3754060955,-70.3395025942,-60.9921823337,-48.8649693327,-32.4819482514,-3.03890470486,23.5755775856,37.6782732556,51.398564946,60.9828036172,64.5493396266,65.2469376651,70.9875828142,69.909628606,71.3738682134	2	scurve	0.04	396000,,
405949	0.0,1.0,2.0,3.0,4.0,5.0,6.0,7.0,8.0,9.0,10.0,11.0,12.0,13.0,14.0,15.0,16.0,17.0,18.0,19.0	-66.2325168346,-61.5566400808,-60.9172499327,-59.8717837884,-61.2138602718,-59.9367816209,-52.32220573,-49.7743936668,-32.8222809951,-15.7555605735,14.5689895068,35.8862572883,54.9399435713,71.4788566999,77.9736952167,81.2165429353,87.0650546108,84.7291230072,83.1769076444,85.4127639246	2	scurve	0.04	396000,,
406630	0.0,1.0,2.0,3.0,4.0,5.0,6.0,7.0,8.0,9.0,10.0,11.0,12.0,13.0,14.0,15.0,16.0,17.0,18.0,19.0	50.4503577042,47.7288464536,47.2805732779,47.839408983,50.3569737867,49.9509080373,53.2903282796,66.5499469599,76.7730323126,97.7298477192,121.029170618,147.165851237,165.997892703,177.807526986,188.149003765,192.638411483,197.054335155,196.748158169,195.154442159,198.525628538	2	scurve	0.04	396000,,
407397	0.0,1.0,2.0,3.0,4.0,5.0,6.0,7.0,8.0,9.0,10.0,11.0,12.0,13.0,14.0,15.0,16.0,17.0,18.0,19.0	44.0934991834,45.668231915,45.7018068253,49.6714151419,50.0146498099,52.6797989027,51.957766932,65.1178354724,76.8757170794,93.3721346077,120.903577887,147.983918306,163.2794252,179.119900986,188.383293757,189.861961121,190.135640471,191.524054273,193.233878978,194.491762901	2	scurve	0.04	396000,,
406188	0.0,1.0,2.0,3.0,4.0,5.0,6.0,7.0,8.0,9.0,10.0,11.0,12.0,13.0,14.0,15.0,16.0,17.0,18.0,19.0	-75.6776802863,-73.432797713,-75.1218491683,-70.5867291238,-69.4346318815,-67.7792493751,-67.5305985399,-56.9125099345,-46.8758380405,-26.6946948253,0.33335736051,23.9830208885,47.6310934291,59.7568421432,64.255665172,72.9536157672,71.3447328423,71.2222345502,73.452452458,72.1054254822	2	scurve	0.04	396000,,
407395	0.0,1.0,2.0,3.0,4.0,5.0,6.0,7.0,8.0,9.0,10.0,11.0,12.0,13.0,14.0,15.0,16.0,17.0,18.0,19.0	-71.2985683306,-67.9296991563,-66.9656156053,-70.2369322586,-66.024391797,-65.4997949978,-61.8716385876,-52.4759483204,-39.0855509853,-21.135074523,6.14972339112,33.5982471513,51.3474913496,66.5532446029,75.8386375268,75.4474151579,76.3770800008,83.2082632771,81.0366854526,82.6936153293	2	scurve	0.04	396000,,
405578	0.0,1.0,2.0,3.0,4.0,5.0,6.0,7.0,8.0,9.0,10.0,11.0,12.0,13.0,14.0,15.0,16.0,17.0,18.0,19.0	39.2550133202,41.1120612346,36.5974279443,41.7543153422,41.973090986,41.3127585323,50.188633716,58.0230887722,68.4998857575,86.8941424476,111.791224565,137.184940871,160.932272628,174.506856348,179.875262179,181.289410856,186.867776949,189.993100846,187.111367591,189.228196827	2	scurve	0.04	396000,,
404891	0.0,1.0,2.0,3.0,4.0,5.0,6.0,7.0,8.0,9.0,10.0,11.0,12.0,13.0,14.0,15.0,16.0,17.0,18.0,19.0	34.3902016173,29.8474968435,33.039411322,30.9377615537,37.1325564508,36.7460720104,38.9675836221,47.4153106984,62.2840445827,84.0369871484,109.94200027,131.354665645,155.038261691,165.484731354,174.740863528,178.556355655,182.763362934,183.877780673,179.476653918,182.610971338	2	scurve	0.04	396000,,
406741	0.0,1.0,2.0,3.0,4.0,5.0,6.0,7.0,8.0,9.0,10.0,11.0,12.0,13.0,14.0,15.0,16.0,17.0,18.0,19.0	-44.6870749276,-40.9099583592,-44.3722268643,-41.5739427388,-39.6186591067,-40.6463687703,-32.6403395676,-27.2330387083,-14.4069378463,7.24622321054,29.3821640834,58.5862976681,77.7887551443,87.5856224712,99.6258673202,102.007407261,107.120249086,108.715742957,107.115625975,108.600102633	2	scurve	0.04	396000,,
406453	0.0,1.0,2.0,3.0,4.0,5.0,6.0,7.0,8.0,9.0,10.0,11.0,12.0,13.0,14.0,15.0,16.0,17.0,18.0,19.0	-66.3318717237,-65.7968399718,-60.4495558055,-64.7611033514,-61.4185498804,-59.6938140249,-52.8435895721,-48.1390657251,-35.2707323851,-11.444477044,10.9327751499,37.2462256754,55.7318549869,67.0466885013,78.1197935106,78.3655602358,80.8712010011,85.0390827944,82.5819291136,85.2675597763	2	scurve	0.04	396000,,
406116	0.0,1.0,2.0,3.0,4.0,5.0,6.0,7.0,8.0,9.0,10.0,11.0,12.0,13.0,14.0,15.0,16.0,17.0,18.0,19.0	-83.7579031234,-81.9794332893,-82.6528043272,-77.4369089054,-79.4965628745,-77.3219139454,-70.5098949959,-64.0822376394,-48.9268252973,-32.463162979,-4.35535246173,15.7256923496,41.3233547218,49.5933416073,61.7979448194,60.5572000477,66.2045033417,64.8961970316,67.1819142824,66.3932402558	2	scurve	0.04	396000,,
404276	0.0,1.0,2.0,3.0,4.0,5.0,6.0,7.0,8.0,9.0,10.0,11.0,12.0,13.0,14.0,15.0,16.0,17.0,18.0,19.0	-130.767541453,-134.027734282,-131.772126162,-131.537686406,-128.818201247,-127.302923561,-121.885909388,-116.551380028,-104.575767283,-80.7915899864,-61.3938888687,-34.8297219926,-14.92961841,-0.118346001662,8.55090847575,9.65319569574,13.2567500533,16.3993287709,18.0292792764,14.651898216	2	scurve	0.04	396000,,
406709	0.0,1.0,2.0,3.0,4.0,5.0,6.0,7.0,8.0,9.0,10.0,11.0,12.0,13.0,14.0,15.0,16.0,17.0,18.0,19.0	-87.0830593915,-87.9714554532,-90.1552291032,-86.5394693433,-83.8429085233,-81.1515834272,-78.3865268397,-74.9860925549,-60.6981662578,-40.8402826776,-15.2189163689,8.90223683406,33.1658818636,46.8753157939,49.7305239725,55.3635046295,59.128181606,59.6666202746,61.5462191966,63.1339428002	2	scurve	0.04	396000,,
406947	0.0,1.0,2.0,3.0,4.0,5.0,6.0,7.0,8.0,9.0,10.0,11.0,12.0,13.0,14.0,15.0,16.0,17.0,18.0,19.0	-67.7625020321,-66.546441491,-66.1092967427,-71.5574231827,-67.727445913,-65.7481173602,-57.9114590573,-50.3354761211,-42.303770539,-16.6437164628,7.14701051785,28.7556842456,47.5259477176,61.4824270088,68.6697856895,73.5600568333,75.965631909,82.2492732694,81.5308485788,79.0387868051	2	scurve	0.04	396000,,
404821	0.0,1.0,2.0,3.0,4.0,5.0,6.0,7.0,8.0,9.0,10.0,11.0,12.0,13.0,14.0,15.0,16.0,17.0,18.0,19.0	118.681391741,114.562093053,118.619880308,118.267166393,118.420392973,119.84318867,126.877390803,134.137413794,145.341673584,165.947990251,189.624737716,217.973365923,235.345991613,251.289262637,259.268071416,265.524123394,264.106082837,263.867912892,267.541796387,265.482014028	2	scurve	0.04	396000,,
404778	0.0,1.0,2.0,3.0,4.0,5.0,6.0,7.0,8.0,9.0,10.0,11.0,12.0,13.0,14.0,15.0,16.0,17.0,18.0,19.0	-52.8191118887,-55.0290680547,-53.3195555953,-51.5499554346,-51.7477307979,-51.1663965178,-43.658704165,-35.8715049693,-25.7712168887,-4.33898364854,18.9663908041,45.7327850741,61.4306010768,77.1795307572,84.6300964583,92.4989026533,91.214057436,91.3979798448,97.0167704669,91.6473492178	2	scurve	0.04	396000,,
405759	0.0,1.0,2.0,3.0,4.0,5.0,6.0,7.0,8.0,9.0,10.0,11.0,12.0,13.0,14.0,15.0,16.0,17.0,18.0,19.0	-23.4973480221,-22.4297993165,-27.6061329288,-24.4694071771,-25.7397931058,-19.1475977419,-18.2071185922,-8.81252168115,6.38770439129,23.0395579229,50.0394210016,75.6815376934,92.4707680871,109.086761682,116.967985025,122.382308698,123.267717637,125.600142744,124.677089731,125.541787176	2	scurve	0.04	396000,,
407003	0.0,1.0,2.0,3.0,4.0,5.0,6.0,7.0,8.0,9.0,10.0,11.0,12.0,13.0,14.0,15.0,16.0,17.0,18.0,19.0	74.8952736625,80.3670538774,75.2952169098,75.5038433401,76.8493380725,82.9714269345,88.4463835738,96.1577302728,109.379111613,126.402075137,153.6010799,174.495944242,196.227408626,208.725895177,217.37149054,224.592244824,223.018064919,223.451664177,229.880431745,225.595530267	2	scurve	0.04	396000,,
405080	0.0,1.0,2.0,3.0,4.0,5.0,6.0,7.0,8.0,9.0,10.0,11.0,12.0,13.0,14.0,15.0,16.0,17.0,18.0,19.0	102.321362554,102.870029501,102.653775142,103.540306127,105.171415569,107.74934358,111.80740102,119.390327447,134.248250155,150.841788619,176.18075758,203.963269415,225.600952942,236.276197771,245.217019486,248.378219024,253.208530327,254.304365953,255.442616933,256.021825298	2	scurve	0.04	396000,,
407688	0.0,1.0,2.0,3.0,4.0,5.0,6.0,7.0,8.0,9.0,10.0,11.0,12.0,13.0,14.0,15.0,16.0,17.0,18.0,19.0	-128.193283231,-122.790850581,-125.857836021,-125.411418434,-120.064807941,-119.412941278,-119.296333331,-109.168785707,-95.7081096142,-74.5122942082,-50.9425021439,-26.4236563639,-5.83301957504,9.85660015412,15.602639624,17.3490955279,25.7139022062,24.5896246,27.2183533268,21.4046303108	2	scurve	0.04	396000,,
406217	0.0,1.0,2.0,3.0,4.0,5.0,6.0,7.0,8.0,9.0,10.0,11.0,12.0,13.0,14.0,15.0,16.0,17.0,18.0,19.0	80.4713529623,80.5609162486,78.9972205354,82.6315576436,84.4180026199,81.967007144,87.1532824012,99.4515002763,113.378935358,132.008938096,154.022670908,178.65790354,197.679545765,212.906928505,224.845584829,223.992083324,228.935355696,229.344074817,228.305867175,228.548233217	2	scurve	0.04	396000,,
407494	0.0,1.0,2.0,3.0,4.0,5.0,6.0,7.0,8.0,9.0,10.0,11.0,12.0,13.0,14.0,15.0,16.0,17.0,18.0,19.0	21.8958690471,21.2180987378,25.507423105,22.1477308471,26.1867987843,26.5634091272,33.4668227757,38.3783246254,51.4646270756,77.1283016163,95.9521163873,122.736739996,143.030362236,160.236059688,168.129340928,166.250529872,168.857525973,174.530912749,173.571738387,173.7344494	2	scurve	0.04	396000,,
407665	0.0,1.0,2.0,3.0,4.0,5.0,6.0,7.0,8.0,9.0,10.0,11.0,12.0,13.0,14.0,15.0,16.0,17.0,18.0,19.0	-143.900747748,-141.821463682,-140.542507064,-138.82210699,-137.825491395,-138.642192515,-134.175988964,-128.146866922,-115.156022413,-95.3555663453,-67.3600603967,-41.1864749583,-22.8721428107,-11.3073382037,0.899171504031,1.27753250832,3.32101586309,8.94353327399,8.5545645377,5.22155692668	2	scurve	0.04	396000,,
404263	0.0,1.0,2.0,3.0,4.0,5.0,6.0,7.0,8.0,9.0,10.0,11.0,12.0,13.0,14.0,15.0,16.0,17.0,18.0,19.0	46.235383765,46.2854611083,49.1495897976,50.3224268146,49.5071757974,51.8887947577,58.5685603276,65.0571060561,74.8003626781,99.3639079458,123.708939183,144.443731243,169.543811837,177.777150614,190.388668178,195.838269125,194.147736656,193.125821387,194.233364765,193.800789883	2	scurve	0.04	396000,,
406957	0.0,1.0,2.0,3.0,4.0,5.0,6.0,7.0,8.0,9.0,10.0,11.0,12.0,13.0,14.0,15.0,16.0,17.0,18.0,19.0	-20.457403226,-20.7506456586,-23.8615803519,-22.8650107068,-19.44551698,-17.108522458,-16.9211202466,-3.69218002563,4.09805146692,30.0859323723,54.6719157133,79.2837585013,95.3380931561,113.219504791,118.079966978,121.66274,122.010548407,126.903985286,129.175337283,123.94266403	2	scurve	0.04	396000,,
407673	0.0,1.0,2.0,3.0,4.0,5.0,6.0,7.0,8.0,9.0,10.0,11.0,12.0,13.0,14.0,15.0,16.0,17.0,18.0,19.0	-35.7184026612,-34.2972120158,-32.940785724,-32.3725518163,-31.5977568376,-31.0078918207,-27.0634870599,-20.5984082523,-5.77727747492,13.7998157055,43.679199147,63.6931754132,86.7423691438,96.7566984668,105.231301533,108.398253542,115.326698928,112.142317617,115.778810867,116.719902732	2	scurve	0.04	396000,,
404424	0.0,1.0,2.0,3.0,4.0,5.0,6.0,7.0,8.0,9.0,10.0,11.0,12.0,13.0,14.0,15.0,16.0,17.0,18.0,19.0	34.6711344143,33.1598147274,36.0913920557,31.1933855498,38.1666029294,37.4144588371,40.9978920393,50.6498250442,60.1975186754,85.8357670378,111.076955273,134.02227158,154.90424767,166.507577292,174.803503214,177.944554417,183.963154607,179.854917512,182.386061547,185.858944615	2	scurve	0.04	396000,,
405894	0.0,1.0,2.0,3.0,4.0,5.0,6.0,7.0,8.0,9.0,10.0,11.0,12.0,13.0,14.0,15.0,16.0,17.0,18.0,19.0	-73.1363895921,-73.4005588052,-74.4915549739,-75.4045763818,-73.7851295349,-71.0059585419,-63.5301263636,-56.4199895114,-46.0319265953,-22.7191126018,-0.380510916634,26.2957106947,45.7431445689,60.6913644476,65.2861836631,70.936540566,73.3297590841,72.2726564958,74.5604821477,76.471438571	2	scurve	0.04	396000,,
405646	0.0,1.0,2.0,3.0,4.0,5.0,6.0,7.0,8.0,9.0,10.0,11.0,12.0,13.0,14.0,15.0,16.0,17.0,18.0,19.0	-134.809014659,-128.818912259,-132.492318198,-133.257538207,-129.337388004,-130.122529734,-124.666532123,-114.088823964,-99.0286562643,-81.2947906812,-57.3629328828,-30.857812829,-13.7165925424,-0.673959675825,8.71969509752,11.0940714219,18.2895024823,14.5655685605,17.9308198844,15.3462051497	2	scurve	0.04	396000,,
406680	0.0,1.0,2.0,3.0,4.0,5.0,6.0,7.0,8.0,9.0,10.0,11.0,12.0,13.0,14.0,15.0,16.0,17.0,18.0,19.0	-110.894889911,-109.655226574,-115.070187235,-109.913237819,-107.644161479,-105.786169895,-104.084153833,-95.217329981,-82.824753769,-60.4656680217,-35.0391648455,-13.5475156331,6.94830274332,19.8301896509,29.8174984967,34.0088330011,34.094502315,35.6363864976,33.4159151222,36.4713851625	2	scurve	0.04	396000,,
405778	0.0,1.0,2.0,3.0,4.0,5.0,6.0,7.0,8.0,9.0,10.0,11.0,12.0,13.0,14.0,15.0,16.0,17.0,18.0,19.0	-37.2164489739,-39.6390111657,-36.8311564429,-39.6543235945,-35.0265521764,-36.0130714807,-30.1119081194,-24.8612234468,-9.7198388232,13.4111180243,33.8410720765,63.4185282257,78.5227366276,92.8248962349,102.297717052,104.308273986,109.261919787,109.832796604,108.69304603,112.2090969	2	scurve	0.04	396000,,
404817	0.0,1.0,2.0,3.0,4.0,5.0,6.0,7.0,8.0,9.0,10.0,11.0,12.0,13.0,14.0,15.0,16.0,17.0,18.0,19.0	118.541640808,116.113580151,119.701354081,119.68775235,115.871869833,119.289051127,127.134117772,132.133028702,149.241112481,167.268497785,191.99703221,216.388087115,235.330247334,251.477144982,257.885262167,262.905849862,266.858340578,267.771693561,263.714971454,264.938547562	2	scurve	0.04	396000,,
406643	0.0,1.0,2.0,3.0,4.0,5.0,6.0,7.0,8.0,9.0,10.0,11.0,12.0,13.0,14.0,15.0,16.0,17.0,18.0,19.0	-68.4431403744,-68.3653116493,-64.9342277091,-65.6771840039,-66.7966047674,-61.2159707067,-60.3151605754,-48.3156546914,-38.4831080638,-14.0031273353,5.22088926187,35.7462388472,50.0815066701,66.4192644899,76.5830780557,81.0994525621,81.5915992336,84.1195954426,84.1370016418,82.1242928651	2	scurve	0.04	396000,,
404676	0.0,1.0,2.0,3.0,4.0,5.0,6.0,7.0,8.0,9.0,10.0,11.0,12.0,13.0,14.0,15.0,16.0,17.0,18.0,19.0	-17.869540222,-16.4238959263,-16.4460726415,-10.9253107709,-15.303525819,-12.7998243965,-9.08971792767,1.61044043642,11.6517960068,31.9023089864,58.4497720294,82.5558941599,102.544700531,120.742014869,124.779791716,127.120665105,133.285185445,132.101181687,137.165843794,134.029531174	2	scurve	0.04	396000,,
407068	0.0,1.0,2.0,3.0,4.0,5.0,6.0,7.0,8.0,9.0,10.0,11.0,12.0,13.0,14.0,15.0,16.0,17.0,18.0,19.0	64.546526212,61.7293854438,61.0797231603,64.2326506249,65.7215055249,66.1683287735,72.8377078565,81.5978497909,96.1728338118,111.971332587,135.794981899,166.867130667,183.739762802,197.650587016,205.050907091,206.581266994,212.160722742,211.017245452,213.912215151,215.910740377	2	scurve	0.04	396000,,
407282	0.0,1.0,2.0,3.0,4.0,5.0,6.0,7.0,8.0,9.0,10.0,11.0,12.0,13.0,14.0,15.0,16.0,17.0,18.0,19.0	-45.1041349259,-42.2161719575,-45.1594192527,-43.2653009728,-40.4365037952,-38.1977721955,-37.6527728874,-31.5781284989,-13.7753750574,6.66576893845,28.1550169285,54.2275359026,72.8418122419,87.4538815491,98.8648768458,99.4416103399,104.001641826,104.151171609,107.065165568,105.339260144	2	scurve	0.04	396000,,
406785	0.0,1.0,2.0,3.0,4.0,5.0,6.0,7.0,8.0,9.0,10.0,11.0,12.0,13.0,14.0,15.0,16.0,17.0,18.0,19.0	32.430024158,28.4942504738,29.8497079071,33.469759494,30.5855483,36.9358404875,36.7787221436,48.5873154214,62.7246936848,79.2421083983,107.306655243,131.81514479,150.27967817,164.126847587,167.821974295,177.530359718,179.404970179,177.824974655,180.361432426,177.140164661	2	scurve	0.04	396000,,
404587	0.0,1.0,2.0,3.0,4.0,5.0,6.0,7.0,8.0,9.0,10.0,11.0,12.0,13.0,14.0,15.0,16.0,17.0,18.0,19.0	1.59043292822,3.06074433237,2.15863136726,1.7927166807,6.79471732171,7.88954579818,12.895945866,17.9621576795,31.3825932842,55.3866291472,80.0694418859,104.705903152,125.253238449,132.837497339,140.777315356,149.772917107,147.446595377,152.775525928,152.642678669,155.598421243	2	scurve	0.04	396000,,
407491	0.0,1.0,2.0,3.0,4.0,5.0,6.0,7.0,8.0,9.0,10.0,11.0,12.0,13.0,14.0,15.0,16.0,17.0,18.0,19.0	76.3749565055,73.8420786694,73.8179826999,72.1485861711,78.3597233341,74.7643791674,80.6242777668,90.7571021693,102.692948212,125.953654382,149.566278641,171.666688611,193.031926899,205.057841018,215.879505586,217.241728546,223.839054168,223.277291937,221.581752073,220.454834007	2	scurve	0.04	396000,,
407061	0.0,1.0,2.0,3.0,4.0,5.0,6.0,7.0,8.0,9.0,10.0,11.0,12.0,13.0,14.0,15.0,16.0,17.0,18.0,19.0	-130.584387771,-127.216921992,-129.085221198,-123.822214944,-126.310606987,-125.08394145,-118.291423772,-110.682896179,-100.585584669,-75.0431570416,-50.5862148267,-25.3171978075,-7.32882377712,2.71330247125,13.4778489353,14.3376557303,17.3809376159,18.3615106716,19.1409720502,21.0804382819	2	scurve	0.04	396000,,
404810	0.0,1.0,2.0,3.0,4.0,5.0,6.0,7.0,8.0,9.0,10.0,11.0,12.0,13.0,14.0,15.0,16.0,17.0,18.0,19.0	28.8184755873,33.3958892294,30.2044581536,30.4275534495,30.5165917543,31.6515517154,39.2457498393,49.700876272,57.1169088354,80.1024584167,105.823317689,129.712998308,151.114952731,166.075934562,172.221075851,175.032009389,178.977349351,179.036030508,180.535164691,182.545406697	2	scurve	0.04	396000,,
406163	0.0,1.0,2.0,3.0,4.0,5.0,6.0,7.0,8.0,9.0,10.0,11.0,12.0,13.0,14.0,15.0,16.0,17.0,18.0,19.0	-71.2162120536,-72.5114343346,-72.6484133754,-76.2024798412,-70.468144553,-68.5986116981,-64.0171273177,-56.0705425496,-42.6967700493,-26.1210201336,1.26690310917,27.0386893168,45.7766903164,59.962574662,67.4039648523,70.0233626752,74.7919669267,77.4752992406,73.2633324307,78.0267314021	2	scurve	0.04	396000,,
405431	0.0,1.0,2.0,3.0,4.0,5.0,6.0,7.0,8.0,9.0,10.0,11.0,12.0,13.0,14.0,15.0,16.0,17.0,18.0,19.0	8.45292648036,8.21494834485,11.8351164586,9.31688873288,11.8486950007,16.9806533052,19.7098816579,26.8080557024,38.8947870861,59.0161835966,82.9068561982,112.241557697,133.78469241,146.678471167,150.195625912,154.628135815,156.997143623,156.831149966,163.16529095,160.966565051	2	scurve	0.04	396000,,
407075	0.0,1.0,2.0,3.0,4.0,5.0,6.0,7.0,8.0,9.0,10.0,11.0,12.0,13.0,14.0,15.0,16.0,17.0,18.0,19.0	-81.9350795323,-78.1868860513,-82.1980655297,-79.3475672559,-78.8831339562,-75.054382493,-72.0346834018,-65.939446211,-50.3162231235,-34.8877206648,-7.91914776007,18.9227170516,39.6784049267,49.9508156128,59.2534458421,66.3345643816,67.9723554185,69.8081599709,70.6239153673,69.7739298774	2	scurve	0.04	396000,,
405057	0.0,1.0,2.0,3.0,4.0,5.0,6.0,7.0,8.0,9.0,10.0,11.0,12.0,13.0,14.0,15.0,16.0,17.0,18.0,19.0	70.8884291367,74.5579876594,74.104943003,74.3800521118,74.1881152575,72.6379338542,77.2572450307,90.224978971,101.360238295,119.747767196,147.421930018,172.701726299,188.283858879,202.683532234,209.683818762,217.568307301,221.852049635,217.970195297,219.850570749,220.860499544	2	scurve	0.04	396000,,
405727	0.0,1.0,2.0,3.0,4.0,5.0,6.0,7.0,8.0,9.0,10.0,11.0,12.0,13.0,14.0,15.0,16.0,17.0,18.0,19.0	-23.6754073091,-25.0257413553,-26.0787049576,-23.4539333882,-23.1101591241,-21.9079749965,-13.7941794552,-8.98163959606,6.19120357149,28.0169128447,50.1313179067,72.680044979,96.5552604873,108.013903088,115.812383241,118.574411121,119.989906266,121.224567407,123.797306716,122.496088901	2	scurve	0.04	396000,,
404226	0.0,1.0,2.0,3.0,4.0,5.0,6.0,7.0,8.0,9.0,10.0,11.0,12.0,13.0,14.0,15.0,16.0,17.0,18.0,19.0	40.9639875762,41.6939068526,43.3875817251,43.4639300629,46.9846593838,44.6012696596,51.1858909528,56.2615395294,68.8364608246,89.7941333298,115.505084169,143.954227335,162.84930316,173.756645278,182.797978795,184.047801638,190.258303321,193.481742187,192.121091808,193.949196973	2	scurve	0.04	396000,,
404687	0.0,1.0,2.0,3.0,4.0,5.0,6.0,7.0,8.0,9.0,10.0,11.0,12.0,13.0,14.0,15.0,16.0,17.0,18.0,19.0	38.5448816701,40.8469405661,38.977305281,42.8000603597,43.8583647379,44.0180405771,51.0104470494,56.6119627375,70.509669593,88.3998690705,115.529759673,141.104895472,158.000536663,176.508329193,184.256619604,182.535466361,187.058529096,191.872195149,187.773568523,187.232818754	2	scurve	0.04	396000,,
406887	0.0,1.0,2.0,3.0,4.0,5.0,6.0,7.0,8.0,9.0,10.0,11.0,12.0,13.0,14.0,15.0,16.0,17.0,18.0,19.0	-111.568580239,-110.722479707,-114.618146423,-109.593088103,-114.500025549,-110.221500398,-107.778218657,-96.6672544598,-84.0515878447,-63.3383946551,-35.6716609562,-11.6236091678,8.82811928114,18.4024678946,24.2558420375,31.9154365038,33.0245465638,35.0091460502,34.7912721505,38.9063327732	2	scurve	0.04	396000,,
406790	0.0,1.0,2.0,3.0,4.0,5.0,6.0,7.0,8.0,9.0,10.0,11.0,12.0,13.0,14.0,15.0,16.0,17.0,18.0,19.0	141.530736895,139.001572159,139.295370561,139.234780798,139.367731478,142.0924733,150.485280891,157.788746381,170.13272839,188.456726284,212.227920346,239.248072713,261.034873531,270.912433618,283.366050215,287.009272559,289.308226985,290.53973075,291.504612305,289.063278781	2	scurve	0.04	396000,,
405772	0.0,1.0,2.0,3.0,4.0,5.0,6.0,7.0,8.0,9.0,10.0,11.0,12.0,13.0,14.0,15.0,16.0,17.0,18.0,19.0	-89.7148011654,-92.0581508742,-89.3426285076,-89.9538289454,-87.4166147288,-89.821086777,-83.0584756171,-74.4761820932,-63.9560037549,-43.7506807326,-18.4765233043,6.03220895858,24.7942364755,41.0968202356,51.7845285458,55.0348513231,56.6732830865,57.8006567126,57.0141735433,56.2543590202	2	scurve	0.04	396000,,
404691	0.0,1.0,2.0,3.0,4.0,5.0,6.0,7.0,8.0,9.0,10.0,11.0,12.0,13.0,14.0,15.0,16.0,17.0,18.0,19.0	-121.761544528,-124.163184235,-121.127734746,-123.619615525,-119.021516992,-117.547270807,-117.134180168,-104.982398405,-91.05649843,-70.4968354471,-47.8234802635,-21.8420125477,-5.63108733019,9.32774485151,16.8406184628,24.2250021833,24.6433708337,23.5615104403,25.5526713449,26.5910861768	2	scurve	0.04	396000,,
405271	0.0,1.0,2.0,3.0,4.0,5.0,6.0,7.0,8.0,9.0,10.0,11.0,12.0,13.0,14.0,15.0,16.0,17.0,18.0,19.0	-130.338686054,-129.434257112,-127.17183307,-128.300010705,-129.671075312,-125.533522518,-123.456950915,-115.81810583,-100.040727657,-82.8190091985,-56.5617858806,-30.4336569453,-11.8838019604,3.24306423137,12.4111952965,18.2383557343,15.7870069699,20.6728989109,18.2639569408,20.261995666	2	scurve	0.04	396000,,
406139	0.0,1.0,2.0,3.0,4.0,5.0,6.0,7.0,8.0,9.0,10.0,11.0,12.0,13.0,14.0,15.0,16.0,17.0,18.0,19.0	-128.036171986,-128.85714963,-123.64248259,-122.302863669,-124.967381283,-119.245282386,-119.334282638,-109.097916534,-95.153979414,-73.7161244191,-50.0970080211,-28.724820836,-9.03282556308,10.3322793812,16.9287381587,16.3953296237,21.2324197748,25.35366652,20.7205849327,21.4215496023	2	scurve	0.04	396000,,
405311	0.0,1.0,2.0,3.0,4.0,5.0,6.0,7.0,8.0,9.0,10.0,11.0,12.0,13.0,14.0,15.0,16.0,17.0,18.0,19.0	-95.5976301415,-92.9026525576,-94.5044363922,-90.8740237873,-91.2214155791,-90.5354754302,-83.8298249034,-79.5076441019,-61.5996410522,-42.534627668,-21.4780360448,7.14483232039,25.3327438318,38.8835741859,45.3374337783,51.2205467203,53.6295230194,51.7762765466,56.8956150102,52.1287806213	2	scurve	0.04	396000,,
405928	0.0,1.0,2.0,3.0,4.0,5.0,6.0,7.0,8.0,9.0,10.0,11.0,12.0,13.0,14.0,15.0,16.0,17.0,18.0,19.0	-62.1042015357,-60.2004168179,-64.4436085758,-60.4881744,-62.3805790821,-59.8128298356,-54.0158728147,-46.9081076173,-32.5952102366,-14.0287510789,12.5122097704,35.7218921155,58.342007869,73.8420258976,77.8980398432,86.4150758875,87.035748552,88.2202442564,89.9472407193,86.4393381573	2	scurve	0.04	396000,,
404158	0.0,1.0,2.0,3.0,4.0,5.0,6.0,7.0,8.0,9.0,10.0,11.0,12.0,13.0,14.0,15.0,16.0,17.0,18.0,19.0	-62.217727612,-61.8154438477,-63.4551865641,-57.8893635878,-57.5661670605,-59.1470097747,-52.3716974396,-43.8627062768,-31.7433203806,-10.0020760952,16.1503922357,36.7173242152,56.5149892238,69.5419221919,79.4832656083,85.0134773035,83.2978287023,86.1161824569,87.9900682179,91.0368120276	2	scurve	0.04	396000,,
405889	0.0,1.0,2.0,3.0,4.0,5.0,6.0,7.0,8.0,9.0,10.0,11.0,12.0,13.0,14.0,15.0,16.0,17.0,18.0,19.0	14.0414230104,9.96618468834,11.8481501203,13.0922993373,12.0003581713,15.4459873246,21.3043182571,27.0951511655,38.8342581668,64.6937209827,86.7597522335,114.989374551,132.299933758,146.112797911,153.346253507,160.407613986,158.615233093,160.104395746,158.959017738,160.855071428	2	scurve	0.04	396000,,
405251	0.0,1.0,2.0,3.0,4.0,5.0,6.0,7.0,8.0,9.0,10.0,11.0,12.0,13.0,14.0,15.0,16.0,17.0,18.0,19.0	-32.6051934449,-30.1964494124,-33.993379703,-28.696347596,-31.889317348,-29.2771651471,-23.0736360738,-13.341134486,-4.32726544301,20.0852529232,45.2737477184,68.0844235146,85.2875010823,102.672822896,112.227364672,115.952347732,114.896769892,119.410603146,117.981239031,115.40930644	2	scurve	0.04	396000,,
404325	0.0,1.0,2.0,3.0,4.0,5.0,6.0,7.0,8.0,9.0,10.0,11.0,12.0,13.0,14.0,15.0,16.0,17.0,18.0,19.0	-90.7557529459,-91.1238998378,-93.6585311796,-89.2059477995,-90.4727453799,-91.0688606298,-86.3460345851,-76.3345874937,-64.8643061334,-44.9814241317,-16.3012580554,8.98531415723,25.7651174559,39.4585436864,51.2620286168,52.305350563,53.9914060454,55.5953078984,55.060509573,58.768712769	2	scurve	0.04	396000,,
404775	0.0,1.0,2.0,3.0,4.0,5.0,6.0,7.0,8.0,9.0,10.0,11.0,12.0,13.0,14.0,15.0,16.0,17.0,18.0,19.0	8.81126679631,9.24185083659,9.30388120482,9.08031990646,6.99453657666,10.9320298119,17.014318957,23.372732509,35.5898205873,54.4415042943,85.1866229049,107.015934063,125.076579794,138.249262997,150.602903353,151.867483605,153.562387006,153.646824071,158.578461253,157.328595414	2	scurve	0.04	396000,,
405245	0.0,1.0,2.0,3.0,4.0,5.0,6.0,7.0,8.0,9.0,10.0,11.0,12.0,13.0,14.0,15.0,16.0,17.0,18.0,19.0	-55.2911225438,-60.4435269995,-55.7663452219,-57.399196211,-54.006558373,-50.3507233205,-48.9751886957,-40.7349707462,-28.4985139678,-5.97155967346,14.5549994158,43.2292994218,61.578887049,73.7349604095,83.9952962062,85.8571581416,90.4881307494,87.8405249651,92.1375419153,90.7562590495	2	scurve	0.04	396000,,
407649	0.0,1.0,2.0,3.0,4.0,5.0,6.0,7.0,8.0,9.0,10.0,11.0,12.0,13.0,14.0,15.0,16.0,17.0,18.0,19.0	94.5161116208,94.014888058,98.0152231624,97.4405454827,98.403540292,104.336366306,107.15094254,112.434571007,127.709190868,145.445905993,173.13907602,197.394366379,215.206406178,227.551062329,241.078695191,244.245283989,246.676297649,248.929484331,248.639016273,249.717372078	2	scurve	0.04	396000,,
406520	0.0,1.0,2.0,3.0,4.0,5.0,6.0,7.0,8.0,9.0,10.0,11.0,12.0,13.0,14.0,15.0,16.0,17.0,18.0,19.0	-109.135701909,-104.14526889,-105.98654637,-108.967479266,-106.411025145,-102.983256298,-97.9965019384,-93.5857532651,-75.9400699788,-55.3421273811,-34.6252914135,-6.15468270262,9.44136687859,25.5519153454,36.6189415921,34.9865978735,43.4733460944,41.9439051652,41.0731367182,40.3918916386	2	scurve	0.04	396000,,
406479	0.0,1.0,2.0,3.0,4.0,5.0,6.0,7.0,8.0,9.0,10.0,11.0,12.0,13.0,14.0,15.0,16.0,17.0,18.0,19.0	64.9042907847,65.6921289963,67.6796163867,63.8113418115,65.6373120809,65.236153067,74.2681075971,77.3295863102,93.0759277844,112.458579818,140.048710462,161.898138598,184.436592838,194.390738012,202.788560645,209.876383955,209.508715763,210.363285378,215.091892379,212.726252485	2	scurve	0.04	396000,,
275599	0.0,1.0,2.0,3.0,4.0,5.0,6.0,7.0,8.0,9.0,10.0,11.0,12.0,13.0,14.0,15.0,16.0,17.0,18.0,19.0	-15.2694931768,-14.4121636792,-14.1505666405,-13.4211931786,-12.354061405,-9.92225465049,-6.39367015153,-2.84991910678,1.31597052492,3.78512795717,4.57741163185,3.77477399907,1.16480364405,-2.94560238202,-6.67506292225,-9.41815355361,-12.1471159213,-13.7015795928,-14.8029929475,-14.2928750983	0	norm	0.04	264000,,
273155	0.0,1.0,2.0,3.0,4.0,5.0,6.0,7.0,8.0,9.0,10.0,11.0,12.0,13.0,14.0,15.0,16.0,17.0,18.0,19.0	-14.6116961749,-14.7231092652,-14.2492487803,-13.0740976631,-11.6379780001,-9.76199303836,-6.21185967811,-3.06112776453,1.21812262993,3.83512298598,4.85630666719,4.17074697172,0.952259520835,-3.13721923645,-6.28970580673,-9.67121431932,-12.1444917991,-13.2823574126,-14.6890541891,-15.0827160094	0	norm	0.04	264000,,
272878	0.0,1.0,2.0,3.0,4.0,5.0,6.0,7.0,8.0,9.0,10.0,11.0,12.0,13.0,14.0,15.0,16.0,17.0,18.0,19.0	14.7172285673,14.4517578022,15.2550376621,15.2342862859,16.4535661031,19.5220358315,22.2529059572,26.699196875,30.0707970653,33.0042960299,34.092071517,32.9392058927,30.3647452109,26.6159467564,22.5226077326,19.0614232675,16.4421954563,15.6632166637,15.2088793006,14.2720267005	0	norm	0.04	264000,,
274206	0.0,1.0,2.0,3.0,4.0,5.0,6.0,7.0,8.0,9.0,10.0,11.0,12.0,13.0,14.0,15.0,16.0,17.0,18.0,19.0	1.97217516273,2.21996299386,2.93183864796,3.80953236314,4.8792521969,7.10730378081,10.56894884,14.6950951222,18.4559772936,21.3839845147,22.4114317314,21.5660327091,18.0288998905,14.8805175901,10.3302418032,7.54327097176,5.45836876894,3.24287733453,2.54890141948,2.98650380207	0	norm	0.04	264000,,
273600	0.0,1.0,2.0,3.0,4.0,5.0,6.0,7.0,8.0,9.0,10.0,11.0,12.0,13.0,14.0,15.0,16.0,17.0,18.0,19.0	6.53751698721,6.80227848326,6.87077858963,7.85437896473,8.96663401721,11.4374476153,14.5572588121,18.4722242672,22.0238747239,25.067915008,26.2498190466,25.2602199338,22.8173375708,18.7663423812,15.1310918913,11.3155875112,9.68592188455,8.15130919493,7.39814242632,7.18657773532	0	norm	0.04	264000,,
273640	0.0,1.0,2.0,3.0,4.0,5.0,6.0,7.0,8.0,9.0,10.0,11.0,12.0,13.0,14.0,15.0,16.0,17.0,18.0,19.0	19.6965747007,19.3154752206,20.1844516934,20.5807882486,22.3913289706,23.9399180841,27.273640238,31.6892584283,35.3268835967,38.3299305526,39.3299800534,38.5120539909,35.0338558922,31.7934874701,27.7827392363,24.7918877121,21.5969829712,20.9774844855,19.6866584938,19.2044763755	0	norm	0.04	264000,,
273990	0.0,1.0,2.0,3.0,4.0,5.0,6.0,7.0,8.0,9.0,10.0,11.0,12.0,13.0,14.0,15.0,16.0,17.0,18.0,19.0	3.95933727872,4.09829165084,4.33769384538,5.64611055146,7.02750859088,8.62333954736,12.2267096479,16.221823929,19.4863611608,23.3355622439,24.2711376906,23.1997477261,20.1836474832,16.082646801,12.2043790784,8.76380074905,6.35396939943,4.81406797712,5.05888799569,3.85788546803	0	norm	0.04	264000,,
275706	0.0,1.0,2.0,3.0,4.0,5.0,6.0,7.0,8.0,9.0,10.0,11.0,12.0,13.0,14.0,15.0,16.0,17.0,18.0,19.0	-9.1091557642,-8.79696330524,-8.39887967188,-8.09195030072,-5.9633438181,-4.44266477492,-0.795343728813,2.79483633137,7.23602258976,10.3733936209,10.8596989578,9.94278778955,6.48209842163,2.89442076439,-0.522251309274,-4.28706242612,-6.18812856012,-7.44749099293,-8.13612362687,-8.96352329354	0	norm	0.04	264000,,
272777	0.0,1.0,2.0,3.0,4.0,5.0,6.0,7.0,8.0,9.0,10.0,11.0,12.0,13.0,14.0,15.0,16.0,17.0,18.0,19.0	7.82012843137,7.88657873358,8.77296692175,9.74605639441,10.5457282606,12.9313940913,16.1513882956,20.0090231621,23.6733825931,27.3970693955,28.045446106,26.5921535741,24.0211751277,20.5466317508,16.225546413,13.287245695,11.0160382633,8.99582682761,8.6446315999,8.79659154592	0	norm	0.04	264000,,
273189	0.0,1.0,2.0,3.0,4.0,5.0,6.0,7.0,8.0,9.0,10.0,11.0,12.0,13.0,14.0,15.0,16.0,17.0,18.0,19.0	12.9677469482,12.6809732699,13.1728160683,14.063969636,15.848921209,17.4237244684,21.1689005534,24.7838400919,28.4962692956,31.6024689446,33.0480646686,31.7330327034,28.8840816062,25.0036672669,20.9560786783,17.7629679306,15.218849349,14.5437458409,13.74201794,13.4069855083	0	norm	0.04	264000,,
274297	0.0,1.0,2.0,3.0,4.0,5.0,6.0,7.0,8.0,9.0,10.0,11.0,12.0,13.0,14.0,15.0,16.0,17.0,18.0,19.0	8.06771960958,8.73512799458,8.90039079153,9.20518418151,11.4650057978,13.6648928847,16.077099952,20.3891606521,23.9705527689,27.117154377,28.7336536877,27.5498945561,24.1277322146,20.8262672378,15.9957214901,13.3454661783,11.4673018531,9.99477630389,9.06949468208,8.53700291471	0	norm	0.04	264000,,
274019	0.0,1.0,2.0,3.0,4.0,5.0,6.0,7.0,8.0,9.0,10.0,11.0,12.0,13.0,14.0,15.0,16.0,17.0,18.0,19.0	13.1889861714,13.7384535259,13.5122899592,14.0329429322,15.7391496245,18.4432725383,21.6826748899,25.0018887631,29.4807289189,31.6469650716,33.1280949037,31.699926593,28.8216760867,24.9812451335,21.0983188392,17.7568534526,16.012815294,14.5585973879,14.0569595598,13.3828365299	0	norm	0.04	264000,,
274377	0.0,1.0,2.0,3.0,4.0,5.0,6.0,7.0,8.0,9.0,10.0,11.0,12.0,13.0,14.0,15.0,16.0,17.0,18.0,19.0	2.2726572378,2.51468404008,2.21951228513,2.78667804591,4.08099200875,7.30531660882,9.89386107331,13.6476240035,17.6775277031,20.427557219,21.5984641401,20.3476800975,17.4658764894,13.934035162,10.1167650303,6.34598915644,4.61248644489,2.74041783028,2.10143660363,2.5092073916	0	norm	0.04	264000,,
274649	0.0,1.0,2.0,3.0,4.0,5.0,6.0,7.0,8.0,9.0,10.0,11.0,12.0,13.0,14.0,15.0,16.0,17.0,18.0,19.0	5.06180929578,4.92586927531,5.47576486203,6.11174199612,7.46758001359,10.0705430936,13.3887972432,17.1053345126,21.4430979865,23.7585810212,24.8923783703,24.3652828889,20.8548157463,16.8913273048,13.7587638989,9.99204981316,7.97420493384,6.49505869045,5.7384620718,5.03155746871	0	norm	0.04	264000,,
273192	0.0,1.0,2.0,3.0,4.0,5.0,6.0,7.0,8.0,9.0,10.0,11.0,12.0,13.0,14.0,15.0,16.0,17.0,18.0,19.0	-5.44219746017,-5.43981604843,-4.89647449188,-4.3977727392,-3.19809815905,-0.471304936641,2.34401111767,6.23918809768,10.5066139351,13.0049549701,14.6388060736,13.4716585169,10.1037916686,6.21700493806,2.77950275207,-0.718118701479,-3.34198376987,-4.91876254588,-5.32887312106,-5.81585661111	0	norm	0.04	264000,,
272651	0.0,1.0,2.0,3.0,4.0,5.0,6.0,7.0,8.0,9.0,10.0,11.0,12.0,13.0,14.0,15.0,16.0,17.0,18.0,19.0	8.90039563684,9.23307362336,9.06663798619,9.72180738333,11.4794063171,13.0024623076,16.4787889784,20.7230246828,24.3268436609,27.7448282241,28.6301340694,26.9347809557,24.3378577256,20.5117896769,16.8617600072,13.1219971196,11.1487778203,9.89572958858,8.75177036152,8.75815390032	0	norm	0.04	264000,,
272999	0.0,1.0,2.0,3.0,4.0,5.0,6.0,7.0,8.0,9.0,10.0,11.0,12.0,13.0,14.0,15.0,16.0,17.0,18.0,19.0	7.53309269812,7.49082677508,7.08318698524,8.75376653302,9.39336643227,11.7551309545,14.8847799352,18.8018321291,22.7847431755,25.7738202324,26.6618318987,25.6752399618,23.018706428,18.5905247961,15.4472799724,11.9129819324,9.86357275807,8.38532262067,7.18025333452,7.03129908928	0	norm	0.04	264000,,
273169	0.0,1.0,2.0,3.0,4.0,5.0,6.0,7.0,8.0,9.0,10.0,11.0,12.0,13.0,14.0,15.0,16.0,17.0,18.0,19.0	-0.949345690664,-0.627837411056,-0.791109475084,0.850937074964,1.68924630221,4.42577620059,7.64554547694,11.0080099222,15.5473976078,18.3707172819,19.517511021,18.4086563933,14.6591323966,11.065640369,6.8730970021,3.59653657308,1.38649052078,0.899904441925,0.0577381148613,-1.00459273711	0	norm	0.04	264000,,
272354	0.0,1.0,2.0,3.0,4.0,5.0,6.0,7.0,8.0,9.0,10.0,11.0,12.0,13.0,14.0,15.0,16.0,17.0,18.0,19.0	7.58745338437,6.80670030462,7.88270888058,8.20604608929,9.4443874086,11.7619100689,15.5606961733,18.7851687882,22.5808344838,26.4245310419,26.6504450244,25.9679038298,22.97317368,19.2787277649,15.0005159592,11.597913398,9.78297645435,8.16218150087,7.97124144226,6.83072218482	0	norm	0.04	264000,,
272941	0.0,1.0,2.0,3.0,4.0,5.0,6.0,7.0,8.0,9.0,10.0,11.0,12.0,13.0,14.0,15.0,16.0,17.0,18.0,19.0	1.56741678708,2.4426598276,2.52045062921,3.21293345725,4.12411393291,6.50766074898,9.72837104614,13.7658143044,17.6488438596,21.1279423179,22.2552828419,21.032422376,18.1717331425,14.4806005149,10.0401817939,6.64674216819,4.39195861149,2.99396306344,2.72040829253,1.64877051545	0	norm	0.04	264000,,
275855	0.0,1.0,2.0,3.0,4.0,5.0,6.0,7.0,8.0,9.0,10.0,11.0,12.0,13.0,14.0,15.0,16.0,17.0,18.0,19.0	14.9007863621,15.6533658232,15.8353478788,16.3587691945,17.9727745984,19.6500217605,22.7412376728,26.7149589501,31.0803058552,33.4301616384,35.3681086302,33.7384228081,31.1009973445,27.2259837994,23.2845043203,20.3369371888,17.5931696136,16.6433161654,15.4849962816,14.8386102463	0	norm	0.04	264000,,
275758	0.0,1.0,2.0,3.0,4.0,5.0,6.0,7.0,8.0,9.0,10.0,11.0,12.0,13.0,14.0,15.0,16.0,17.0,18.0,19.0	7.18443998714,7.11538739073,7.84665863567,8.0334203621,9.76874348404,12.0475738727,14.9751127616,18.9536248896,22.6449424412,25.5954755966,27.1364230409,26.2437596525,22.62375796,18.8163889092,14.9091151088,11.6442656151,9.293119253,7.99120613211,7.76860929532,7.45949200236	0	norm	0.04	264000,,
274265	0.0,1.0,2.0,3.0,4.0,5.0,6.0,7.0,8.0,9.0,10.0,11.0,12.0,13.0,14.0,15.0,16.0,17.0,18.0,19.0	7.02799365085,6.95344668894,7.91470692626,8.42657107767,10.2855715975,12.4603268224,15.2499082998,19.448144809,22.9988002088,25.5280043247,26.79512804,25.8399646433,23.2400131145,19.3758485092,15.3426602468,12.2140600061,9.8762457595,8.12360716517,8.13037825165,7.56383915044	0	norm	0.04	264000,,
272220	0.0,1.0,2.0,3.0,4.0,5.0,6.0,7.0,8.0,9.0,10.0,11.0,12.0,13.0,14.0,15.0,16.0,17.0,18.0,19.0	-18.8900845233,-18.5336649475,-18.3146021116,-17.3584596035,-16.3007316089,-13.6046684776,-10.6091815248,-7.0210961227,-2.98948943912,0.179700089532,0.860806446719,-0.234773762305,-2.98664988767,-7.33894481982,-10.632778973,-13.6758558667,-16.2011249343,-17.5929550034,-18.5959004216,-19.1968881889	0	norm	0.04	264000,,
272073	0.0,1.0,2.0,3.0,4.0,5.0,6.0,7.0,8.0,9.0,10.0,11.0,12.0,13.0,14.0,15.0,16.0,17.0,18.0,19.0	17.5350467896,17.6865125677,17.4164907797,18.1241272949,19.8524522354,22.0432416195,24.8408663646,28.8175032594,33.2501769404,36.0321435516,36.6605577015,35.7827909576,33.5322897922,29.336057368,25.6303237632,22.5001935961,19.437226944,18.5565867387,17.9883124387,16.9014866549	0	norm	0.04	264000,,
272482	0.0,1.0,2.0,3.0,4.0,5.0,6.0,7.0,8.0,9.0,10.0,11.0,12.0,13.0,14.0,15.0,16.0,17.0,18.0,19.0	16.8286294131,17.341898324,17.4559048872,18.219836605,19.3917294767,21.1978212962,24.7958462838,28.7117234465,32.2108008634,35.8150923159,36.2559740201,35.5442598553,33.0892159869,29.1119895758,24.9042620967,22.0065364757,19.6688933969,18.2855744235,16.8172520184,16.8075808039	0	norm	0.04	264000,,
275557	0.0,1.0,2.0,3.0,4.0,5.0,6.0,7.0,8.0,9.0,10.0,11.0,12.0,13.0,14.0,15.0,16.0,17.0,18.0,19.0	-19.9521354131,-19.399608833,-19.1635792952,-18.2633580565,-16.6994348142,-14.3160542108,-11.6887711795,-8.07007621991,-4.17165400676,-1.35918327176,0.536299042567,-1.17691879877,-3.3601073786,-7.78111298576,-11.9810920065,-14.8683328827,-16.9447603971,-18.4173929438,-19.1812302318,-19.5467686071	0	norm	0.04	264000,,
272040	0.0,1.0,2.0,3.0,4.0,5.0,6.0,7.0,8.0,9.0,10.0,11.0,12.0,13.0,14.0,15.0,16.0,17.0,18.0,19.0	16.1697965068,16.5861471554,16.6707015619,17.5202821255,18.2664666125,20.6380739758,23.6000431115,28.232734194,32.3084743857,34.8195612815,35.9726764397,34.8148933332,32.1944040041,27.8013374728,23.9864442151,20.9166421984,18.6161426197,17.279884586,16.3437718294,16.0550908804	0	norm	0.04	264000,,
273470	0.0,1.0,2.0,3.0,4.0,5.0,6.0,7.0,8.0,9.0,10.0,11.0,12.0,13.0,14.0,15.0,16.0,17.0,18.0,19.0	-15.0353630014,-15.4203937325,-14.1698926108,-13.8168092614,-12.3013844932,-9.82812105517,-7.25608341076,-2.64777695553,0.692735105176,3.87833292476,4.80199355934,3.56569843512,0.892144767704,-2.64534297944,-6.85611983176,-10.2033446872,-12.4657381008,-13.8566122042,-15.0211018765,-15.2589540076	0	norm	0.04	264000,,
275768	0.0,1.0,2.0,3.0,4.0,5.0,6.0,7.0,8.0,9.0,10.0,11.0,12.0,13.0,14.0,15.0,16.0,17.0,18.0,19.0	-18.4834626663,-18.4403637104,-17.9687446836,-16.9493296279,-16.1516038499,-13.1593611072,-10.726437719,-6.1466869127,-2.56897666247,0.868745826047,1.17826181504,0.306795410309,-2.27480272434,-6.39831538643,-10.5454248946,-13.479200964,-15.6657127338,-16.9746554814,-18.378609758,-18.3638835027	0	norm	0.04	264000,,
275643	0.0,1.0,2.0,3.0,4.0,5.0,6.0,7.0,8.0,9.0,10.0,11.0,12.0,13.0,14.0,15.0,16.0,17.0,18.0,19.0	-1.02565005314,-0.777457208291,-0.192716375042,-0.0502552422918,1.82194133053,4.08862772143,7.13556401267,11.0539364789,14.3315427641,17.3845486459,18.77620399,17.2869981091,14.7647334055,11.4109334757,6.71342957714,3.63796417492,1.05282509383,0.528964038879,-0.473371467611,-0.989545766702	0	norm	0.04	264000,,
273842	0.0,1.0,2.0,3.0,4.0,5.0,6.0,7.0,8.0,9.0,10.0,11.0,12.0,13.0,14.0,15.0,16.0,17.0,18.0,19.0	1.45579282642,2.08223547178,2.21897386657,2.87959937517,4.05398182115,7.2723820796,9.86541501283,13.9840051497,18.1751769871,20.874911429,21.4091451793,21.1558006234,18.1027968007,13.7539276755,10.0770045406,6.47122723159,4.32571664866,3.32086654324,1.8824238381,2.33929500359	0	norm	0.04	264000,,
273423	0.0,1.0,2.0,3.0,4.0,5.0,6.0,7.0,8.0,9.0,10.0,11.0,12.0,13.0,14.0,15.0,16.0,17.0,18.0,19.0	-7.77262536098,-6.85379883816,-7.20155603387,-5.84153384144,-4.35217347532,-2.43240643989,0.481259658587,4.99487719132,8.05459834347,10.9344879597,12.7924747876,10.9523627252,8.53280536536,4.73735651538,1.20121014615,-2.24065301904,-5.0423446688,-5.80854766107,-6.57872591664,-7.57436384464	0	norm	0.04	264000,,
272258	0.0,1.0,2.0,3.0,4.0,5.0,6.0,7.0,8.0,9.0,10.0,11.0,12.0,13.0,14.0,15.0,16.0,17.0,18.0,19.0	-5.43394675031,-5.28637097984,-5.6720655439,-4.85576425085,-3.01053597881,-0.939953476623,2.06979378737,5.67585656485,10.3769214595,13.2189702547,14.2480314718,13.1524560897,10.3352332331,6.41820182582,2.52272790273,-0.671527412061,-3.00486217521,-5.10762923363,-5.84891462813,-6.10764889955	0	norm	0.04	264000,,
272622	0.0,1.0,2.0,3.0,4.0,5.0,6.0,7.0,8.0,9.0,10.0,11.0,12.0,13.0,14.0,15.0,16.0,17.0,18.0,19.0	1.61362419816,1.22322881348,1.33714860109,2.01884766505,3.87052112521,5.86082804008,8.81388921688,12.811567661,17.047840884,19.9803398184,20.9875132907,19.4653826802,17.1236072888,13.1249794959,9.15111450184,6.00001217152,3.81215216445,2.47639164198,1.91672970395,1.56093095504	0	norm	0.04	264000,,
273945	0.0,1.0,2.0,3.0,4.0,5.0,6.0,7.0,8.0,9.0,10.0,11.0,12.0,13.0,14.0,15.0,16.0,17.0,18.0,19.0	-11.6210224991,-11.5181682603,-11.7779849671,-11.0655419384,-9.15514430259,-6.9710445823,-3.49343733852,0.535191512895,4.02328026593,6.8679338139,7.67524662398,7.07852206708,4.1095542668,-0.263929689168,-3.40631387179,-6.56863911442,-9.25945736709,-10.8941177088,-11.3487487227,-11.2710591707	0	norm	0.04	264000,,
275463	0.0,1.0,2.0,3.0,4.0,5.0,6.0,7.0,8.0,9.0,10.0,11.0,12.0,13.0,14.0,15.0,16.0,17.0,18.0,19.0	-4.75460301144,-5.41036712486,-4.93095415718,-4.04823207352,-2.72555221407,-0.56723479378,3.11241477228,6.98072240045,10.381278185,13.3313489548,14.8819816802,13.5468579478,11.3011751578,7.22017257674,3.48906756326,0.315124022011,-2.77408957373,-4.32311591483,-4.22206057041,-4.72163274669	0	norm	0.04	264000,,
274888	0.0,1.0,2.0,3.0,4.0,5.0,6.0,7.0,8.0,9.0,10.0,11.0,12.0,13.0,14.0,15.0,16.0,17.0,18.0,19.0	-7.54219247553,-7.92959568658,-7.74201811175,-6.90237811515,-5.53516977813,-3.36636548551,-0.0719928340961,3.71305331433,7.50576363463,10.8198300393,12.3162356894,11.1809041733,7.38963142678,4.12537265173,0.472356497914,-3.05287209864,-5.69810957392,-6.87062772017,-7.59657963376,-8.09393526561	0	norm	0.04	264000,,
275239	0.0,1.0,2.0,3.0,4.0,5.0,6.0,7.0,8.0,9.0,10.0,11.0,12.0,13.0,14.0,15.0,16.0,17.0,18.0,19.0	18.101876177,17.4380506305,17.9731361349,19.4102675992,20.5362305052,22.6307745543,26.4069924458,30.0424048768,34.0822708503,36.9136608372,37.4006519346,36.3442367009,33.94699601,30.2076661838,25.6316381259,23.0247339088,20.1268481926,19.3634778844,18.3052542374,17.5520790442	0	norm	0.04	264000,,
275192	0.0,1.0,2.0,3.0,4.0,5.0,6.0,7.0,8.0,9.0,10.0,11.0,12.0,13.0,14.0,15.0,16.0,17.0,18.0,19.0	19.5181271065,19.5465423443,19.9294921841,19.9662187697,21.5646423865,23.7247612251,26.9245384101,31.5172493826,35.3815653034,37.5312573274,39.4122128128,37.7107812161,34.7118137497,31.0256895708,27.0217459757,23.7105062664,21.3788642078,20.3950073667,19.1789839752,18.7831983047	0	norm	0.04	264000,,
275950	0.0,1.0,2.0,3.0,4.0,5.0,6.0,7.0,8.0,9.0,10.0,11.0,12.0,13.0,14.0,15.0,16.0,17.0,18.0,19.0	-4.09827203631,-4.33924489173,-4.25928486682,-3.6283369806,-1.95903193058,0.447780698683,3.51829614672,7.04881164701,11.2282515125,14.3438150969,14.8029514271,14.5008716127,11.4723014288,7.94010517716,3.63661237071,0.399487854044,-1.4989458803,-3.20364759743,-4.28907097435,-4.63243009958	0	norm	0.04	264000,,
275029	0.0,1.0,2.0,3.0,4.0,5.0,6.0,7.0,8.0,9.0,10.0,11.0,12.0,13.0,14.0,15.0,16.0,17.0,18.0,19.0	-17.095486457,-17.2433824453,-16.7014615193,-16.0351051523,-14.898193861,-12.8760194252,-8.87639312774,-5.52754273677,-1.17791022878,1.43329073458,3.0347913953,1.80965615678,-1.5574030256,-5.45851649107,-9.30609523682,-12.9070521483,-15.1837218211,-16.1893705512,-16.393366471,-17.410391924	0	norm	0.04	264000,,
273457	0.0,1.0,2.0,3.0,4.0,5.0,6.0,7.0,8.0,9.0,10.0,11.0,12.0,13.0,14.0,15.0,16.0,17.0,18.0,19.0	12.682196083,12.7106226375,12.7551490787,13.9429996618,15.5514276351,17.6840038998,20.5821896494,24.9242668111,28.309974782,31.3093348199,32.487707594,31.1629988443,29.0241058947,24.7832608215,21.0578990159,17.7133218973,15.7039561323,13.7201843911,13.7028574648,13.0575915797	0	norm	0.04	264000,,
275553	0.0,1.0,2.0,3.0,4.0,5.0,6.0,7.0,8.0,9.0,10.0,11.0,12.0,13.0,14.0,15.0,16.0,17.0,18.0,19.0	16.3412056161,16.9579317741,17.3688505303,17.6465812058,19.077985061,21.1140806755,24.4003005143,28.1019139491,32.8124462565,34.921922135,36.7502349478,35.4865259173,32.9193446144,28.6361821112,25.0263391484,21.4510983487,19.2183666885,17.4063966922,16.8386036283,16.3778662009	0	norm	0.04	264000,,
272947	0.0,1.0,2.0,3.0,4.0,5.0,6.0,7.0,8.0,9.0,10.0,11.0,12.0,13.0,14.0,15.0,16.0,17.0,18.0,19.0	10.2954062431,10.2047550189,10.388062905,11.0291269496,13.1621145778,14.5627859107,17.8986292494,22.0577319119,25.6360453038,28.4815134725,30.22207763,28.6741586035,26.2272446374,21.8686673874,17.9983061703,14.6070626596,12.3436836218,11.3429923797,10.3333217725,10.4943415289	0	norm	0.04	264000,,
275095	0.0,1.0,2.0,3.0,4.0,5.0,6.0,7.0,8.0,9.0,10.0,11.0,12.0,13.0,14.0,15.0,16.0,17.0,18.0,19.0	13.0832439421,13.5101156794,13.705977399,13.7978779774,15.5376221777,17.8584221104,21.0101405662,24.6871269249,28.3611958978,31.3738155445,32.2744217444,31.637642048,29.0910257178,24.451683539,20.5477263151,18.1182359092,15.907013249,14.5507134489,13.1733444537,13.1655116591	0	norm	0.04	264000,,
272028	0.0,1.0,2.0,3.0,4.0,5.0,6.0,7.0,8.0,9.0,10.0,11.0,12.0,13.0,14.0,15.0,16.0,17.0,18.0,19.0	13.5460231078,13.7215043708,13.2675741827,14.849294053,16.0626982659,18.1615064675,21.7924940716,25.2069609903,28.6787670124,32.031010518,32.7868937972,31.5380532285,28.6603393787,24.9092820275,21.6499260212,17.8154879061,15.903386666,14.687516255,13.3187533018,13.7201143217	0	norm	0.04	264000,,
273287	0.0,1.0,2.0,3.0,4.0,5.0,6.0,7.0,8.0,9.0,10.0,11.0,12.0,13.0,14.0,15.0,16.0,17.0,18.0,19.0	-10.9442225485,-11.4014156036,-10.5623737701,-10.0157708948,-7.97990857083,-6.03630576859,-2.7085338973,1.10679379987,5.18744621177,7.48233373768,8.5115233833,7.66868443017,4.59887830294,1.05844904578,-3.26623100303,-5.89060923996,-8.51363180658,-9.51035339629,-10.935313992,-11.1529719098	0	norm	0.04	264000,,
273648	0.0,1.0,2.0,3.0,4.0,5.0,6.0,7.0,8.0,9.0,10.0,11.0,12.0,13.0,14.0,15.0,16.0,17.0,18.0,19.0	-1.09433811624,-1.16843993994,-0.863878999776,0.0591560038598,1.95333453872,3.41691158445,6.57456548605,10.6427565299,15.1260913215,17.5223545857,19.1744857016,17.9182724789,14.4229390338,11.1087528241,6.5577787192,3.65569645127,1.5961798405,-0.0040016028437,-0.969370846581,-0.975137122161	0	norm	0.04	264000,,
272560	0.0,1.0,2.0,3.0,4.0,5.0,6.0,7.0,8.0,9.0,10.0,11.0,12.0,13.0,14.0,15.0,16.0,17.0,18.0,19.0	12.5772020814,12.8556608992,13.0925712788,13.7413106158,15.2583188555,17.9991520517,21.1437816643,24.8022168668,28.2730361164,31.2781705823,33.1197052856,31.756191167,28.9240881426,24.9961254267,20.910731046,17.3393529611,15.8321095035,14.4282243177,13.6802445689,12.4964241576	0	norm	0.04	264000,,
272178	0.0,1.0,2.0,3.0,4.0,5.0,6.0,7.0,8.0,9.0,10.0,11.0,12.0,13.0,14.0,15.0,16.0,17.0,18.0,19.0	-4.19035386492,-4.33851791616,-3.87582491222,-2.94852127,-2.49735856842,0.441836923646,3.24760169008,7.37563247548,11.083623957,13.9301731768,15.3444380279,13.9345016516,11.3935088477,7.07100854735,3.57180730775,0.684537059479,-1.66049760869,-3.27366936325,-3.64185877466,-4.54918140302	0	norm	0.04	264000,,
274022	0.0,1.0,2.0,3.0,4.0,5.0,6.0,7.0,8.0,9.0,10.0,11.0,12.0,13.0,14.0,15.0,16.0,17.0,18.0,19.0	6.75776188275,6.14741544819,6.60488741987,7.11023886178,8.87527217245,11.2167836387,14.0092302128,18.6890731733,22.1027355712,25.1666983788,25.916776132,25.3887942217,22.5280825728,18.3664111243,14.2421124291,11.4835407795,8.80445429292,7.28170485521,6.70265986045,6.43709932498	0	norm	0.04	264000,,
272786	0.0,1.0,2.0,3.0,4.0,5.0,6.0,7.0,8.0,9.0,10.0,11.0,12.0,13.0,14.0,15.0,16.0,17.0,18.0,19.0	6.29320991229,6.74314137919,6.54404313835,7.29190490933,9.26166818595,11.0059197165,14.2968678443,18.5894214619,22.1528713694,24.7198919123,26.3372007544,24.6660488607,21.9095923502,18.2334996656,13.9523189644,11.1101626532,9.10859156341,7.69009993098,6.7988455371,5.90096225424	0	norm	0.04	264000,,
274075	0.0,1.0,2.0,3.0,4.0,5.0,6.0,7.0,8.0,9.0,10.0,11.0,12.0,13.0,14.0,15.0,16.0,17.0,18.0,19.0	8.51402759956,8.67909464214,9.38580211165,10.126292764,11.8520716282,14.0321004968,16.8392107168,20.4534558955,25.2792962653,27.1921768233,29.1335622779,27.1881425444,24.9220831035,21.2736547245,17.0735092609,13.7366121273,11.504899642,9.92399018268,9.43298982914,9.45263482931	0	norm	0.04	264000,,
273643	0.0,1.0,2.0,3.0,4.0,5.0,6.0,7.0,8.0,9.0,10.0,11.0,12.0,13.0,14.0,15.0,16.0,17.0,18.0,19.0	-7.79128729784,-7.01342861766,-7.03663441293,-6.53575549626,-5.14913959227,-2.81647345521,0.515957465138,5.18321003988,8.40565956117,11.0047833422,12.8701380711,11.2388317949,8.99488952719,5.08392923476,0.42473266162,-2.28577281177,-4.59898764155,-5.72161561103,-6.55545045244,-7.15618618086	0	norm	0.04	264000,,
272535	0.0,1.0,2.0,3.0,4.0,5.0,6.0,7.0,8.0,9.0,10.0,11.0,12.0,13.0,14.0,15.0,16.0,17.0,18.0,19.0	5.05786375283,5.21678890633,4.70104147767,5.70410529187,7.22956939771,9.1979649159,12.8212476238,16.6381607917,21.0455159244,23.3210118357,24.2142388859,23.5988902068,20.6529531281,16.9481855032,12.6377707404,9.20907700636,7.02157718304,6.29377059159,5.22116846969,5.10024407599	0	norm	0.04	264000,,
274944	0.0,1.0,2.0,3.0,4.0,5.0,6.0,7.0,8.0,9.0,10.0,11.0,12.0,13.0,14.0,15.0,16.0,17.0,18.0,19.0	-9.66839043856,-9.12104726767,-9.06623737504,-7.92519365735,-7.1164003677,-4.10267679492,-1.8157257176,2.9122503662,5.99500179347,9.27810843332,10.8601192011,9.6986007102,6.27348961918,2.92321725422,-1.53298809415,-4.67472258405,-7.26534284017,-8.13018063677,-9.18048152231,-8.92344704656	0	norm	0.04	264000,,
273183	0.0,1.0,2.0,3.0,4.0,5.0,6.0,7.0,8.0,9.0,10.0,11.0,12.0,13.0,14.0,15.0,16.0,17.0,18.0,19.0	-13.4735193644,-13.5165252955,-12.9909462366,-12.0488574806,-11.5702333617,-8.88386361879,-5.89785638357,-1.7977240313,2.14769703956,5.11900670448,6.34962029616,5.4989268952,2.07209592497,-1.36777349289,-5.67446658635,-8.90594894216,-10.8406036451,-12.5240419379,-12.9796828199,-13.9302824632	0	norm	0.04	264000,,
272520	0.0,1.0,2.0,3.0,4.0,5.0,6.0,7.0,8.0,9.0,10.0,11.0,12.0,13.0,14.0,15.0,16.0,17.0,18.0,19.0	17.7452390767,18.0928673639,18.068381633,19.2146597175,20.2384762028,22.659644905,26.5799627781,30.1300275357,33.5139944342,36.6281405858,37.8625932907,36.5563368775,33.7484122386,29.8709003018,25.6452379535,23.1963448509,20.222269846,19.7207144006,18.7300799605,18.3677670125	0	norm	0.04	264000,,
275417	0.0,1.0,2.0,3.0,4.0,5.0,6.0,7.0,8.0,9.0,10.0,11.0,12.0,13.0,14.0,15.0,16.0,17.0,18.0,19.0	-1.50730491812,-0.969206660803,-0.556562465807,0.0299727964877,0.916537152964,3.83049731107,6.58125143994,10.2425326446,14.975167594,17.4162567822,18.4195100656,17.5105050944,14.6410205448,10.8037636392,6.49190824403,3.66285015998,1.01486479616,-0.0656726929574,-0.355935629054,-0.995067194711	0	norm	0.04	264000,,
272989	0.0,1.0,2.0,3.0,4.0,5.0,6.0,7.0,8.0,9.0,10.0,11.0,12.0,13.0,14.0,15.0,16.0,17.0,18.0,19.0	-8.8442746302,-8.70862358337,-8.82890789829,-7.84841010701,-6.01794812711,-4.3320566402,-1.13443359794,2.73754647092,7.28768444221,9.62433658053,11.2337014686,9.67815055763,6.92020481497,3.32697771355,-1.11287906038,-4.13797872528,-6.26582192746,-7.23601234876,-8.44718051901,-8.83682370317	0	norm	0.04	264000,,
273601	0.0,1.0,2.0,3.0,4.0,5.0,6.0,7.0,8.0,9.0,10.0,11.0,12.0,13.0,14.0,15.0,16.0,17.0,18.0,19.0	-2.48841540183,-2.79491146915,-1.88288130064,-1.17041301273,-0.292443192947,2.47125028613,6.0246760034,9.41896776359,13.4734491288,16.3528149343,17.2666706286,16.2955422609,13.1701779153,9.41604338952,6.00644945438,2.21924154053,-0.293423508695,-1.00856812491,-1.81584949307,-2.76175322817	0	norm	0.04	264000,,
272284	0.0,1.0,2.0,3.0,4.0,5.0,6.0,7.0,8.0,9.0,10.0,11.0,12.0,13.0,14.0,15.0,16.0,17.0,18.0,19.0	-15.8477064536,-14.8098632973,-15.043705607,-14.3943373356,-12.3096084471,-10.1665629242,-7.47870509717,-3.01212662965,0.584463481676,3.30408262577,4.57230501396,3.23023068038,0.879037686789,-3.43735671705,-6.86668677593,-9.99319950598,-12.8006612558,-13.6510283304,-14.5754238265,-14.851080694	0	norm	0.04	264000,,
275632	0.0,1.0,2.0,3.0,4.0,5.0,6.0,7.0,8.0,9.0,10.0,11.0,12.0,13.0,14.0,15.0,16.0,17.0,18.0,19.0	9.94878281344,10.2766510034,10.5330005638,11.5942567016,12.8655317459,15.4038494469,18.1803591679,21.8533598457,26.3563941805,29.4716083571,29.6393941162,29.2486327689,26.1619199198,22.1221254061,18.0518729442,15.0962499489,12.6352338422,10.9903565686,10.2395275165,10.169050611	0	norm	0.04	264000,,
272046	0.0,1.0,2.0,3.0,4.0,5.0,6.0,7.0,8.0,9.0,10.0,11.0,12.0,13.0,14.0,15.0,16.0,17.0,18.0,19.0	-15.2913889141,-15.0995436787,-14.4496141704,-14.0051750326,-12.097853011,-10.5073916542,-7.03359129086,-2.97800618943,0.7461031469,3.52844482825,4.8262773475,3.4475635866,1.07996882462,-3.11734189373,-6.58097756468,-10.4910429185,-12.4957843691,-13.6919470653,-14.8606241724,-14.5836766233	0	norm	0.04	264000,,
273149	0.0,1.0,2.0,3.0,4.0,5.0,6.0,7.0,8.0,9.0,10.0,11.0,12.0,13.0,14.0,15.0,16.0,17.0,18.0,19.0	19.5058891963,19.5653214579,19.7522692608,20.7107955939,21.9419056606,23.7283611825,27.6622637337,31.0749048179,34.6877531977,38.2067578527,38.7001464398,37.4339248267,35.2847089068,30.9617962885,27.0024518043,24.2446981647,21.7081865658,19.9245863136,19.2165671637,19.2410838142	0	norm	0.04	264000,,
274850	0.0,1.0,2.0,3.0,4.0,5.0,6.0,7.0,8.0,9.0,10.0,11.0,12.0,13.0,14.0,15.0,16.0,17.0,18.0,19.0	-11.0617661235,-11.1047320043,-9.82580958595,-10.0217775031,-7.82347590783,-5.70476149636,-2.60065196549,1.12134997094,4.83509422773,8.49657145636,9.12448689856,8.39390497617,5.52381399667,0.837745778814,-2.84496244247,-5.8824143467,-8.07587520341,-9.08811514705,-10.7429270442,-10.4310063965	0	norm	0.04	264000,,
272910	0.0,1.0,2.0,3.0,4.0,5.0,6.0,7.0,8.0,9.0,10.0,11.0,12.0,13.0,14.0,15.0,16.0,17.0,18.0,19.0	9.96724849784,10.1461106928,9.56881521229,10.7276784198,12.6745227339,14.2856706797,18.0298601884,21.6625281606,25.8562805389,28.7274338846,29.3637287037,28.2432038073,25.4813473111,22.0560059604,17.8726302592,14.5803264524,12.5301905752,11.1495073996,9.66173220777,9.73584765854	0	norm	0.04	264000,,
272963	0.0,1.0,2.0,3.0,4.0,5.0,6.0,7.0,8.0,9.0,10.0,11.0,12.0,13.0,14.0,15.0,16.0,17.0,18.0,19.0	-0.0907490023807,0.0217225259078,0.128965442678,0.823358229416,2.71954266713,4.64201455149,7.91531085765,11.3218577943,15.991380918,18.1650754959,19.1304361284,18.8829942648,15.3931019634,11.5815545902,7.87137729582,4.13602672177,2.38332429174,1.06338686607,-0.15851299175,-0.393547322205	0	norm	0.04	264000,,
274354	0.0,1.0,2.0,3.0,4.0,5.0,6.0,7.0,8.0,9.0,10.0,11.0,12.0,13.0,14.0,15.0,16.0,17.0,18.0,19.0	-6.19582825462,-5.9495888488,-5.38269594771,-4.98459024074,-3.42772550659,-0.781217781937,2.14854633754,6.48314572013,10.2096004737,12.3716380004,13.5014692756,12.3745703204,10.0501921669,5.75934411553,1.64222214391,-1.02437678431,-3.13446164752,-5.0518695292,-5.10407964982,-5.46443362464	0	norm	0.04	264000,,
275913	0.0,1.0,2.0,3.0,4.0,5.0,6.0,7.0,8.0,9.0,10.0,11.0,12.0,13.0,14.0,15.0,16.0,17.0,18.0,19.0	18.1219607178,18.6281277246,18.6417437688,19.7774554009,21.5407201602,23.1073120014,26.4956055524,30.4404289954,34.8454257088,37.2111169082,38.0639560919,37.179994188,34.6893148655,30.8686957279,26.9686364577,23.2248687894,20.8308545988,19.7739755323,18.7805777855,18.5826211865	0	norm	0.04	264000,,
275119	0.0,1.0,2.0,3.0,4.0,5.0,6.0,7.0,8.0,9.0,10.0,11.0,12.0,13.0,14.0,15.0,16.0,17.0,18.0,19.0	-11.7264044176,-11.9499160598,-10.712797576,-10.4555034431,-9.46494378535,-7.19101636853,-3.64649430935,0.254954008057,4.04368229204,6.69724159309,8.39292552712,7.62852131655,4.40037319352,0.635282013859,-3.25258219557,-6.69630922306,-9.42110645299,-10.5755338155,-10.937951518,-11.3928025185	0	norm	0.04	264000,,
273538	0.0,1.0,2.0,3.0,4.0,5.0,6.0,7.0,8.0,9.0,10.0,11.0,12.0,13.0,14.0,15.0,16.0,17.0,18.0,19.0	8.27773349072,8.33866252111,8.71810021952,9.64052055693,11.1249253436,13.4666835565,16.7935033047,20.3948438785,24.2883543193,27.6199171784,28.4181077101,26.8481809478,24.7168856989,20.0406300833,16.4995449976,13.4440187514,11.2636391622,9.89646999375,9.0237925662,8.17184679323	0	norm	0.04	264000,,
273215	0.0,1.0,2.0,3.0,4.0,5.0,6.0,7.0,8.0,9.0,10.0,11.0,12.0,13.0,14.0,15.0,16.0,17.0,18.0,19.0	11.5736737312,11.5942282488,12.0121909297,13.6111449039,14.7094098787,16.4430240526,20.5076147773,24.3695579911,28.1287545546,30.4773295533,31.2535598185,30.5161119561,27.6379296669,24.256376227,20.4257339799,17.2455835594,14.5586641005,13.2547329609,12.3294742621,12.0570090434	0	norm	0.04	264000,,
275390	0.0,1.0,2.0,3.0,4.0,5.0,6.0,7.0,8.0,9.0,10.0,11.0,12.0,13.0,14.0,15.0,16.0,17.0,18.0,19.0	8.49268960963,8.40763896688,9.53924432126,9.72215015417,11.4870228839,13.5974750153,16.6583569208,21.0035579756,24.6473562706,27.9636570519,28.6271933786,27.460786555,24.9447553372,20.6829414884,17.2739314785,13.4115438728,11.756536197,9.87593392754,9.27698646602,8.88637468748	0	norm	0.04	264000,,
272289	0.0,1.0,2.0,3.0,4.0,5.0,6.0,7.0,8.0,9.0,10.0,11.0,12.0,13.0,14.0,15.0,16.0,17.0,18.0,19.0	13.652850589,13.0835996556,14.243858763,14.8328657536,15.6153890254,17.8279084031,21.3238303097,25.7415848876,28.9900728965,32.4191604053,33.0654267854,31.7498878203,29.1676091212,25.5598164793,22.0228969024,18.2037877233,16.2166086017,15.0671574326,13.4600783199,13.6267653643	0	norm	0.04	264000,,
273190	0.0,1.0,2.0,3.0,4.0,5.0,6.0,7.0,8.0,9.0,10.0,11.0,12.0,13.0,14.0,15.0,16.0,17.0,18.0,19.0	12.682636932,12.9692885663,13.3104100271,14.275373889,15.1971708929,17.7545634067,20.9681164507,24.8122837104,28.2320144542,31.0251807118,32.4933373975,31.7411931442,28.4953785913,24.4756046041,20.6967148445,18.0091788478,14.9805288019,13.9669243692,13.3760894214,12.573886724	0	norm	0.04	264000,,
273661	0.0,1.0,2.0,3.0,4.0,5.0,6.0,7.0,8.0,9.0,10.0,11.0,12.0,13.0,14.0,15.0,16.0,17.0,18.0,19.0	19.1510771038,19.2129992185,19.8145971304,20.2320332932,21.8049882692,24.7054096318,27.7523944472,31.2994502005,34.8915252902,38.2992472609,39.6774390213,37.7195591548,34.9105710026,31.1220181936,28.0327233685,24.7255516544,22.0376716991,21.0695210058,20.2386432951,19.9363605186	0	norm	0.04	264000,,
274597	0.0,1.0,2.0,3.0,4.0,5.0,6.0,7.0,8.0,9.0,10.0,11.0,12.0,13.0,14.0,15.0,16.0,17.0,18.0,19.0	-12.4071220921,-12.244563015,-11.9096277614,-11.2736771587,-9.9174038169,-8.15917371549,-4.620454202,-1.16434013337,3.46550376101,5.86475290121,7.06251515547,6.21899213398,2.83576311576,-0.63329014814,-4.96513209991,-7.75556289725,-10.3533094206,-11.6930852843,-12.1880145109,-13.0887548323	0	norm	0.04	264000,,
272122	0.0,1.0,2.0,3.0,4.0,5.0,6.0,7.0,8.0,9.0,10.0,11.0,12.0,13.0,14.0,15.0,16.0,17.0,18.0,19.0	19.8835180618,19.9189648347,20.6326810299,21.5533470995,22.9517683619,24.9886113488,28.4007386504,31.5966318488,36.2167995829,38.8837799417,39.316446617,38.7472236561,35.9955445274,31.6808602957,28.3399716034,24.7766088079,22.7345522505,20.9698888973,20.4300651734,19.6907436002	0	norm	0.04	264000,,
272831	0.0,1.0,2.0,3.0,4.0,5.0,6.0,7.0,8.0,9.0,10.0,11.0,12.0,13.0,14.0,15.0,16.0,17.0,18.0,19.0	-18.410061468,-18.8022161241,-17.8266858035,-17.5631105376,-15.9312412851,-14.2962337962,-11.0426246672,-6.32001053184,-3.40217561369,0.14991715345,0.949817086073,0.431919989287,-2.41097814899,-6.34039582685,-10.444153509,-14.1801919201,-16.3479569477,-17.7291303083,-18.3877760222,-18.161822915	0	norm	0.04	264000,,
272088	0.0,1.0,2.0,3.0,4.0,5.0,6.0,7.0,8.0,9.0,10.0,11.0,12.0,13.0,14.0,15.0,16.0,17.0,18.0,19.0	-15.6323709855,-15.2267072969,-15.1077798132,-13.8916182082,-12.4967037135,-10.4803901457,-7.69227115135,-3.18449132536,0.88875325788,3.29067145323,4.2554902611,3.0586407365,0.124358799611,-3.47618385147,-7.45212409033,-11.0618495884,-12.9441348063,-14.3596094729,-15.0788241765,-15.2916124066	0	norm	0.04	264000,,
275156	0.0,1.0,2.0,3.0,4.0,5.0,6.0,7.0,8.0,9.0,10.0,11.0,12.0,13.0,14.0,15.0,16.0,17.0,18.0,19.0	-19.112138406,-19.1627514619,-19.3953013705,-18.5116853201,-17.3196504142,-14.3726213049,-11.5596071545,-7.47520168395,-3.16818116784,-0.355908996186,0.614335245433,-0.447863608323,-4.07623795932,-7.84528873331,-11.373553983,-14.7694744901,-16.7212870709,-17.8012841603,-19.0212858432,-19.2328017229	0	norm	0.04	264000,,
274846	0.0,1.0,2.0,3.0,4.0,5.0,6.0,7.0,8.0,9.0,10.0,11.0,12.0,13.0,14.0,15.0,16.0,17.0,18.0,19.0	-5.63955269305,-5.4647082295,-4.92315039977,-4.38235009263,-2.8124411181,0.0929244278658,2.74079730867,7.23626158434,10.7484157393,13.6107580393,14.4505561759,13.9697036405,10.6006601827,6.74261172283,2.92981657244,-0.0146266124217,-2.59856570444,-4.19099198645,-4.37626261646,-4.71290369305	0	norm	0.04	264000,,
273021	0.0,1.0,2.0,3.0,4.0,5.0,6.0,7.0,8.0,9.0,10.0,11.0,12.0,13.0,14.0,15.0,16.0,17.0,18.0,19.0	0.339873385177,0.381176655219,0.346213305317,1.29970698131,2.81030391558,5.30938909211,8.81668144075,11.9887086253,16.1102239501,19.0058051161,20.491790286,19.5955301832,16.0647605101,12.4029792078,8.52278883277,5.08196227045,2.95941925454,1.50141159939,0.884392390933,0.893324526964	0	norm	0.04	264000,,
272735	0.0,1.0,2.0,3.0,4.0,5.0,6.0,7.0,8.0,9.0,10.0,11.0,12.0,13.0,14.0,15.0,16.0,17.0,18.0,19.0	-20.1184606759,-19.9062604064,-19.211150364,-18.1478229958,-16.6010942261,-14.5858195268,-11.3849592678,-7.32563770974,-3.53424526938,-1.09270323613,0.530879580329,-0.525141474683,-3.7530287187,-7.86534508532,-11.8420740895,-14.5422980559,-17.3049779189,-18.6060071536,-18.9612219181,-19.3240613403	0	norm	0.04	264000,,
274644	0.0,1.0,2.0,3.0,4.0,5.0,6.0,7.0,8.0,9.0,10.0,11.0,12.0,13.0,14.0,15.0,16.0,17.0,18.0,19.0	15.9379739594,16.3342083207,16.25396336,17.2300304493,18.2858567457,20.6211274766,24.3116297347,27.9804049793,31.9797031501,34.7592838902,36.0538695714,34.5843388554,32.2609861787,27.6652668699,24.2089271207,20.7576806349,18.1257783241,17.5840218276,16.2352928982,15.8950005417	0	norm	0.04	264000,,
273793	0.0,1.0,2.0,3.0,4.0,5.0,6.0,7.0,8.0,9.0,10.0,11.0,12.0,13.0,14.0,15.0,16.0,17.0,18.0,19.0	-10.603932286,-10.4264543505,-9.55224033905,-8.7470279062,-8.12254718423,-6.03851179022,-2.23628764586,1.72592683946,4.92890504023,8.03809774184,9.86355360568,8.28622656021,5.82330210309,1.62574570382,-2.74085875889,-5.22610440463,-8.33600634628,-8.79696921779,-9.94132598643,-10.0474533507	0	norm	0.04	264000,,
273755	0.0,1.0,2.0,3.0,4.0,5.0,6.0,7.0,8.0,9.0,10.0,11.0,12.0,13.0,14.0,15.0,16.0,17.0,18.0,19.0	-12.4365825854,-12.2894069735,-11.7346719686,-10.501770909,-9.63695114128,-7.63609417263,-4.27455872437,-0.615730766336,4.11052933832,6.68537888113,7.66188714493,6.73539959504,3.52622845888,-0.239839100497,-3.58700255285,-7.33268815772,-9.65976532914,-11.3582353772,-11.3562173863,-12.1926618481	0	norm	0.04	264000,,
273384	0.0,1.0,2.0,3.0,4.0,5.0,6.0,7.0,8.0,9.0,10.0,11.0,12.0,13.0,14.0,15.0,16.0,17.0,18.0,19.0	8.36653025502,7.97437173967,8.39433884806,9.56418357408,10.3037013686,13.2009534029,16.2584714307,19.5692381025,24.1428566891,26.5826333799,27.2769308081,26.2548074479,23.6035180072,20.1904342479,16.0057835641,12.8868360732,10.1908397172,9.6074607468,8.7835404018,7.95103631335	0	norm	0.04	264000,,
272905	0.0,1.0,2.0,3.0,4.0,5.0,6.0,7.0,8.0,9.0,10.0,11.0,12.0,13.0,14.0,15.0,16.0,17.0,18.0,19.0	-8.28721456596,-7.93717575877,-8.5525635147,-6.90923634117,-5.61814135398,-4.10316980841,-0.331425127039,3.84845857019,7.78352139079,10.3711290385,11.7677927034,10.2494672736,7.09522038004,3.49570249628,-0.0786112145078,-4.13056395328,-6.31728734786,-6.86544914656,-7.60615742425,-7.96721788732	0	norm	0.04	264000,,
275784	0.0,1.0,2.0,3.0,4.0,5.0,6.0,7.0,8.0,9.0,10.0,11.0,12.0,13.0,14.0,15.0,16.0,17.0,18.0,19.0	14.13877589,14.5057523936,15.3617673393,15.3347993505,17.4061254151,19.111269403,23.1442670953,26.4456527033,30.1768763579,33.024426548,34.52017225,33.5119270392,30.724454889,26.5345028477,22.8146088881,19.8633617252,16.8940454668,16.2113474064,15.071265546,14.4416978474	0	norm	0.04	264000,,
273257	0.0,1.0,2.0,3.0,4.0,5.0,6.0,7.0,8.0,9.0,10.0,11.0,12.0,13.0,14.0,15.0,16.0,17.0,18.0,19.0	7.1706032288,7.85901754424,8.01466785584,8.89587906661,10.0223842794,12.2575213043,15.6451620859,19.4725401291,23.9764267681,26.2237726463,27.2174557956,26.4152661274,23.4622841915,20.0783287313,15.6981140662,12.5441562392,10.3027859893,8.92745566044,8.01184981751,8.20713023175	0	norm	0.04	264000,,
275660	0.0,1.0,2.0,3.0,4.0,5.0,6.0,7.0,8.0,9.0,10.0,11.0,12.0,13.0,14.0,15.0,16.0,17.0,18.0,19.0	-6.31473111036,-5.9077817532,-5.92421749875,-4.60148825622,-2.96565889758,-1.05505460928,2.25038354947,5.93592391443,10.3193340981,13.0477269878,13.3636285094,12.8119656058,10.3265835873,5.98189559618,2.20023182905,-0.826633085233,-3.07750866235,-5.11287478074,-5.10962936065,-6.37001210814	0	norm	0.04	264000,,
275499	0.0,1.0,2.0,3.0,4.0,5.0,6.0,7.0,8.0,9.0,10.0,11.0,12.0,13.0,14.0,15.0,16.0,17.0,18.0,19.0	-9.42002288232,-9.09431587523,-9.15889648429,-8.72512066817,-7.16325988022,-4.65158828934,-1.5073772044,1.8744383441,6.54734126123,8.85652141979,10.3765268055,8.97662161386,6.54350118597,2.66165746646,-1.59751251754,-4.30518810528,-7.4679641076,-8.63341447733,-9.31286690436,-9.33007756128	0	norm	0.04	264000,,
275841	0.0,1.0,2.0,3.0,4.0,5.0,6.0,7.0,8.0,9.0,10.0,11.0,12.0,13.0,14.0,15.0,16.0,17.0,18.0,19.0	-19.6562718533,-19.0288776131,-18.9052670821,-17.7718109653,-16.4712324379,-14.3169299004,-10.9327361721,-7.62733068366,-3.58251284046,-0.0914166873777,0.220280071442,-0.610950688858,-2.81037454115,-6.95026664386,-10.5894967888,-14.4753549741,-16.975046133,-18.4625246171,-18.4066927763,-18.8835411462	0	norm	0.04	264000,,
273016	0.0,1.0,2.0,3.0,4.0,5.0,6.0,7.0,8.0,9.0,10.0,11.0,12.0,13.0,14.0,15.0,16.0,17.0,18.0,19.0	2.66632250913,2.85515071406,2.62564125239,3.81472085474,5.28997351393,7.82855868437,10.4197924752,14.7436607301,18.2790609469,20.8925075637,22.8099294017,21.0829210903,18.073342134,14.8757954798,10.6371316202,7.48178996621,4.75283546275,4.00950661617,3.44162811728,2.64359641104	0	norm	0.04	264000,,
274656	0.0,1.0,2.0,3.0,4.0,5.0,6.0,7.0,8.0,9.0,10.0,11.0,12.0,13.0,14.0,15.0,16.0,17.0,18.0,19.0	-11.3936568842,-11.7057309929,-10.979220477,-10.3045269737,-9.29876814324,-6.34741836346,-3.59208133739,0.288752435081,4.6616011071,7.30122214289,8.21698678416,6.83510228164,4.09054266653,-0.103950198794,-3.4508011747,-6.94966847593,-8.77762081445,-10.6577703808,-11.0981148785,-11.9126495158	0	norm	0.04	264000,,
272519	0.0,1.0,2.0,3.0,4.0,5.0,6.0,7.0,8.0,9.0,10.0,11.0,12.0,13.0,14.0,15.0,16.0,17.0,18.0,19.0	-14.9547296568,-14.0903325166,-14.1572190737,-12.8592879085,-11.505873997,-9.25246392631,-6.41755476157,-2.18547551303,1.70111388651,3.97284808517,5.41821920561,4.61351489771,0.870211616881,-2.806152939,-6.09323394652,-9.55096450478,-11.4652478773,-12.9632656532,-14.1102423606,-13.9868689912	0	norm	0.04	264000,,
273066	0.0,1.0,2.0,3.0,4.0,5.0,6.0,7.0,8.0,9.0,10.0,11.0,12.0,13.0,14.0,15.0,16.0,17.0,18.0,19.0	-17.5547741044,-17.8467255469,-17.7321940676,-16.6707397318,-15.3672554644,-12.9803541098,-9.29504166396,-6.14820030274,-1.60270495209,1.42313960888,2.42060478413,1.11179897967,-2.09361015709,-5.68142007038,-9.9149398575,-12.369827651,-14.7192197853,-16.5158426708,-17.017507883,-17.3157598995	0	norm	0.04	264000,,
273883	0.0,1.0,2.0,3.0,4.0,5.0,6.0,7.0,8.0,9.0,10.0,11.0,12.0,13.0,14.0,15.0,16.0,17.0,18.0,19.0	-3.66559817475,-3.31345941656,-3.53375734302,-2.16555125394,-0.90238966278,1.32711177755,4.09019782926,8.85242868937,11.8790913464,15.3896610261,15.9764283415,15.5130689935,11.8925803828,8.09956516898,4.68002024184,1.03562915352,-1.15444050584,-2.6099027567,-2.95958482631,-3.65059606239	0	norm	0.04	264000,,
275547	0.0,1.0,2.0,3.0,4.0,5.0,6.0,7.0,8.0,9.0,10.0,11.0,12.0,13.0,14.0,15.0,16.0,17.0,18.0,19.0	7.47656943343,7.44562990088,7.34420303384,8.69531281163,9.73530646031,12.3448120566,15.3471291034,19.386929484,22.6831436332,25.8710288778,27.2581743773,25.9483040479,23.3192198355,19.1299259195,14.7389071954,12.3381413166,9.25347392395,8.06638074407,7.66508869808,7.45952832473	0	norm	0.04	264000,,
273687	0.0,1.0,2.0,3.0,4.0,5.0,6.0,7.0,8.0,9.0,10.0,11.0,12.0,13.0,14.0,15.0,16.0,17.0,18.0,19.0	-1.51241340182,-1.17687513197,-1.05918553625,-0.365613114042,1.2900345811,3.99529266608,6.92864792526,10.936811751,15.1288035658,17.7568224482,18.7390338894,17.5001574337,14.9902441161,10.7382841668,6.94798282912,3.95156480015,1.53823499404,-0.127377031615,-0.519377823857,-1.37436003701	0	norm	0.04	264000,,
273805	0.0,1.0,2.0,3.0,4.0,5.0,6.0,7.0,8.0,9.0,10.0,11.0,12.0,13.0,14.0,15.0,16.0,17.0,18.0,19.0	1.99914747948,1.815649235,2.15257508867,3.46090391416,4.4647742225,7.06758614796,10.3066521499,13.6331086341,17.4495806212,20.424213009,22.168167779,21.1519981177,18.0365529685,13.6053081408,10.039401918,7.17303769393,4.72593718841,3.67727575865,2.34748626128,2.431998692	0	norm	0.04	264000,,
274505	0.0,1.0,2.0,3.0,4.0,5.0,6.0,7.0,8.0,9.0,10.0,11.0,12.0,13.0,14.0,15.0,16.0,17.0,18.0,19.0	-10.8945320049,-10.8408190754,-10.3471131247,-8.92148324635,-8.48548875224,-5.87094942216,-2.77109707848,1.7850508905,4.98820410006,8.22116051551,9.3301692096,8.09419397128,5.58753373677,1.80924187674,-2.56226516924,-5.73803714799,-8.12370481058,-9.47921998561,-10.0599085158,-10.7766137456	0	norm	0.04	264000,,
275544	0.0,1.0,2.0,3.0,4.0,5.0,6.0,7.0,8.0,9.0,10.0,11.0,12.0,13.0,14.0,15.0,16.0,17.0,18.0,19.0	-11.9429713409,-11.0801179629,-10.9595791537,-10.1985014354,-9.18163724418,-6.71625294672,-3.46700474739,0.40536429739,3.95882312832,7.50433916973,8.79318314833,7.55076695056,4.73291620296,0.857221274935,-3.3013230912,-6.70471061123,-9.27971030586,-10.0485472996,-10.8609939366,-10.8962589226	0	norm	0.04	264000,,
274372	0.0,1.0,2.0,3.0,4.0,5.0,6.0,7.0,8.0,9.0,10.0,11.0,12.0,13.0,14.0,15.0,16.0,17.0,18.0,19.0	-2.56996556961,-2.99342734794,-2.05546700784,-1.93506802187,-0.378676041165,2.22984932648,5.15604081533,9.12346322464,12.966219753,15.6176272226,17.1818430612,15.9772006097,12.9231984312,8.79479521313,5.37305922939,1.36320324944,-0.75156825798,-1.99660541195,-2.39805317111,-2.74189426621	0	norm	0.04	264000,,
273875	0.0,1.0,2.0,3.0,4.0,5.0,6.0,7.0,8.0,9.0,10.0,11.0,12.0,13.0,14.0,15.0,16.0,17.0,18.0,19.0	1.88741891467,2.69248005262,2.40891471273,3.80954653607,5.0524269627,7.10660379508,10.1738781949,14.0222798828,17.8459009105,20.5806933055,22.5047236751,20.8859916497,18.5111754761,14.3160655052,9.82514948966,7.52634412284,5.27240307335,3.534040804,3.102384901,2.77584715667	0	norm	0.04	264000,,
272942	0.0,1.0,2.0,3.0,4.0,5.0,6.0,7.0,8.0,9.0,10.0,11.0,12.0,13.0,14.0,15.0,16.0,17.0,18.0,19.0	-19.3445642723,-19.1254414213,-18.6754026843,-17.4640247244,-16.6173382373,-14.4553650164,-11.0010396639,-7.23778734997,-3.32695808315,-0.34455023331,0.955785395558,-0.299118374631,-3.30123668317,-7.07831831254,-10.498259836,-14.4222426037,-16.2150117694,-17.8395162645,-18.2991115949,-18.5230427056	0	norm	0.04	264000,,
274382	0.0,1.0,2.0,3.0,4.0,5.0,6.0,7.0,8.0,9.0,10.0,11.0,12.0,13.0,14.0,15.0,16.0,17.0,18.0,19.0	-5.01998737309,-4.8415734692,-4.87970113294,-4.24678234704,-2.55985643376,-0.00703981815623,2.64661107371,7.04117183584,10.7071505374,14.0154681625,14.5180630588,13.6284260542,11.1080431963,6.780017897,3.33248276894,-0.33292075493,-2.36721304044,-4.02763905188,-4.26381450738,-4.68988499216	0	norm	0.04	264000,,
275849	0.0,1.0,2.0,3.0,4.0,5.0,6.0,7.0,8.0,9.0,10.0,11.0,12.0,13.0,14.0,15.0,16.0,17.0,18.0,19.0	-7.41476954481,-8.23124820342,-7.35627833379,-6.16533232007,-5.41571451761,-3.17860166198,0.0277203509387,3.85165505052,8.06545622191,10.8529337378,12.0465465132,11.1399203194,7.65263300587,3.791538266,0.730147836376,-2.79351354318,-5.49442542763,-6.78897900691,-7.12926020155,-7.25701346792	0	norm	0.04	264000,,
272293	0.0,1.0,2.0,3.0,4.0,5.0,6.0,7.0,8.0,9.0,10.0,11.0,12.0,13.0,14.0,15.0,16.0,17.0,18.0,19.0	10.8042863029,10.7252805762,11.6379827848,12.2441242486,13.5318506243,15.4377161428,18.8956624289,23.4692608295,26.8170113165,29.5691660457,30.5045265354,29.7802453574,26.4206154828,23.2993833283,19.4080582035,15.6861010956,13.5762380247,11.8293138272,11.949911592,11.5313915274	0	norm	0.04	264000,,
275798	0.0,1.0,2.0,3.0,4.0,5.0,6.0,7.0,8.0,9.0,10.0,11.0,12.0,13.0,14.0,15.0,16.0,17.0,18.0,19.0	-9.85252252318,-9.89135158817,-10.020540594,-9.27826586005,-7.68638266948,-5.32819644279,-1.62863870855,1.64357610015,5.81120995761,8.50469706698,9.82188121041,8.33869456061,5.55799815391,1.57211425001,-1.64786418085,-4.92416900278,-7.63832097395,-9.49766690966,-9.84814136107,-10.3904620444	0	norm	0.04	264000,,
275243	0.0,1.0,2.0,3.0,4.0,5.0,6.0,7.0,8.0,9.0,10.0,11.0,12.0,13.0,14.0,15.0,16.0,17.0,18.0,19.0	16.3018609964,16.3275689614,16.6753609194,18.0524400913,19.1715370084,21.3961216982,24.9771169415,28.7410923992,32.2138975731,34.9213178267,36.6604348233,35.2785074924,32.3018881963,28.8230386758,24.6912036125,21.6841711829,19.4479235951,18.1616282322,17.0485209651,16.8785898463	0	norm	0.04	264000,,
272946	0.0,1.0,2.0,3.0,4.0,5.0,6.0,7.0,8.0,9.0,10.0,11.0,12.0,13.0,14.0,15.0,16.0,17.0,18.0,19.0	-18.3379158984,-17.7563968096,-17.5411553445,-16.9113925432,-15.2651203556,-12.8833599802,-10.0122678172,-6.36622510214,-2.03066580886,0.933400032682,1.27044842254,0.14011326158,-2.32953321105,-6.51786189518,-9.91802456808,-12.9876736515,-15.9742687818,-17.1484903248,-17.9303122944,-18.5770366962	0	norm	0.04	264000,,
272227	0.0,1.0,2.0,3.0,4.0,5.0,6.0,7.0,8.0,9.0,10.0,11.0,12.0,13.0,14.0,15.0,16.0,17.0,18.0,19.0	12.0263375424,12.0814407055,12.9940422754,13.2508914888,14.8276665074,16.4929940615,20.5347348041,23.9690445904,28.070238813,31.178131726,31.7414423619,31.1985463926,27.9722449208,23.7841888913,20.3963403649,16.9643125285,14.2390533568,13.5755951895,12.3899308614,12.3237227136	0	norm	0.04	264000,,
272094	0.0,1.0,2.0,3.0,4.0,5.0,6.0,7.0,8.0,9.0,10.0,11.0,12.0,13.0,14.0,15.0,16.0,17.0,18.0,19.0	-12.7503163611,-11.7827742617,-11.6023692012,-11.4570198309,-9.7085829187,-6.89879257358,-4.43533596556,-0.0107012735747,3.82864924524,6.54135797643,7.3579162351,6.57832839731,3.50873814854,0.113866994813,-4.63198308983,-7.84635724519,-9.32167241746,-10.9827931141,-11.7039286367,-12.1171098535	0	norm	0.04	264000,,
272904	0.0,1.0,2.0,3.0,4.0,5.0,6.0,7.0,8.0,9.0,10.0,11.0,12.0,13.0,14.0,15.0,16.0,17.0,18.0,19.0	-14.8174861621,-14.028005878,-14.5473853844,-12.8654352148,-11.7976322625,-9.20422493855,-6.68538966167,-2.0829853745,0.864456478682,4.17982657155,5.38718956965,3.89012934381,1.59736409849,-2.6469828537,-6.59000167756,-9.70202654308,-12.4242763149,-13.742459884,-14.2514777268,-14.05041811	0	norm	0.04	264000,,
272030	0.0,1.0,2.0,3.0,4.0,5.0,6.0,7.0,8.0,9.0,10.0,11.0,12.0,13.0,14.0,15.0,16.0,17.0,18.0,19.0	-18.8184682084,-18.7763293964,-18.0066347565,-17.6508934572,-15.7594798986,-13.7621122643,-11.0127151139,-6.96301413692,-3.09139106272,0.581586566961,1.32199868741,-0.177202466134,-2.58548761019,-6.99385624144,-10.8809582381,-13.930223322,-16.4021549005,-17.4505256742,-17.7159931534,-19.0153550093	0	norm	0.04	264000,,
274244	0.0,1.0,2.0,3.0,4.0,5.0,6.0,7.0,8.0,9.0,10.0,11.0,12.0,13.0,14.0,15.0,16.0,17.0,18.0,19.0	-8.69855898526,-8.26812760544,-7.86823064012,-7.88282701284,-5.68290625489,-3.72993442811,-1.13264099789,3.07551954898,7.05092472326,10.0294150134,11.4125032995,9.74131941994,7.31724576817,2.94846455519,-1.10500160166,-3.55898501115,-6.3227987859,-7.6319628023,-8.46062320578,-9.03407970682	0	norm	0.04	264000,,
272298	0.0,1.0,2.0,3.0,4.0,5.0,6.0,7.0,8.0,9.0,10.0,11.0,12.0,13.0,14.0,15.0,16.0,17.0,18.0,19.0	11.9702762601,12.4207498598,12.5253664638,13.0461517683,14.301793346,16.7777699978,19.6547985355,24.3652681988,27.8390872533,30.7688319073,31.5884908937,30.7521160034,27.5860760398,24.3760648627,20.0623489362,16.3106934501,14.0401744838,12.9393135633,12.6514715819,11.528981142	0	norm	0.04	264000,,
275481	0.0,1.0,2.0,3.0,4.0,5.0,6.0,7.0,8.0,9.0,10.0,11.0,12.0,13.0,14.0,15.0,16.0,17.0,18.0,19.0	-7.54904457031,-6.47495979136,-6.79012173834,-6.25609270647,-4.33809287717,-2.36819908711,1.27799792955,4.54192558278,9.07406513814,12.1687304404,12.3202429886,11.8558299987,9.14054169417,5.21736146935,1.06155887775,-2.12976752534,-4.72258768584,-6.11474239537,-7.01434267304,-6.98452325463	0	norm	0.04	264000,,
275601	0.0,1.0,2.0,3.0,4.0,5.0,6.0,7.0,8.0,9.0,10.0,11.0,12.0,13.0,14.0,15.0,16.0,17.0,18.0,19.0	3.64169919879,4.64024121242,4.33691710238,4.93077599368,7.11923688461,9.21892101976,12.5121309784,15.8353520018,20.4958055322,22.7908342053,24.4473411684,22.7890403458,19.8739192601,16.3890070877,11.8421951332,9.48870660906,6.94548497724,5.22038706144,4.42466169657,4.48903093069	0	norm	0.04	264000,,
274205	0.0,1.0,2.0,3.0,4.0,5.0,6.0,7.0,8.0,9.0,10.0,11.0,12.0,13.0,14.0,15.0,16.0,17.0,18.0,19.0	-3.82634962979,-4.20139458973,-3.4522311645,-2.68523988943,-0.813295075158,1.40506291349,4.33553834919,8.52026744006,11.5908030648,14.572731221,15.6409967795,14.6205699846,11.6303090302,8.44857872148,4.18244943019,1.0065324337,-1.18414085488,-2.73849229339,-2.92407822987,-3.77993104629	0	norm	0.04	264000,,
274921	0.0,1.0,2.0,3.0,4.0,5.0,6.0,7.0,8.0,9.0,10.0,11.0,12.0,13.0,14.0,15.0,16.0,17.0,18.0,19.0	-7.69957848696,-8.1953118137,-7.70169405275,-7.29883310526,-5.69177301308,-3.49073912687,-0.158214400998,4.1331295455,7.9634740869,10.9026262635,12.1602011683,10.2543601979,7.67425158989,4.34772289297,-0.257506584807,-3.62642338661,-5.55703140933,-7.03083944815,-7.8447318067,-7.7180045264	0	norm	0.04	264000,,
273137	0.0,1.0,2.0,3.0,4.0,5.0,6.0,7.0,8.0,9.0,10.0,11.0,12.0,13.0,14.0,15.0,16.0,17.0,18.0,19.0	-6.29594351002,-6.08741071789,-5.44700184027,-5.12951672342,-3.10751851655,-0.717438942095,2.7024163325,6.15841520904,9.50991243695,12.6121874984,13.62291814,13.2279663212,9.74351657101,6.35480275997,2.23755246631,-1.17167528252,-3.53561399189,-4.37703241569,-4.94726753612,-6.08291343938	0	norm	0.04	264000,,
275113	0.0,1.0,2.0,3.0,4.0,5.0,6.0,7.0,8.0,9.0,10.0,11.0,12.0,13.0,14.0,15.0,16.0,17.0,18.0,19.0	10.0741322593,10.1465488205,10.7329519609,10.9427107466,11.912960603,15.0780573659,18.2336914071,22.1993346219,25.9667552369,28.9889487483,29.7936126039,28.586497143,25.1838595084,22.0560330162,18.0396268489,14.5964771797,12.1523701033,11.1950464406,10.1409026568,9.53621232161	0	norm	0.04	264000,,
274771	0.0,1.0,2.0,3.0,4.0,5.0,6.0,7.0,8.0,9.0,10.0,11.0,12.0,13.0,14.0,15.0,16.0,17.0,18.0,19.0	-8.81317568971,-8.2056548691,-7.72465092026,-7.48160772313,-5.83480905305,-3.46020755979,-0.847436429241,3.66995592791,7.71772605399,9.77213760174,11.7119770433,10.399675614,7.53969997859,3.18277042248,-0.0779799382079,-3.66518218445,-5.74528415627,-7.52237874367,-8.47270825483,-8.7018509765	0	norm	0.04	264000,,
275351	0.0,1.0,2.0,3.0,4.0,5.0,6.0,7.0,8.0,9.0,10.0,11.0,12.0,13.0,14.0,15.0,16.0,17.0,18.0,19.0	1.42284053794,0.948105619794,2.14787596415,2.82100235726,3.94987074003,5.92862178264,9.79231553034,13.502572097,17.4811019733,19.7500908579,20.9879036377,20.1760987802,17.4294973283,13.5157274499,9.47878869013,5.82494300299,3.93462535172,2.64806559539,1.40098043416,1.80253774603	0	norm	0.04	264000,,
273136	0.0,1.0,2.0,3.0,4.0,5.0,6.0,7.0,8.0,9.0,10.0,11.0,12.0,13.0,14.0,15.0,16.0,17.0,18.0,19.0	-2.89419827388,-2.53896949268,-2.08301288912,-2.06809444642,-0.21816435608,2.31764486738,5.12307353616,8.78513801626,13.4435377991,16.1323252592,17.0286064942,15.5448157923,13.3436225077,9.08897581332,5.48717623022,1.7913216732,-0.177664736597,-2.01489289216,-1.9426237383,-2.87708701597	0	norm	0.04	264000,,
274030	0.0,1.0,2.0,3.0,4.0,5.0,6.0,7.0,8.0,9.0,10.0,11.0,12.0,13.0,14.0,15.0,16.0,17.0,18.0,19.0	6.82797167468,7.49454261866,7.86623259877,8.21935689041,9.49328562331,11.6362625031,15.5462460004,19.0484484974,22.6573348875,25.612147484,27.4771676305,25.9333551406,23.0484435917,19.3677672948,15.7871914156,11.7545395737,9.76922013084,8.69587574648,7.36370934302,7.5271327362	0	norm	0.04	264000,,
272109	0.0,1.0,2.0,3.0,4.0,5.0,6.0,7.0,8.0,9.0,10.0,11.0,12.0,13.0,14.0,15.0,16.0,17.0,18.0,19.0	-18.0515357486,-17.9301199143,-17.4880703859,-16.5863483543,-14.8825027032,-12.6718785637,-9.16098151035,-6.01311309447,-1.66237743183,1.33063856355,2.36862689806,1.38319707919,-1.74670137696,-5.33433905709,-9.32167638166,-12.2792675686,-14.9514720484,-15.9879006264,-17.1380697322,-17.6247244847	0	norm	0.04	264000,,
273964	0.0,1.0,2.0,3.0,4.0,5.0,6.0,7.0,8.0,9.0,10.0,11.0,12.0,13.0,14.0,15.0,16.0,17.0,18.0,19.0	-15.108529275,-15.0046309847,-14.9068592537,-14.0946229178,-12.7853489041,-10.7726665088,-6.77349359806,-2.79846690512,0.953906547688,3.84240212729,4.468303257,3.13404451192,0.607520333773,-3.63605488778,-7.06462669172,-10.073297577,-13.0214548496,-14.2646437811,-15.0067745204,-14.8808405783	0	norm	0.04	264000,,
274552	0.0,1.0,2.0,3.0,4.0,5.0,6.0,7.0,8.0,9.0,10.0,11.0,12.0,13.0,14.0,15.0,16.0,17.0,18.0,19.0	17.0353102846,17.3611409686,17.2521882302,18.4159218003,19.2464924701,21.7033893734,24.497919387,28.7701012346,32.9580048194,35.219075502,37.012741924,35.2040791843,32.4142288647,28.5220587557,24.8714757405,21.7162443429,19.7542197944,18.4206702669,16.805583982,16.953171952	0	norm	0.04	264000,,
274447	0.0,1.0,2.0,3.0,4.0,5.0,6.0,7.0,8.0,9.0,10.0,11.0,12.0,13.0,14.0,15.0,16.0,17.0,18.0,19.0	-17.8293513233,-17.8764736972,-17.626242203,-16.5474112082,-15.5025215256,-12.640658142,-9.95446132849,-5.92960025559,-1.84458192362,1.05533233322,2.55219577713,0.63369911698,-2.06148089919,-5.97631674349,-9.51941114527,-12.6894795429,-15.0452936528,-16.6755432616,-17.6956962207,-17.8683766438	0	norm	0.04	264000,,
274192	0.0,1.0,2.0,3.0,4.0,5.0,6.0,7.0,8.0,9.0,10.0,11.0,12.0,13.0,14.0,15.0,16.0,17.0,18.0,19.0	-10.4718938221,-11.0187010755,-9.97295079171,-9.59480490116,-8.49522119337,-6.24996593654,-2.42699049373,1.56160661897,5.37936149031,7.77283501436,9.26595101661,8.06641720592,4.7373043275,1.40171922171,-2.64523981668,-6.12735581679,-8.0094333338,-9.30510746294,-10.7559165519,-10.3367455215	0	norm	0.04	264000,,
274002	0.0,1.0,2.0,3.0,4.0,5.0,6.0,7.0,8.0,9.0,10.0,11.0,12.0,13.0,14.0,15.0,16.0,17.0,18.0,19.0	4.67869505614,4.74957867543,4.68050311554,5.34846827482,7.14480095681,8.70990701918,12.6758105462,15.8811713611,19.9207375605,22.7899602679,24.0289163803,22.9572007393,20.1861726033,16.6825465572,12.0387077441,9.60219643275,7.20178803415,5.27414653824,4.28771203196,4.05425113524	0	norm	0.04	264000,,
274141	0.0,1.0,2.0,3.0,4.0,5.0,6.0,7.0,8.0,9.0,10.0,11.0,12.0,13.0,14.0,15.0,16.0,17.0,18.0,19.0	12.672662475,13.2887284606,13.436668035,13.7801223561,15.1307406753,17.924084442,21.1397378384,24.9757298958,28.287525339,31.1652266375,32.8814207585,31.6334831291,29.0725776706,25.048666205,20.4889286682,18.0648630437,15.4335870521,14.515277151,13.4706720547,12.5320580354	0	norm	0.04	264000,,
273396	0.0,1.0,2.0,3.0,4.0,5.0,6.0,7.0,8.0,9.0,10.0,11.0,12.0,13.0,14.0,15.0,16.0,17.0,18.0,19.0	-6.28938642705,-5.49814839218,-5.25386201188,-5.03061435824,-2.95911599464,-0.566307844073,1.80401233725,6.09871709073,10.2337376089,12.6156732651,14.0239068022,12.8332362463,9.75915425266,6.35932177767,2.66774309021,-0.717324399111,-3.75392794254,-4.46468701762,-5.47804426752,-5.31209504998	0	norm	0.04	264000,,
272104	0.0,1.0,2.0,3.0,4.0,5.0,6.0,7.0,8.0,9.0,10.0,11.0,12.0,13.0,14.0,15.0,16.0,17.0,18.0,19.0	13.6914754458,13.8840386581,14.4608967472,15.1840795954,16.4236956894,18.8176321903,21.5578424029,25.4490930048,29.9036984545,32.7734764002,33.9838093832,32.4497443798,29.9686744572,25.5682958718,22.3799724755,19.006515593,16.9396767185,15.4102612294,14.4554130843,14.1111084005	0	norm	0.04	264000,,
275270	0.0,1.0,2.0,3.0,4.0,5.0,6.0,7.0,8.0,9.0,10.0,11.0,12.0,13.0,14.0,15.0,16.0,17.0,18.0,19.0	18.818973129,19.0197896327,19.7022745424,20.8697484596,22.0408546911,23.7035107674,27.1704571384,30.7899948417,35.0013125343,38.176060626,39.5781903337,37.7834417395,35.0500069066,31.1402060165,27.4589325365,24.317776718,21.6109820409,20.0292350556,19.6038739179,19.5440787293	0	norm	0.04	264000,,
272995	0.0,1.0,2.0,3.0,4.0,5.0,6.0,7.0,8.0,9.0,10.0,11.0,12.0,13.0,14.0,15.0,16.0,17.0,18.0,19.0	-3.02114653643,-2.56598004607,-2.15583817288,-1.27221977533,-0.668086028138,2.3321889458,4.87992400708,8.91947468964,13.1817744265,15.9052974293,17.5205005631,16.1839928037,12.7691859363,9.03647040704,4.99878634934,2.50990669621,-0.218663359403,-1.08116241583,-1.83562997012,-3.0527073997	0	norm	0.04	264000,,
275103	0.0,1.0,2.0,3.0,4.0,5.0,6.0,7.0,8.0,9.0,10.0,11.0,12.0,13.0,14.0,15.0,16.0,17.0,18.0,19.0	3.7774657274,3.57784090071,4.18951549578,4.67162164465,6.67011275482,8.83904151492,11.860647331,16.1250587511,19.2500170797,22.0771378231,23.9395644199,22.1764480579,19.7869704665,15.6484773498,11.8605140885,8.55548513702,6.66674075577,4.80239516087,3.84602977378,3.55861460473	0	norm	0.04	264000,,
273363	0.0,1.0,2.0,3.0,4.0,5.0,6.0,7.0,8.0,9.0,10.0,11.0,12.0,13.0,14.0,15.0,16.0,17.0,18.0,19.0	18.8675288173,18.3403318369,18.6741687826,20.2534615381,21.5130868988,23.6438839401,26.9971037672,30.7930684092,34.8043175699,37.011277739,38.5504488259,37.2288983865,33.9822573327,31.0660088081,26.271597133,23.3550296794,21.1191358989,19.9225874524,19.1054509288,18.7433177891	0	norm	0.04	264000,,
272817	0.0,1.0,2.0,3.0,4.0,5.0,6.0,7.0,8.0,9.0,10.0,11.0,12.0,13.0,14.0,15.0,16.0,17.0,18.0,19.0	-18.0403635904,-18.1183987026,-17.479094019,-16.277718129,-15.0889515782,-12.8146005609,-9.71694316899,-6.15554483721,-2.17889269019,0.767725751499,2.36610713128,1.06659003806,-2.24253355318,-5.72028041564,-9.62082531815,-12.7927915281,-15.0130430764,-17.0148382859,-17.2661705444,-17.323725215	0	norm	0.04	264000,,
273876	0.0,1.0,2.0,3.0,4.0,5.0,6.0,7.0,8.0,9.0,10.0,11.0,12.0,13.0,14.0,15.0,16.0,17.0,18.0,19.0	-18.7792195366,-18.5184066062,-18.5062771993,-17.9420319333,-16.2518682407,-13.7232330363,-11.1979235523,-6.89035396125,-2.94849405133,0.112321540497,1.29219372105,-0.24207220461,-3.01542358866,-6.575740642,-11.1304171846,-13.6614969685,-16.3090863604,-18.0495517406,-18.723823398,-18.6167184565	0	norm	0.04	264000,,
273369	0.0,1.0,2.0,3.0,4.0,5.0,6.0,7.0,8.0,9.0,10.0,11.0,12.0,13.0,14.0,15.0,16.0,17.0,18.0,19.0	6.61430211581,7.30862478778,7.39923054274,8.07134648062,9.1636040933,11.9647673089,14.9227572493,19.0175355665,22.4079292701,25.756962911,26.7345959578,25.3083215515,22.5044146446,18.6588292433,14.5011405719,11.897335119,9.49975323113,7.75545919856,7.50869481639,7.44628793411	0	norm	0.04	264000,,
275825	0.0,1.0,2.0,3.0,4.0,5.0,6.0,7.0,8.0,9.0,10.0,11.0,12.0,13.0,14.0,15.0,16.0,17.0,18.0,19.0	11.4890480807,11.9878339664,12.5684624265,12.7691064038,14.6030386589,17.0124913274,19.7503605569,24.0380890368,28.078890256,30.6577649527,32.1200214887,30.1567630811,27.2916436742,24.0586720015,20.1772210034,17.1994658387,14.0881700431,13.1143050575,12.761570548,12.4311761607	0	norm	0.04	264000,,
274658	0.0,1.0,2.0,3.0,4.0,5.0,6.0,7.0,8.0,9.0,10.0,11.0,12.0,13.0,14.0,15.0,16.0,17.0,18.0,19.0	11.5804447452,11.9528269781,12.4106614981,12.9243027955,14.6644513181,16.5435060791,19.5792902552,23.8444168926,27.5352589385,30.6811952536,31.587582756,30.1682062039,27.5196115182,24.1005308244,19.9253545483,16.7040855523,14.547912322,12.7763462695,11.8189562399,11.483033643	0	norm	0.04	264000,,
275170	0.0,1.0,2.0,3.0,4.0,5.0,6.0,7.0,8.0,9.0,10.0,11.0,12.0,13.0,14.0,15.0,16.0,17.0,18.0,19.0	0.739675742615,0.831148037918,1.01324974187,2.19835753036,3.39225808035,5.58964102391,8.98077925124,12.5282775763,16.5141807676,19.2144679889,20.225002583,19.8355140955,16.7922390981,12.7389547591,9.122249425,5.2619227636,3.3004004506,2.07438161718,1.33497702754,0.379036406289	0	norm	0.04	264000,,
272900	0.0,1.0,2.0,3.0,4.0,5.0,6.0,7.0,8.0,9.0,10.0,11.0,12.0,13.0,14.0,15.0,16.0,17.0,18.0,19.0	1.6741641714,1.93364937687,2.09639832756,2.66085917327,4.65962152991,6.8922750346,9.60801055304,13.9979872822,17.6457675003,20.2679632585,22.0184401644,20.2533774143,17.4178444435,14.0228791057,10.1405829458,6.99827697479,4.55788069298,2.88888715745,1.79172347735,2.26760386112	0	norm	0.04	264000,,
272548	0.0,1.0,2.0,3.0,4.0,5.0,6.0,7.0,8.0,9.0,10.0,11.0,12.0,13.0,14.0,15.0,16.0,17.0,18.0,19.0	-5.47485840755,-5.27195205333,-4.25136474092,-3.47809008543,-2.38292494477,-0.488552857729,3.19078936201,7.30868905334,10.5732297518,13.9854163869,14.9656662139,13.5488942772,10.3087460495,6.45674298023,2.9262520041,0.0615235556664,-2.18761836264,-3.58707285799,-4.49352785072,-4.78464273158	0	norm	0.04	264000,,
274836	0.0,1.0,2.0,3.0,4.0,5.0,6.0,7.0,8.0,9.0,10.0,11.0,12.0,13.0,14.0,15.0,16.0,17.0,18.0,19.0	-4.82802600888,-4.859605168,-4.77031747025,-4.24838983205,-2.95551707588,-0.0326728407618,2.73463543858,6.50381255531,10.3887627161,13.6663057199,14.4246577031,13.8348829409,10.5611397151,6.98323128412,2.49510215897,-0.397061927133,-2.45825854443,-4.0646231435,-4.88385574647,-5.23535005008	0	norm	0.04	264000,,
273534	0.0,1.0,2.0,3.0,4.0,5.0,6.0,7.0,8.0,9.0,10.0,11.0,12.0,13.0,14.0,15.0,16.0,17.0,18.0,19.0	-16.7598619662,-16.2689902738,-15.9849544841,-15.1834715991,-14.0903012335,-11.5310953175,-8.53839379684,-4.8110459449,-1.36737563122,2.33681141273,2.78928135408,1.9877826438,-0.524663015178,-4.65220176832,-8.86725022512,-11.6782741855,-13.9536028096,-15.9575351893,-15.9289638432,-16.684996718	0	norm	0.04	264000,,
272715	0.0,1.0,2.0,3.0,4.0,5.0,6.0,7.0,8.0,9.0,10.0,11.0,12.0,13.0,14.0,15.0,16.0,17.0,18.0,19.0	15.0398505766,14.7683780113,15.127068572,15.9565839577,17.6380516859,19.3183781476,23.2555095247,27.0663191337,30.9951223337,34.0585925613,34.9281854745,33.4430415093,30.5092631939,27.2921552875,23.0345368584,19.6705677133,17.8167981402,15.8643794236,15.1786053713,15.3747871089	0	norm	0.04	264000,,
275469	0.0,1.0,2.0,3.0,4.0,5.0,6.0,7.0,8.0,9.0,10.0,11.0,12.0,13.0,14.0,15.0,16.0,17.0,18.0,19.0	9.70513864893,9.08001935282,10.3374948806,11.0901316307,12.2293406744,13.7769710237,17.3606413333,21.3280974674,25.0601769742,27.9733710677,29.6041177354,28.5613067533,24.7567472085,21.4916365358,17.9184534318,14.0610117789,11.8027999012,10.7093173427,9.81949958539,9.38978332419	0	norm	0.04	264000,,
275687	0.0,1.0,2.0,3.0,4.0,5.0,6.0,7.0,8.0,9.0,10.0,11.0,12.0,13.0,14.0,15.0,16.0,17.0,18.0,19.0	2.86976813642,2.67397384271,3.67157008986,4.05786670822,5.83894739591,7.74357500082,11.2733256529,14.5954935971,18.9849377199,21.2225186533,22.8500084851,21.3153518032,18.873756129,15.1594895867,11.4737968934,7.92315311832,5.25163946364,3.7829414623,3.46283052928,2.88441517412	0	norm	0.04	264000,,
275171	0.0,1.0,2.0,3.0,4.0,5.0,6.0,7.0,8.0,9.0,10.0,11.0,12.0,13.0,14.0,15.0,16.0,17.0,18.0,19.0	2.14198961216,1.86068338107,2.7585912317,3.77707473924,4.92981035525,7.11099728807,10.0708596876,13.9003861337,18.1169691675,20.9512998985,21.7530700668,21.0272184383,17.5700491932,14.22014694,10.5407346632,7.02190321447,4.43346507079,2.93061957452,2.33091418728,2.45613473023	0	norm	0.04	264000,,
274465	0.0,1.0,2.0,3.0,4.0,5.0,6.0,7.0,8.0,9.0,10.0,11.0,12.0,13.0,14.0,15.0,16.0,17.0,18.0,19.0	-8.18972155554,-7.94012742048,-7.89493806131,-6.38509192183,-5.2195158793,-3.17070590335,0.413311976142,4.14425037276,7.53040890678,11.2343126397,11.489192081,10.7833892691,8.01356103557,3.55355480183,0.0669267207811,-3.04529875482,-5.05273427476,-6.61983123814,-7.34276348133,-7.46048114362	0	norm	0.04	264000,,
273674	0.0,1.0,2.0,3.0,4.0,5.0,6.0,7.0,8.0,9.0,10.0,11.0,12.0,13.0,14.0,15.0,16.0,17.0,18.0,19.0	-12.1581018586,-11.8492503302,-11.5394696526,-11.2498641912,-9.44305578558,-7.08588382867,-4.44248879097,-0.0985918289349,3.02846850548,6.35758862883,7.60863740048,6.3533124639,3.81830932966,-0.397409758494,-4.12311175417,-7.30109867715,-10.2973115172,-11.1105429444,-11.7087913217,-12.7615743701	0	norm	0.04	264000,,
274404	0.0,1.0,2.0,3.0,4.0,5.0,6.0,7.0,8.0,9.0,10.0,11.0,12.0,13.0,14.0,15.0,16.0,17.0,18.0,19.0	5.08543351609,5.38929127496,5.87773213496,6.88729295277,8.13483713131,10.1470376233,13.6435104731,17.0216528211,20.774171301,23.5764141791,25.2502568243,23.7800322995,20.7942021459,17.4670826878,12.9138441311,9.92983366538,7.65310157171,6.11083160665,5.43809745996,4.96789978364	0	norm	0.04	264000,,
272505	0.0,1.0,2.0,3.0,4.0,5.0,6.0,7.0,8.0,9.0,10.0,11.0,12.0,13.0,14.0,15.0,16.0,17.0,18.0,19.0	17.4102785764,17.6330043208,18.3201829782,18.4831299989,20.3795543091,21.8427048133,25.2956917745,29.4849307101,33.5857108214,36.2981637337,37.2110617289,35.6983585427,32.8655878347,29.4831035342,25.030537468,22.0721558982,20.2503677622,19.0315373158,18.1959077587,17.0430731782	0	norm	0.04	264000,,
273088	0.0,1.0,2.0,3.0,4.0,5.0,6.0,7.0,8.0,9.0,10.0,11.0,12.0,13.0,14.0,15.0,16.0,17.0,18.0,19.0	18.2645992788,18.5974803824,18.3100385112,18.7808150581,20.9809797948,22.9814607861,26.1537228906,30.4068675913,33.4643269836,36.8802677637,37.5054973279,36.942947403,33.4665249518,30.47521383,26.2019559397,22.7752402229,20.2443836567,19.5529808529,18.9288845085,17.7948171751	0	norm	0.04	264000,,
272966	0.0,1.0,2.0,3.0,4.0,5.0,6.0,7.0,8.0,9.0,10.0,11.0,12.0,13.0,14.0,15.0,16.0,17.0,18.0,19.0	5.57623203927,6.44368624956,6.30890098839,7.21205038445,8.47551951504,11.363399947,13.731466874,18.4742522972,21.8340651412,24.9868788512,25.6642745947,25.2163172357,21.6884969586,18.0260848314,14.4670925415,11.1802478481,8.7660654008,7.07750256349,6.08570043134,6.23764122526	0	norm	0.04	264000,,
272783	0.0,1.0,2.0,3.0,4.0,5.0,6.0,7.0,8.0,9.0,10.0,11.0,12.0,13.0,14.0,15.0,16.0,17.0,18.0,19.0	-15.366003705,-14.6031260094,-14.4784477139,-14.0945727196,-12.7559988479,-10.1854392453,-6.4039442582,-3.12142961604,0.840073660639,4.11478146818,4.67786079301,4.2257576796,1.36581857323,-2.58749696155,-6.2956172273,-10.2803104042,-11.9120024446,-13.9495251842,-14.095710344,-14.6614769774	0	norm	0.04	264000,,
272370	0.0,1.0,2.0,3.0,4.0,5.0,6.0,7.0,8.0,9.0,10.0,11.0,12.0,13.0,14.0,15.0,16.0,17.0,18.0,19.0	4.34016938853,4.53729495257,5.39829854072,5.31480325688,7.00850282826,8.84756293365,12.3562053498,16.0142219084,20.1308753828,22.9655999594,24.0024951281,23.5927271424,20.3571546817,16.6806197643,12.5634648736,9.82852817379,6.85818724021,6.00613257651,4.99483570267,4.35943177324	0	norm	0.04	264000,,
272537	0.0,1.0,2.0,3.0,4.0,5.0,6.0,7.0,8.0,9.0,10.0,11.0,12.0,13.0,14.0,15.0,16.0,17.0,18.0,19.0	6.38001577535,6.90837787031,7.20680375585,7.53132777636,8.8259229259,11.0549835561,14.8236075677,18.8182260353,22.1832474147,24.9463493056,25.8937998881,25.6427882242,21.828852766,18.5721011994,14.6423741754,11.0538052122,9.13637305943,7.93456311096,6.63264747,6.40814233562	0	norm	0.04	264000,,
273207	0.0,1.0,2.0,3.0,4.0,5.0,6.0,7.0,8.0,9.0,10.0,11.0,12.0,13.0,14.0,15.0,16.0,17.0,18.0,19.0	3.85651507963,4.09865236861,4.6472977986,5.67606800468,7.28750050595,8.62711724744,12.1413093365,16.4827136368,20.5587830071,23.0331697947,24.4173684382,22.7696507297,20.3832798026,15.7790949912,12.4647343052,9.11199768297,6.82328219806,5.08215076278,5.00505216693,4.75594616957	0	norm	0.04	264000,,
274916	0.0,1.0,2.0,3.0,4.0,5.0,6.0,7.0,8.0,9.0,10.0,11.0,12.0,13.0,14.0,15.0,16.0,17.0,18.0,19.0	12.8097036118,12.6490166002,13.2218855587,14.4441384525,15.026982586,18.0044352128,20.8386829868,24.9777250895,28.797309488,31.7500409073,32.5627963932,32.0241778665,28.3492949631,24.4063794633,20.8580498054,17.6442404337,15.7626877509,13.8944504286,13.1627085471,12.7334853717	0	norm	0.04	264000,,
272959	0.0,1.0,2.0,3.0,4.0,5.0,6.0,7.0,8.0,9.0,10.0,11.0,12.0,13.0,14.0,15.0,16.0,17.0,18.0,19.0	10.6477190451,10.4175549884,11.1778576919,11.1569530343,12.4983625521,15.2462194255,18.2687920887,22.1038802501,25.760763175,29.1238894205,30.271860998,29.2516588876,26.2428568516,22.6755541891,18.799245106,15.0136490486,13.0188231379,11.5863326862,10.453687519,10.086307605	0	norm	0.04	264000,,
272093	0.0,1.0,2.0,3.0,4.0,5.0,6.0,7.0,8.0,9.0,10.0,11.0,12.0,13.0,14.0,15.0,16.0,17.0,18.0,19.0	12.9167452164,12.8121919173,13.506564126,13.845179868,14.8589327125,17.4228885599,21.0714144299,24.8841681351,28.882871779,31.2337128839,32.519655191,31.3138505628,28.5697508138,25.033439902,20.7350967919,17.3444081769,15.1387500942,13.530083095,13.1832785932,13.1189411022	0	norm	0.04	264000,,
272898	0.0,1.0,2.0,3.0,4.0,5.0,6.0,7.0,8.0,9.0,10.0,11.0,12.0,13.0,14.0,15.0,16.0,17.0,18.0,19.0	-8.17890208552,-8.4192279449,-8.25560233443,-6.78621956126,-5.93542038327,-3.85465315034,0.0285518103235,3.1538370912,7.7574330247,10.5407842336,11.5213667744,10.0364334849,7.39477137979,3.74288501648,-0.197745716755,-3.11806354165,-5.63528422334,-7.21159451252,-7.60237161379,-8.23397967015	0	norm	0.04	264000,,
272886	0.0,1.0,2.0,3.0,4.0,5.0,6.0,7.0,8.0,9.0,10.0,11.0,12.0,13.0,14.0,15.0,16.0,17.0,18.0,19.0	3.55392926268,4.12516427573,4.21932445207,5.00950641207,5.95768824558,8.67667818761,11.9606822996,15.6044159605,19.381674869,22.7254913102,23.5852119643,22.6899774151,20.0268609486,16.0109677381,12.0360078447,8.6883654447,6.60916359058,4.67235657481,4.14673346436,3.46893641023	0	norm	0.04	264000,,
272390	0.0,1.0,2.0,3.0,4.0,5.0,6.0,7.0,8.0,9.0,10.0,11.0,12.0,13.0,14.0,15.0,16.0,17.0,18.0,19.0	-19.1754568703,-18.8273476699,-18.3691002989,-17.341055602,-16.4974973625,-13.6054896501,-10.9226545102,-7.31496766359,-2.63908750201,-0.164479381744,0.886084576621,-0.667324598238,-2.94668642991,-6.84630693787,-10.5010078988,-14.2002714023,-16.8108189863,-18.1337770958,-18.4456919996,-19.0663144716	0	norm	0.04	264000,,
273493	0.0,1.0,2.0,3.0,4.0,5.0,6.0,7.0,8.0,9.0,10.0,11.0,12.0,13.0,14.0,15.0,16.0,17.0,18.0,19.0	-7.95391125268,-7.50211911676,-7.11573860769,-6.26645558467,-5.24408581831,-3.2331394264,0.84163671802,4.65478606385,8.60075319825,11.2965894349,12.2372893535,11.0539144511,7.76906169246,4.06346745981,0.662979545794,-2.49472055475,-4.80314737708,-6.23889608419,-7.03897381086,-7.62158051219	0	norm	0.04	264000,,
273152	0.0,1.0,2.0,3.0,4.0,5.0,6.0,7.0,8.0,9.0,10.0,11.0,12.0,13.0,14.0,15.0,16.0,17.0,18.0,19.0	17.4170892708,17.4304847796,18.1634996741,18.925877321,20.1521082254,22.7374694481,25.821341222,29.7060129342,33.3683662057,36.3863353196,37.4570297025,36.6115941954,33.7903841993,29.9641617057,25.2986110641,22.5979284599,20.3239455198,18.6462235012,18.6203366524,18.2694594344	0	norm	0.04	264000,,
273068	0.0,1.0,2.0,3.0,4.0,5.0,6.0,7.0,8.0,9.0,10.0,11.0,12.0,13.0,14.0,15.0,16.0,17.0,18.0,19.0	19.6401253026,19.6966116674,20.3409966047,21.4217979637,22.8642257683,24.8316965682,28.2753704092,31.6291630835,35.2760069382,38.9149442306,39.7354851396,38.6269626264,35.7174136668,32.167634963,27.6643989974,25.1684989939,22.5537902079,20.6912640441,20.6956545716,20.2285112411	0	norm	0.04	264000,,
274605	0.0,1.0,2.0,3.0,4.0,5.0,6.0,7.0,8.0,9.0,10.0,11.0,12.0,13.0,14.0,15.0,16.0,17.0,18.0,19.0	8.26837776836,9.09219765515,8.77930050206,9.63491043128,10.9123210043,13.4166676671,16.2701553063,20.7628297795,24.6625717463,27.6448440454,28.3253302268,27.4530733205,24.544489604,20.6677753004,16.8399648126,13.7665447298,11.0260103648,9.3467922762,8.99245541756,8.22008792545	0	norm	0.04	264000,,
275162	0.0,1.0,2.0,3.0,4.0,5.0,6.0,7.0,8.0,9.0,10.0,11.0,12.0,13.0,14.0,15.0,16.0,17.0,18.0,19.0	-8.15194104746,-8.31881518065,-7.60753254988,-6.92907700452,-5.42016836664,-3.8720649332,-0.602528434256,3.37686946757,8.05152077322,10.4870841841,11.6293976432,10.1698110775,7.49994947023,3.61812071925,-0.272060112234,-3.46741301,-5.59211599589,-7.07429255445,-8.04720052172,-7.73390182826	0	norm	0.04	264000,,
274528	0.0,1.0,2.0,3.0,4.0,5.0,6.0,7.0,8.0,9.0,10.0,11.0,12.0,13.0,14.0,15.0,16.0,17.0,18.0,19.0	-6.28951533686,-6.8735498504,-6.36929076351,-5.76004790873,-4.09699343668,-2.17759025749,1.11892988697,5.33693990436,9.51054756301,12.5886252988,13.2819201629,11.9621042111,9.11384130198,5.33072398282,1.51386373917,-1.66190983053,-4.1524839822,-5.13328231301,-6.42597002082,-6.89503690808	0	norm	0.04	264000,,
274263	0.0,1.0,2.0,3.0,4.0,5.0,6.0,7.0,8.0,9.0,10.0,11.0,12.0,13.0,14.0,15.0,16.0,17.0,18.0,19.0	18.2130827776,18.2716130944,18.7129829405,19.7110863707,20.8580147139,22.6581665431,25.84850845,29.7398077686,33.9313472307,36.3707200781,37.8767996761,37.2821329419,33.7088470958,30.0887836853,26.4080397447,22.9775245076,20.3152610701,19.4607212986,18.5297789557,17.8255563675	0	norm	0.04	264000,,
272021	0.0,1.0,2.0,3.0,4.0,5.0,6.0,7.0,8.0,9.0,10.0,11.0,12.0,13.0,14.0,15.0,16.0,17.0,18.0,19.0	15.039604331,14.9292884001,15.7762156647,16.2137267087,17.6306584656,20.3086582744,23.2365391997,26.6390590926,31.2441580158,34.0927461882,34.6779582858,33.4630698971,30.9205325887,26.8231259043,23.5261451769,19.7300902349,17.9489210931,15.8272211324,15.5709484863,15.0707044766	0	norm	0.04	264000,,
275047	0.0,1.0,2.0,3.0,4.0,5.0,6.0,7.0,8.0,9.0,10.0,11.0,12.0,13.0,14.0,15.0,16.0,17.0,18.0,19.0	15.3246356428,15.1708094137,15.1427521692,15.9352382286,17.5760838192,20.095970049,23.4746126642,27.1048729859,30.8844011425,33.2596347418,35.0960703095,33.1960333638,30.5897731471,26.7597571943,23.3239990693,20.2088624359,17.8722398114,16.1292361488,15.5541528726,15.3083230725	0	norm	0.04	264000,,
275356	0.0,1.0,2.0,3.0,4.0,5.0,6.0,7.0,8.0,9.0,10.0,11.0,12.0,13.0,14.0,15.0,16.0,17.0,18.0,19.0	12.1999322448,12.5995408372,12.4878768928,13.8580793401,15.3456729323,17.6980545064,20.3228114871,24.0275732574,28.5131897076,31.3744384469,32.7412822606,31.2930729776,28.4588120772,24.9431187635,20.1914030808,17.6191655487,14.9177876653,13.542390276,12.5876308728,12.5856885768	0	norm	0.04	264000,,
274051	0.0,1.0,2.0,3.0,4.0,5.0,6.0,7.0,8.0,9.0,10.0,11.0,12.0,13.0,14.0,15.0,16.0,17.0,18.0,19.0	12.7188837354,12.8298264654,13.6994765006,14.580698702,15.5441829873,17.8862804245,21.1382546436,24.8183940007,28.4607083286,32.1945811616,32.4507999635,31.3277744597,28.7289670738,24.9553884476,21.5367559121,17.5375879091,15.6176921113,14.4159238147,13.6892765239,12.7747554185	0	norm	0.04	264000,,
275827	0.0,1.0,2.0,3.0,4.0,5.0,6.0,7.0,8.0,9.0,10.0,11.0,12.0,13.0,14.0,15.0,16.0,17.0,18.0,19.0	-8.58427614614,-7.8700785293,-7.88260942861,-7.17526114124,-6.26028447976,-3.85253188943,-0.0504426160617,3.21666396957,7.3577609888,10.3989351224,11.44930813,9.84901767301,7.47711233721,3.30857703895,-0.141013917151,-3.99089337482,-5.39804597821,-7.13172987621,-7.80363662224,-8.52786533561	0	norm	0.04	264000,,
274797	0.0,1.0,2.0,3.0,4.0,5.0,6.0,7.0,8.0,9.0,10.0,11.0,12.0,13.0,14.0,15.0,16.0,17.0,18.0,19.0	-10.3796636356,-11.0883159731,-10.5750027377,-9.18871205314,-8.35315892372,-6.25894360328,-2.9782779733,1.196463158,5.15521838885,8.35982736262,8.98406767887,7.76103334493,5.31146114486,0.984844108188,-2.46012695808,-6.1705777759,-7.93952832749,-9.12364125552,-9.90017181497,-11.0338235781	0	norm	0.04	264000,,
275741	0.0,1.0,2.0,3.0,4.0,5.0,6.0,7.0,8.0,9.0,10.0,11.0,12.0,13.0,14.0,15.0,16.0,17.0,18.0,19.0	-14.4545624811,-14.4035988492,-14.6568942707,-13.7008117457,-12.0362235423,-9.97767848952,-7.07725270225,-2.53987692631,0.560541998744,3.96956855696,4.69937059824,3.71220705511,0.998850609725,-2.75787727753,-6.30428537489,-10.0418070437,-12.0196430282,-13.1938508623,-14.1756670162,-14.5388064286	0	norm	0.04	264000,,
275822	0.0,1.0,2.0,3.0,4.0,5.0,6.0,7.0,8.0,9.0,10.0,11.0,12.0,13.0,14.0,15.0,16.0,17.0,18.0,19.0	0.829858075943,1.18508143405,1.15915657298,2.27906012226,3.03931029653,5.76542629696,8.49064999959,13.2007666659,17.0760443167,19.0264782095,20.6706730902,19.8139419478,16.4321878682,12.9846934736,8.41911907376,5.95079549444,2.91941928138,1.76765826026,0.744949035525,1.14509116761	0	norm	0.04	264000,,
273087	0.0,1.0,2.0,3.0,4.0,5.0,6.0,7.0,8.0,9.0,10.0,11.0,12.0,13.0,14.0,15.0,16.0,17.0,18.0,19.0	-17.1918806925,-16.5221556395,-16.0309779435,-15.8527831269,-14.1162152079,-11.9511155162,-8.5342480577,-4.60193305338,-1.1477976242,2.13287838359,2.70677763594,2.21327136733,-1.18632326113,-4.87086559679,-8.91360367272,-12.2027555337,-14.39782474,-15.2582350193,-16.5938125095,-16.2931321907	0	norm	0.04	264000,,
272162	0.0,1.0,2.0,3.0,4.0,5.0,6.0,7.0,8.0,9.0,10.0,11.0,12.0,13.0,14.0,15.0,16.0,17.0,18.0,19.0	-10.4588923899,-9.96491293287,-10.1668324815,-8.85610917406,-7.79886247474,-5.91833587524,-2.85330875207,1.55277867413,5.05408245475,8.61764321406,9.59765153562,7.78429626757,4.92825318546,1.591636534,-2.16691858596,-5.68118880877,-8.26172148647,-9.52026619421,-10.1130555905,-10.7873348856	0	norm	0.04	264000,,
274053	0.0,1.0,2.0,3.0,4.0,5.0,6.0,7.0,8.0,9.0,10.0,11.0,12.0,13.0,14.0,15.0,16.0,17.0,18.0,19.0	5.91161104419,6.16757566195,6.61070103471,6.90739193898,8.77151251509,10.3075155911,14.1515272678,17.8193222867,21.8042827089,24.4877237316,25.9148763386,24.8247273431,21.4092261977,17.5012727929,13.6784919252,10.3383164234,8.66808930607,7.44771501175,5.92052402895,6.39234501871	0	norm	0.04	264000,,
275623	0.0,1.0,2.0,3.0,4.0,5.0,6.0,7.0,8.0,9.0,10.0,11.0,12.0,13.0,14.0,15.0,16.0,17.0,18.0,19.0	8.67586509541,8.83812783459,9.57854111846,10.4254931285,11.3114273377,13.9735792357,17.0559232784,21.6717051215,25.4200551486,27.691334619,28.7294279122,27.694542434,25.5325928866,20.8927819577,17.3208205468,14.271805415,11.5418150636,10.4059000009,10.1033047715,9.60144089098	0	norm	0.04	264000,,
275214	0.0,1.0,2.0,3.0,4.0,5.0,6.0,7.0,8.0,9.0,10.0,11.0,12.0,13.0,14.0,15.0,16.0,17.0,18.0,19.0	-9.20576740512,-9.1350253092,-7.92223665307,-7.84196738762,-6.17299704085,-3.70155197039,-0.302821359805,3.47809913093,6.61721044672,9.45192108044,11.4255583302,9.54019322553,7.26160236141,2.9501992649,-0.486848994781,-4.07020088089,-6.48957593819,-8.06237853021,-7.91511569385,-8.59215043544	0	norm	0.04	264000,,
275097	0.0,1.0,2.0,3.0,4.0,5.0,6.0,7.0,8.0,9.0,10.0,11.0,12.0,13.0,14.0,15.0,16.0,17.0,18.0,19.0	12.7614296228,12.1633340751,13.1052459447,13.7789809474,14.8219016949,17.310979625,20.6473966694,24.8469296111,27.9046653262,30.6888992104,32.2384692563,31.5367321184,28.6217522558,24.8634811011,20.7701347904,17.3981993521,15.3114879867,13.2135600029,12.3879971012,12.9985830316	0	norm	0.04	264000,,
275223	0.0,1.0,2.0,3.0,4.0,5.0,6.0,7.0,8.0,9.0,10.0,11.0,12.0,13.0,14.0,15.0,16.0,17.0,18.0,19.0	-11.1096303632,-11.5494298453,-10.9624573924,-10.0763299082,-9.15999914094,-7.09081557102,-3.66441871612,0.410100857186,4.69455852219,6.77241221963,8.56314672009,6.7593902733,4.13789935683,-0.0242906320683,-3.6749634399,-6.38839686377,-9.38842719466,-10.4074937749,-11.1956512649,-11.0932376841	0	norm	0.04	264000,,
274520	0.0,1.0,2.0,3.0,4.0,5.0,6.0,7.0,8.0,9.0,10.0,11.0,12.0,13.0,14.0,15.0,16.0,17.0,18.0,19.0	12.7211844003,12.248129838,13.2245757551,13.2853242084,14.5963714359,17.6515030965,20.5309834306,24.1261373571,28.0608803001,31.5351055926,31.9862642853,31.1843803722,27.9545063358,24.3191384727,20.1600500377,16.8011662232,15.1603583574,13.9639888319,13.0878736523,12.9240250986	0	norm	0.04	264000,,
272163	0.0,1.0,2.0,3.0,4.0,5.0,6.0,7.0,8.0,9.0,10.0,11.0,12.0,13.0,14.0,15.0,16.0,17.0,18.0,19.0	-6.83679628801,-6.71067831623,-6.26481458173,-5.59595397146,-4.34173800832,-2.2004749229,1.13319489966,5.34848725478,8.93444863791,12.0703604642,12.540607939,11.8481020429,8.36741916331,5.44917818993,1.28478945745,-1.80991908526,-4.7271332577,-5.50981686612,-6.38753725033,-7.32107820757	0	norm	0.04	264000,,
272242	0.0,1.0,2.0,3.0,4.0,5.0,6.0,7.0,8.0,9.0,10.0,11.0,12.0,13.0,14.0,15.0,16.0,17.0,18.0,19.0	5.39340335434,6.2245624663,6.13102768449,6.69586806092,8.05849074524,10.5720289813,13.2337127218,17.5042784453,21.3540731777,24.8340196338,25.1736826839,24.27976219,21.8994735284,17.4825056688,14.0904994187,10.6706967486,8.69477585073,7.11776694509,5.87946466601,5.26405173154	0	norm	0.04	264000,,
274950	0.0,1.0,2.0,3.0,4.0,5.0,6.0,7.0,8.0,9.0,10.0,11.0,12.0,13.0,14.0,15.0,16.0,17.0,18.0,19.0	10.6722723227,10.5408288282,11.2919091345,11.7094922317,13.2789312174,15.5340970536,18.9243771622,22.6845198923,26.1218523521,29.3871487868,30.9873401191,29.3711361532,26.7964108825,22.4065426226,18.5182649512,15.892529614,13.2955941652,11.6045479134,10.7605950712,10.3119584825	0	norm	0.04	264000